10000	-11.0
20000	-6.0
30000	-6.0
40000	-3.0
50000	-11.0
60000	-12.0
70000	-14.0
80000	-5.0
90000	-12.0
100000	-10.0
110000	-7.0
120000	-11.0
130000	-14.0
140000	-6.0
150000	-18.0
160000	-1.0
170000	-20.0
180000	-14.0
190000	-4.0
200000	-14.0
210000	-15.0
220000	-13.0
230000	-6.0
240000	-9.0
250000	-15.0
260000	-15.0
270000	-9.0
280000	-14.0
290000	-11.0
300000	-12.0
310000	-23.0
320000	-35.0
330000	-16.0
340000	-20.0
350000	-24.0
360000	-21.0
370000	-42.0
380000	-28.0
390000	-30.0
400000	-17.0
410000	-27.0
420000	-34.0
430000	-34.0
440000	-27.0
450000	-7.0
460000	56.0
470000	136.0
480000	126.0
490000	162.0
500000	162.0
510000	339.0
520000	446.0
530000	469.0
540000	468.0
550000	473.0
560000	474.0
570000	460.0
580000	463.0
590000	473.0
600000	460.0
610000	461.0
620000	474.0
630000	466.0
640000	472.0
650000	471.0
660000	463.0
670000	427.0
680000	476.0
690000	473.0
700000	462.0
710000	470.0
720000	459.0
730000	469.0
740000	473.0
750000	456.0
760000	440.0
770000	468.0
780000	459.0
790000	470.0
800000	460.0
810000	472.0
820000	474.0
830000	467.0
840000	472.0
850000	481.0
860000	476.0
870000	482.0
880000	472.0
890000	474.0
900000	460.0
910000	473.0
920000	464.0
930000	459.0
940000	466.0
950000	469.0
960000	450.0
970000	466.0
980000	332.0
990000	476.0
1000000	475.0
1010000	455.0
1020000	471.0
1030000	454.0
1040000	472.0
1050000	462.0
1060000	469.0
1070000	479.0
1080000	476.0
1090000	476.0
1100000	467.0
1110000	472.0
1120000	477.0
1130000	458.0
1140000	464.0
1150000	467.0
1160000	450.0
1170000	471.0
1180000	461.0
1190000	464.0
1200000	428.0
1210000	482.0
1220000	463.0
1230000	465.0
1240000	450.0
1250000	470.0
1260000	468.0
1270000	470.0
1280000	475.0
1290000	470.0
1300000	473.0
1310000	474.0
1320000	460.0
1330000	462.0
1340000	473.0
1350000	463.0
1360000	474.0
1370000	463.0
1380000	474.0
1390000	469.0
1400000	463.0
1410000	466.0
1420000	474.0
1430000	467.0
1440000	479.0
1450000	451.0
1460000	473.0
1470000	478.0
1480000	478.0
1490000	473.0
1500000	475.0
1510000	472.0
1520000	465.0
1530000	464.0
1540000	466.0
1550000	472.0
1560000	465.0
1570000	469.0
1580000	472.0
1590000	474.0
1600000	467.0
1610000	469.0
1620000	468.0
1630000	476.0
1640000	462.0
1650000	472.0
1660000	470.0
1670000	473.0
1680000	468.0
1690000	466.0
1700000	478.0
1710000	466.0
1720000	474.0
1730000	457.0
1740000	477.0
1750000	470.0
1760000	466.0
1770000	459.0
1780000	465.0
1790000	465.0
1800000	469.0
1810000	453.0
1820000	470.0
1830000	465.0
1840000	418.0
1850000	477.0
1860000	476.0
1870000	474.0
1880000	472.0
1890000	474.0
1900000	465.0
1910000	467.0
1920000	481.0
1930000	464.0
1940000	461.0
1950000	470.0
1960000	471.0
1970000	471.0
1980000	484.0
1990000	470.0
2000000	477.0
