10000	-6.0
20000	-5.0
30000	-14.0
40000	-11.0
50000	-4.0
60000	-4.0
70000	-14.0
80000	-27.0
90000	-11.0
100000	-3.0
110000	-7.0
120000	-18.0
130000	-15.0
140000	-22.0
150000	-14.0
160000	-6.0
170000	-6.0
180000	-23.0
190000	-4.0
200000	-8.0
210000	-9.0
220000	-20.0
230000	-8.0
240000	-12.0
250000	-2.0
260000	-5.0
270000	-20.0
280000	-13.0
290000	-12.0
300000	-3.0
310000	-22.0
320000	-17.0
330000	-24.0
340000	-29.0
350000	-40.0
360000	-38.0
370000	-44.0
380000	-44.0
390000	-58.0
400000	-39.0
410000	-37.0
420000	-17.0
430000	-19.0
440000	-34.0
450000	-41.0
460000	-36.0
470000	-40.0
480000	-33.0
490000	-26.0
500000	-19.0
510000	-7.0
520000	-6.0
530000	-38.0
540000	-32.0
550000	-27.0
560000	-19.0
570000	3.0
580000	-4.0
590000	-8.0
600000	-4.0
610000	-15.0
620000	0.0
630000	8.0
640000	7.0
650000	22.0
660000	36.0
670000	35.0
680000	99.0
690000	123.0
700000	243.0
710000	394.0
720000	257.0
730000	458.0
740000	469.0
750000	428.0
760000	456.0
770000	461.0
780000	454.0
790000	464.0
800000	461.0
810000	401.0
820000	470.0
830000	463.0
840000	464.0
850000	457.0
860000	448.0
870000	461.0
880000	465.0
890000	464.0
900000	454.0
910000	464.0
920000	471.0
930000	462.0
940000	451.0
950000	467.0
960000	469.0
970000	465.0
980000	476.0
990000	470.0
1000000	464.0
1010000	455.0
1020000	463.0
1030000	454.0
1040000	459.0
1050000	463.0
1060000	461.0
1070000	419.0
1080000	452.0
1090000	461.0
1100000	474.0
1110000	464.0
1120000	474.0
1130000	468.0
1140000	446.0
1150000	473.0
1160000	470.0
1170000	447.0
1180000	474.0
1190000	455.0
1200000	470.0
1210000	466.0
1220000	449.0
1230000	438.0
1240000	467.0
1250000	472.0
1260000	465.0
1270000	468.0
1280000	464.0
1290000	472.0
1300000	466.0
1310000	463.0
1320000	452.0
1330000	464.0
1340000	455.0
1350000	463.0
1360000	469.0
1370000	467.0
1380000	461.0
1390000	468.0
1400000	468.0
1410000	469.0
1420000	470.0
1430000	469.0
1440000	464.0
1450000	474.0
1460000	467.0
1470000	471.0
1480000	453.0
1490000	457.0
1500000	462.0
1510000	472.0
1520000	472.0
1530000	462.0
1540000	467.0
1550000	462.0
1560000	463.0
1570000	476.0
1580000	475.0
1590000	466.0
1600000	473.0
1610000	482.0
1620000	468.0
1630000	459.0
1640000	465.0
1650000	469.0
1660000	471.0
1670000	466.0
1680000	466.0
1690000	472.0
1700000	479.0
1710000	470.0
1720000	448.0
1730000	472.0
1740000	463.0
1750000	467.0
1760000	471.0
1770000	454.0
1780000	462.0
1790000	459.0
1800000	458.0
1810000	466.0
1820000	465.0
1830000	458.0
1840000	464.0
1850000	470.0
1860000	466.0
1870000	484.0
1880000	464.0
1890000	472.0
1900000	473.0
1910000	472.0
1920000	472.0
1930000	473.0
1940000	465.0
1950000	462.0
1960000	471.0
1970000	471.0
1980000	469.0
1990000	463.0
2000000	469.0
