10000	-4.0
20000	-3.0
30000	-12.0
40000	-8.0
50000	-14.0
60000	-3.0
70000	-9.0
80000	-5.0
90000	-14.0
100000	-15.0
110000	-27.0
120000	-13.0
130000	-10.0
140000	-11.0
150000	-2.0
160000	-14.0
170000	-14.0
180000	-3.0
190000	-19.0
200000	-7.0
210000	-5.0
220000	0.0
230000	-4.0
240000	-11.0
250000	-15.0
260000	-4.0
270000	-9.0
280000	-8.0
290000	-14.0
300000	-6.0
310000	-20.0
320000	-23.0
330000	-28.0
340000	-28.0
350000	-40.0
360000	-43.0
370000	-52.0
380000	-46.0
390000	-27.0
400000	-22.0
410000	-12.0
420000	-26.0
430000	-23.0
440000	-23.0
450000	-37.0
460000	-38.0
470000	-34.0
480000	-19.0
490000	-14.0
500000	-6.0
510000	7.0
520000	9.0
530000	14.0
540000	52.0
550000	73.0
560000	84.0
570000	115.0
580000	46.0
590000	48.0
600000	102.0
610000	100.0
620000	86.0
630000	201.0
640000	167.0
650000	207.0
660000	127.0
670000	219.0
680000	202.0
690000	268.0
700000	281.0
710000	304.0
720000	311.0
730000	286.0
740000	280.0
750000	321.0
760000	311.0
770000	338.0
780000	283.0
790000	308.0
800000	281.0
810000	320.0
820000	273.0
830000	322.0
840000	324.0
850000	401.0
860000	238.0
870000	352.0
880000	305.0
890000	244.0
900000	383.0
910000	387.0
920000	375.0
930000	422.0
940000	457.0
950000	472.0
960000	457.0
970000	471.0
980000	455.0
990000	467.0
1000000	430.0
1010000	462.0
1020000	439.0
1030000	425.0
1040000	396.0
1050000	424.0
1060000	452.0
1070000	381.0
1080000	457.0
1090000	458.0
1100000	446.0
1110000	456.0
1120000	314.0
1130000	458.0
1140000	430.0
1150000	398.0
1160000	453.0
1170000	448.0
1180000	470.0
1190000	468.0
1200000	453.0
1210000	462.0
1220000	442.0
1230000	450.0
1240000	456.0
1250000	430.0
1260000	412.0
1270000	408.0
1280000	462.0
1290000	453.0
1300000	448.0
1310000	444.0
1320000	462.0
1330000	447.0
1340000	461.0
1350000	449.0
1360000	422.0
1370000	427.0
1380000	413.0
1390000	455.0
1400000	474.0
1410000	448.0
1420000	474.0
1430000	462.0
1440000	476.0
1450000	459.0
1460000	469.0
1470000	423.0
1480000	392.0
1490000	414.0
1500000	405.0
1510000	461.0
1520000	466.0
1530000	454.0
1540000	250.0
1550000	458.0
1560000	471.0
1570000	455.0
1580000	469.0
1590000	464.0
1600000	439.0
1610000	365.0
1620000	424.0
1630000	467.0
1640000	470.0
1650000	456.0
1660000	467.0
1670000	470.0
1680000	470.0
1690000	466.0
1700000	434.0
1710000	452.0
1720000	411.0
1730000	421.0
1740000	463.0
1750000	464.0
1760000	453.0
1770000	453.0
1780000	461.0
1790000	463.0
1800000	468.0
1810000	429.0
1820000	459.0
1830000	458.0
1840000	435.0
1850000	449.0
1860000	442.0
1870000	466.0
1880000	452.0
1890000	471.0
1900000	440.0
1910000	460.0
1920000	448.0
1930000	461.0
1940000	454.0
1950000	433.0
1960000	414.0
1970000	428.0
1980000	454.0
1990000	466.0
2000000	469.0
