10000	-11.0
20000	-14.0
30000	-10.0
40000	-8.0
50000	-7.0
60000	-17.0
70000	-5.0
80000	-10.0
90000	-5.0
100000	-12.0
110000	-8.0
120000	-14.0
130000	-17.0
140000	-12.0
150000	-14.0
160000	-13.0
170000	-2.0
180000	-12.0
190000	-16.0
200000	-9.0
210000	-16.0
220000	-12.0
230000	-13.0
240000	-18.0
250000	-19.0
260000	-18.0
270000	-6.0
280000	-12.0
290000	-5.0
300000	-17.0
310000	-16.0
320000	-1.0
330000	-5.0
340000	-10.0
350000	-10.0
360000	-8.0
370000	-19.0
380000	-20.0
390000	-26.0
400000	-39.0
410000	-45.0
420000	-39.0
430000	-43.0
440000	-36.0
450000	-40.0
460000	-22.0
470000	-13.0
480000	-10.0
490000	-11.0
500000	-2.0
510000	-6.0
520000	-14.0
530000	-1.0
540000	-10.0
550000	-2.0
560000	16.0
570000	13.0
580000	61.0
590000	65.0
600000	198.0
610000	294.0
620000	461.0
630000	446.0
640000	459.0
650000	434.0
660000	450.0
670000	469.0
680000	463.0
690000	469.0
700000	465.0
710000	464.0
720000	454.0
730000	474.0
740000	428.0
750000	459.0
760000	467.0
770000	460.0
780000	466.0
790000	478.0
800000	468.0
810000	475.0
820000	474.0
830000	467.0
840000	473.0
850000	465.0
860000	458.0
870000	464.0
880000	461.0
890000	473.0
900000	467.0
910000	467.0
920000	468.0
930000	434.0
940000	463.0
950000	481.0
960000	471.0
970000	471.0
980000	466.0
990000	458.0
1000000	464.0
1010000	465.0
1020000	469.0
1030000	475.0
1040000	473.0
1050000	474.0
1060000	461.0
1070000	462.0
1080000	468.0
1090000	460.0
1100000	460.0
1110000	477.0
1120000	468.0
1130000	457.0
1140000	460.0
1150000	467.0
1160000	466.0
1170000	479.0
1180000	472.0
1190000	464.0
1200000	473.0
1210000	460.0
1220000	457.0
1230000	479.0
1240000	476.0
1250000	477.0
1260000	467.0
1270000	471.0
1280000	474.0
1290000	461.0
1300000	472.0
1310000	470.0
1320000	465.0
1330000	467.0
1340000	479.0
1350000	478.0
1360000	470.0
1370000	464.0
1380000	463.0
1390000	473.0
1400000	467.0
1410000	477.0
1420000	456.0
1430000	475.0
1440000	471.0
1450000	458.0
1460000	477.0
1470000	470.0
1480000	463.0
1490000	473.0
1500000	473.0
1510000	475.0
1520000	475.0
1530000	472.0
1540000	470.0
1550000	467.0
1560000	478.0
1570000	457.0
1580000	476.0
1590000	477.0
1600000	465.0
1610000	469.0
1620000	470.0
1630000	459.0
1640000	470.0
1650000	469.0
1660000	459.0
1670000	469.0
1680000	472.0
1690000	472.0
1700000	471.0
1710000	466.0
1720000	463.0
1730000	478.0
1740000	480.0
1750000	471.0
1760000	470.0
1770000	481.0
1780000	470.0
1790000	470.0
1800000	476.0
1810000	467.0
1820000	467.0
1830000	479.0
1840000	466.0
1850000	476.0
1860000	469.0
1870000	468.0
1880000	467.0
1890000	471.0
1900000	474.0
1910000	455.0
1920000	456.0
1930000	465.0
1940000	475.0
1950000	473.0
1960000	468.0
1970000	480.0
1980000	475.0
1990000	471.0
2000000	472.0
