10000	-11.0
20000	-5.0
30000	-11.0
40000	0.0
50000	-5.0
60000	-14.0
70000	-24.0
80000	-14.0
90000	-23.0
100000	-3.0
110000	-19.0
120000	-2.0
130000	-7.0
140000	-13.0
150000	-6.0
160000	-9.0
170000	-15.0
180000	-9.0
190000	-11.0
200000	2.0
210000	-11.0
220000	-10.0
230000	-8.0
240000	-13.0
250000	-7.0
260000	-2.0
270000	-14.0
280000	-35.0
290000	-19.0
300000	-36.0
310000	-28.0
320000	-48.0
330000	-48.0
340000	-21.0
350000	-31.0
360000	-7.0
370000	-1.0
380000	-10.0
390000	-59.0
400000	-25.0
410000	-26.0
420000	-5.0
430000	-2.0
440000	6.0
450000	30.0
460000	24.0
470000	0.0
480000	40.0
490000	32.0
500000	30.0
510000	88.0
520000	55.0
530000	109.0
540000	291.0
550000	228.0
560000	280.0
570000	249.0
580000	244.0
590000	346.0
600000	342.0
610000	305.0
620000	284.0
630000	331.0
640000	321.0
650000	334.0
660000	337.0
670000	313.0
680000	301.0
690000	350.0
700000	341.0
710000	318.0
720000	327.0
730000	359.0
740000	304.0
750000	295.0
760000	342.0
770000	278.0
780000	369.0
790000	353.0
800000	356.0
810000	298.0
820000	337.0
830000	289.0
840000	306.0
850000	310.0
860000	352.0
870000	375.0
880000	351.0
890000	356.0
900000	310.0
910000	314.0
920000	315.0
930000	335.0
940000	267.0
950000	342.0
960000	368.0
970000	354.0
980000	335.0
990000	332.0
1000000	321.0
1010000	356.0
1020000	348.0
1030000	364.0
1040000	334.0
1050000	292.0
1060000	325.0
1070000	346.0
1080000	309.0
1090000	330.0
1100000	330.0
1110000	368.0
1120000	363.0
1130000	355.0
1140000	365.0
1150000	366.0
1160000	302.0
1170000	337.0
1180000	378.0
1190000	315.0
1200000	336.0
1210000	269.0
1220000	333.0
1230000	385.0
1240000	339.0
1250000	374.0
1260000	374.0
1270000	346.0
1280000	318.0
1290000	326.0
1300000	304.0
1310000	304.0
1320000	343.0
1330000	323.0
1340000	342.0
1350000	298.0
1360000	328.0
1370000	344.0
1380000	311.0
1390000	336.0
1400000	335.0
1410000	339.0
1420000	345.0
1430000	323.0
1440000	108.0
1450000	381.0
1460000	377.0
1470000	348.0
1480000	363.0
1490000	329.0
1500000	357.0
1510000	342.0
1520000	305.0
1530000	320.0
1540000	354.0
1550000	348.0
1560000	356.0
1570000	346.0
1580000	348.0
1590000	371.0
1600000	363.0
1610000	325.0
1620000	369.0
1630000	352.0
1640000	370.0
1650000	377.0
1660000	373.0
1670000	322.0
1680000	359.0
1690000	349.0
1700000	349.0
1710000	299.0
1720000	281.0
1730000	339.0
1740000	375.0
1750000	370.0
1760000	376.0
1770000	352.0
1780000	394.0
1790000	371.0
1800000	346.0
1810000	361.0
1820000	338.0
1830000	261.0
1840000	347.0
1850000	310.0
1860000	332.0
1870000	359.0
1880000	362.0
1890000	317.0
1900000	301.0
1910000	391.0
1920000	330.0
1930000	322.0
1940000	305.0
1950000	273.0
1960000	366.0
1970000	348.0
1980000	353.0
1990000	329.0
2000000	319.0
