10000	-26.0
20000	-7.0
30000	-14.0
40000	-13.0
50000	-5.0
60000	-10.0
70000	-17.0
80000	-14.0
90000	-9.0
100000	-16.0
110000	-21.0
120000	-14.0
130000	-5.0
140000	-12.0
150000	-17.0
160000	-8.0
170000	-8.0
180000	-3.0
190000	-18.0
200000	-7.0
210000	-9.0
220000	-7.0
230000	-8.0
240000	-10.0
250000	0.0
260000	-7.0
270000	-23.0
280000	-27.0
290000	-33.0
300000	-27.0
310000	-28.0
320000	-26.0
330000	-20.0
340000	-12.0
350000	-42.0
360000	-29.0
370000	-17.0
380000	-20.0
390000	-29.0
400000	-31.0
410000	-34.0
420000	-45.0
430000	-43.0
440000	-14.0
450000	-11.0
460000	-10.0
470000	0.0
480000	-4.0
490000	37.0
500000	92.0
510000	105.0
520000	99.0
530000	69.0
540000	112.0
550000	24.0
560000	215.0
570000	304.0
580000	396.0
590000	422.0
600000	463.0
610000	423.0
620000	433.0
630000	429.0
640000	429.0
650000	463.0
660000	429.0
670000	461.0
680000	457.0
690000	446.0
700000	464.0
710000	468.0
720000	446.0
730000	461.0
740000	430.0
750000	422.0
760000	446.0
770000	456.0
780000	443.0
790000	466.0
800000	474.0
810000	464.0
820000	466.0
830000	455.0
840000	462.0
850000	396.0
860000	415.0
870000	473.0
880000	448.0
890000	451.0
900000	446.0
910000	459.0
920000	464.0
930000	453.0
940000	466.0
950000	466.0
960000	456.0
970000	434.0
980000	456.0
990000	454.0
1000000	441.0
1010000	425.0
1020000	469.0
1030000	468.0
1040000	454.0
1050000	465.0
1060000	466.0
1070000	465.0
1080000	446.0
1090000	465.0
1100000	448.0
1110000	450.0
1120000	423.0
1130000	434.0
1140000	463.0
1150000	454.0
1160000	460.0
1170000	448.0
1180000	434.0
1190000	447.0
1200000	451.0
1210000	466.0
1220000	453.0
1230000	420.0
1240000	411.0
1250000	471.0
1260000	457.0
1270000	459.0
1280000	453.0
1290000	466.0
1300000	463.0
1310000	426.0
1320000	454.0
1330000	428.0
1340000	420.0
1350000	451.0
1360000	457.0
1370000	450.0
1380000	463.0
1390000	465.0
1400000	472.0
1410000	462.0
1420000	471.0
1430000	462.0
1440000	417.0
1450000	453.0
1460000	442.0
1470000	455.0
1480000	405.0
1490000	449.0
1500000	476.0
1510000	467.0
1520000	459.0
1530000	478.0
1540000	470.0
1550000	436.0
1560000	442.0
1570000	465.0
1580000	437.0
1590000	377.0
1600000	463.0
1610000	463.0
1620000	465.0
1630000	461.0
1640000	463.0
1650000	470.0
1660000	447.0
1670000	459.0
1680000	450.0
1690000	467.0
1700000	433.0
1710000	433.0
1720000	461.0
1730000	467.0
1740000	462.0
1750000	457.0
1760000	474.0
1770000	452.0
1780000	451.0
1790000	443.0
1800000	466.0
1810000	436.0
1820000	440.0
1830000	468.0
1840000	445.0
1850000	443.0
1860000	465.0
1870000	457.0
1880000	455.0
1890000	455.0
1900000	471.0
1910000	424.0
1920000	434.0
1930000	457.0
1940000	457.0
1950000	448.0
1960000	355.0
1970000	471.0
1980000	434.0
1990000	459.0
2000000	466.0
