10000	-11.0
20000	-2.0
30000	-13.0
40000	3.0
50000	-21.0
60000	-11.0
70000	-17.0
80000	-19.0
90000	-10.0
100000	-4.0
110000	-10.0
120000	-12.0
130000	-11.0
140000	-8.0
150000	-9.0
160000	-4.0
170000	-7.0
180000	-1.0
190000	-5.0
200000	-11.0
210000	-9.0
220000	-12.0
230000	-14.0
240000	-24.0
250000	-8.0
260000	-15.0
270000	-3.0
280000	-17.0
290000	-27.0
300000	-31.0
310000	-51.0
320000	-33.0
330000	-36.0
340000	-17.0
350000	-33.0
360000	-45.0
370000	-36.0
380000	-12.0
390000	-9.0
400000	-13.0
410000	-16.0
420000	-10.0
430000	-7.0
440000	-7.0
450000	-24.0
460000	-20.0
470000	-21.0
480000	-36.0
490000	-45.0
500000	-16.0
510000	-47.0
520000	-38.0
530000	-32.0
540000	-39.0
550000	-35.0
560000	-2.0
570000	-21.0
580000	-7.0
590000	-2.0
600000	-26.0
610000	-5.0
620000	-3.0
630000	-15.0
640000	-21.0
650000	-33.0
660000	-23.0
670000	-26.0
680000	-36.0
690000	-14.0
700000	-7.0
710000	-14.0
720000	-27.0
730000	-10.0
740000	-40.0
750000	-26.0
760000	-6.0
770000	4.0
780000	19.0
790000	5.0
800000	12.0
810000	-2.0
820000	63.0
830000	129.0
840000	313.0
850000	462.0
860000	434.0
870000	471.0
880000	473.0
890000	407.0
900000	461.0
910000	464.0
920000	475.0
930000	470.0
940000	466.0
950000	458.0
960000	471.0
970000	472.0
980000	460.0
990000	463.0
1000000	461.0
1010000	463.0
1020000	473.0
1030000	469.0
1040000	467.0
1050000	455.0
1060000	467.0
1070000	472.0
1080000	464.0
1090000	471.0
1100000	474.0
1110000	470.0
1120000	472.0
1130000	466.0
1140000	467.0
1150000	473.0
1160000	474.0
1170000	468.0
1180000	471.0
1190000	474.0
1200000	464.0
1210000	474.0
1220000	469.0
1230000	456.0
1240000	477.0
1250000	466.0
1260000	471.0
1270000	484.0
1280000	464.0
1290000	470.0
1300000	470.0
1310000	475.0
1320000	455.0
1330000	472.0
1340000	470.0
1350000	475.0
1360000	472.0
1370000	476.0
1380000	474.0
1390000	472.0
1400000	474.0
1410000	468.0
1420000	480.0
1430000	470.0
1440000	467.0
1450000	472.0
1460000	472.0
1470000	478.0
1480000	461.0
1490000	477.0
1500000	467.0
1510000	477.0
1520000	470.0
1530000	468.0
1540000	433.0
1550000	290.0
1560000	466.0
1570000	468.0
1580000	458.0
1590000	480.0
1600000	463.0
1610000	471.0
1620000	482.0
1630000	453.0
1640000	478.0
1650000	468.0
1660000	472.0
1670000	443.0
1680000	470.0
1690000	477.0
1700000	476.0
1710000	479.0
1720000	469.0
1730000	478.0
1740000	468.0
1750000	471.0
1760000	462.0
1770000	453.0
1780000	465.0
1790000	481.0
1800000	464.0
1810000	470.0
1820000	465.0
1830000	474.0
1840000	469.0
1850000	479.0
1860000	475.0
1870000	478.0
1880000	469.0
1890000	456.0
1900000	467.0
1910000	458.0
1920000	466.0
1930000	471.0
1940000	459.0
1950000	445.0
1960000	460.0
1970000	465.0
1980000	475.0
1990000	464.0
2000000	465.0
