10000	-23.0
20000	-15.0
30000	-7.0
40000	-10.0
50000	-12.0
60000	-11.0
70000	-11.0
80000	-9.0
90000	-2.0
100000	-13.0
110000	-13.0
120000	-6.0
130000	-4.0
140000	-12.0
150000	-16.0
160000	-18.0
170000	-25.0
180000	-9.0
190000	-10.0
200000	-16.0
210000	-7.0
220000	-6.0
230000	-2.0
240000	-2.0
250000	-9.0
260000	0.0
270000	-6.0
280000	-14.0
290000	-16.0
300000	-14.0
310000	-7.0
320000	-13.0
330000	-5.0
340000	-27.0
350000	-3.0
360000	-19.0
370000	-30.0
380000	-37.0
390000	-32.0
400000	-38.0
410000	-46.0
420000	-23.0
430000	-43.0
440000	-38.0
450000	-23.0
460000	-57.0
470000	-29.0
480000	-49.0
490000	-37.0
500000	-37.0
510000	-35.0
520000	-18.0
530000	-15.0
540000	-11.0
550000	15.0
560000	29.0
570000	12.0
580000	31.0
590000	119.0
600000	57.0
610000	206.0
620000	147.0
630000	336.0
640000	295.0
650000	276.0
660000	473.0
670000	468.0
680000	467.0
690000	480.0
700000	464.0
710000	465.0
720000	466.0
730000	468.0
740000	470.0
750000	464.0
760000	464.0
770000	462.0
780000	465.0
790000	464.0
800000	469.0
810000	466.0
820000	467.0
830000	481.0
840000	477.0
850000	471.0
860000	473.0
870000	475.0
880000	471.0
890000	453.0
900000	415.0
910000	454.0
920000	473.0
930000	467.0
940000	456.0
950000	478.0
960000	464.0
970000	461.0
980000	470.0
990000	468.0
1000000	481.0
1010000	480.0
1020000	471.0
1030000	460.0
1040000	452.0
1050000	461.0
1060000	472.0
1070000	478.0
1080000	476.0
1090000	478.0
1100000	473.0
1110000	466.0
1120000	466.0
1130000	466.0
1140000	470.0
1150000	477.0
1160000	463.0
1170000	427.0
1180000	476.0
1190000	443.0
1200000	469.0
1210000	472.0
1220000	460.0
1230000	326.0
1240000	463.0
1250000	465.0
1260000	476.0
1270000	476.0
1280000	468.0
1290000	467.0
1300000	471.0
1310000	471.0
1320000	479.0
1330000	467.0
1340000	467.0
1350000	466.0
1360000	455.0
1370000	477.0
1380000	460.0
1390000	468.0
1400000	475.0
1410000	476.0
1420000	468.0
1430000	479.0
1440000	473.0
1450000	476.0
1460000	478.0
1470000	475.0
1480000	475.0
1490000	471.0
1500000	469.0
1510000	475.0
1520000	468.0
1530000	470.0
1540000	476.0
1550000	470.0
1560000	469.0
1570000	460.0
1580000	469.0
1590000	465.0
1600000	464.0
1610000	478.0
1620000	476.0
1630000	480.0
1640000	472.0
1650000	468.0
1660000	468.0
1670000	412.0
1680000	475.0
1690000	471.0
1700000	477.0
1710000	476.0
1720000	471.0
1730000	473.0
1740000	469.0
1750000	473.0
1760000	470.0
1770000	475.0
1780000	468.0
1790000	469.0
1800000	466.0
1810000	476.0
1820000	467.0
1830000	466.0
1840000	472.0
1850000	460.0
1860000	475.0
1870000	466.0
1880000	471.0
1890000	470.0
1900000	470.0
1910000	464.0
1920000	473.0
1930000	478.0
1940000	470.0
1950000	463.0
1960000	473.0
1970000	467.0
1980000	466.0
1990000	442.0
2000000	475.0
