10000	-20.0
20000	-14.0
30000	-12.0
40000	-14.0
50000	-9.0
60000	-1.0
70000	-14.0
80000	-9.0
90000	-10.0
100000	-4.0
110000	-20.0
120000	-16.0
130000	-3.0
140000	-7.0
150000	-11.0
160000	-8.0
170000	-3.0
180000	-13.0
190000	-18.0
200000	-12.0
210000	-11.0
220000	-18.0
230000	-21.0
240000	-10.0
250000	-5.0
260000	-13.0
270000	-21.0
280000	-26.0
290000	-29.0
300000	-20.0
310000	-30.0
320000	-36.0
330000	-49.0
340000	-17.0
350000	-53.0
360000	-33.0
370000	-26.0
380000	-42.0
390000	-30.0
400000	-22.0
410000	-19.0
420000	-13.0
430000	-11.0
440000	-7.0
450000	-2.0
460000	-14.0
470000	-10.0
480000	-15.0
490000	-12.0
500000	-4.0
510000	-11.0
520000	-11.0
530000	-18.0
540000	-28.0
550000	-30.0
560000	-20.0
570000	-33.0
580000	-21.0
590000	-27.0
600000	-27.0
610000	-17.0
620000	-23.0
630000	-20.0
640000	-17.0
650000	-38.0
660000	-25.0
670000	-22.0
680000	-32.0
690000	-37.0
700000	-23.0
710000	-17.0
720000	27.0
730000	53.0
740000	17.0
750000	41.0
760000	168.0
770000	91.0
780000	171.0
790000	182.0
800000	208.0
810000	407.0
820000	406.0
830000	443.0
840000	473.0
850000	474.0
860000	479.0
870000	469.0
880000	473.0
890000	467.0
900000	476.0
910000	468.0
920000	475.0
930000	473.0
940000	477.0
950000	466.0
960000	468.0
970000	468.0
980000	465.0
990000	472.0
1000000	477.0
1010000	473.0
1020000	475.0
1030000	474.0
1040000	469.0
1050000	467.0
1060000	461.0
1070000	470.0
1080000	477.0
1090000	455.0
1100000	467.0
1110000	465.0
1120000	462.0
1130000	476.0
1140000	479.0
1150000	471.0
1160000	470.0
1170000	469.0
1180000	472.0
1190000	473.0
1200000	460.0
1210000	462.0
1220000	474.0
1230000	473.0
1240000	465.0
1250000	452.0
1260000	472.0
1270000	420.0
1280000	468.0
1290000	465.0
1300000	462.0
1310000	238.0
1320000	469.0
1330000	454.0
1340000	461.0
1350000	465.0
1360000	476.0
1370000	464.0
1380000	469.0
1390000	471.0
1400000	474.0
1410000	475.0
1420000	467.0
1430000	456.0
1440000	472.0
1450000	469.0
1460000	467.0
1470000	467.0
1480000	463.0
1490000	468.0
1500000	459.0
1510000	455.0
1520000	470.0
1530000	474.0
1540000	470.0
1550000	477.0
1560000	469.0
1570000	475.0
1580000	471.0
1590000	462.0
1600000	473.0
1610000	481.0
1620000	458.0
1630000	471.0
1640000	478.0
1650000	474.0
1660000	479.0
1670000	469.0
1680000	460.0
1690000	469.0
1700000	477.0
1710000	470.0
1720000	469.0
1730000	471.0
1740000	470.0
1750000	477.0
1760000	475.0
1770000	475.0
1780000	475.0
1790000	470.0
1800000	469.0
1810000	459.0
1820000	473.0
1830000	461.0
1840000	478.0
1850000	462.0
1860000	469.0
1870000	472.0
1880000	469.0
1890000	476.0
1900000	428.0
1910000	474.0
1920000	461.0
1930000	297.0
1940000	477.0
1950000	472.0
1960000	476.0
1970000	469.0
1980000	465.0
1990000	470.0
2000000	467.0
