10000	-11.0
20000	-10.0
30000	-5.0
40000	-9.0
50000	-12.0
60000	-1.0
70000	-8.0
80000	-3.0
90000	-16.0
100000	-21.0
110000	-14.0
120000	-8.0
130000	-13.0
140000	-15.0
150000	-17.0
160000	-8.0
170000	-11.0
180000	-11.0
190000	-5.0
200000	-20.0
210000	-10.0
220000	-13.0
230000	-24.0
240000	-3.0
250000	-10.0
260000	-8.0
270000	-5.0
280000	-5.0
290000	-26.0
300000	-9.0
310000	-6.0
320000	-23.0
330000	-9.0
340000	-2.0
350000	-11.0
360000	-20.0
370000	-7.0
380000	-7.0
390000	-16.0
400000	-11.0
410000	-8.0
420000	-28.0
430000	-39.0
440000	-44.0
450000	-27.0
460000	-25.0
470000	-18.0
480000	-37.0
490000	-45.0
500000	-42.0
510000	-22.0
520000	-55.0
530000	-26.0
540000	1.0
550000	8.0
560000	6.0
570000	6.0
580000	9.0
590000	5.0
600000	32.0
610000	89.0
620000	251.0
630000	154.0
640000	396.0
650000	438.0
660000	380.0
670000	469.0
680000	475.0
690000	472.0
700000	472.0
710000	474.0
720000	467.0
730000	477.0
740000	470.0
750000	474.0
760000	479.0
770000	435.0
780000	481.0
790000	469.0
800000	476.0
810000	472.0
820000	471.0
830000	465.0
840000	475.0
850000	477.0
860000	477.0
870000	475.0
880000	470.0
890000	463.0
900000	466.0
910000	467.0
920000	461.0
930000	469.0
940000	470.0
950000	466.0
960000	454.0
970000	212.0
980000	476.0
990000	464.0
1000000	477.0
1010000	467.0
1020000	465.0
1030000	399.0
1040000	362.0
1050000	472.0
1060000	466.0
1070000	469.0
1080000	470.0
1090000	476.0
1100000	462.0
1110000	471.0
1120000	477.0
1130000	470.0
1140000	463.0
1150000	469.0
1160000	464.0
1170000	472.0
1180000	477.0
1190000	474.0
1200000	474.0
1210000	474.0
1220000	478.0
1230000	464.0
1240000	468.0
1250000	467.0
1260000	469.0
1270000	468.0
1280000	465.0
1290000	480.0
1300000	466.0
1310000	470.0
1320000	469.0
1330000	479.0
1340000	472.0
1350000	471.0
1360000	469.0
1370000	473.0
1380000	473.0
1390000	480.0
1400000	476.0
1410000	481.0
1420000	473.0
1430000	471.0
1440000	455.0
1450000	465.0
1460000	467.0
1470000	476.0
1480000	470.0
1490000	467.0
1500000	474.0
1510000	473.0
1520000	473.0
1530000	472.0
1540000	480.0
1550000	479.0
1560000	472.0
1570000	466.0
1580000	472.0
1590000	472.0
1600000	481.0
1610000	474.0
1620000	482.0
1630000	474.0
1640000	480.0
1650000	476.0
1660000	471.0
1670000	466.0
1680000	466.0
1690000	473.0
1700000	468.0
1710000	478.0
1720000	475.0
1730000	474.0
1740000	452.0
1750000	477.0
1760000	478.0
1770000	466.0
1780000	472.0
1790000	462.0
1800000	473.0
1810000	470.0
1820000	465.0
1830000	462.0
1840000	472.0
1850000	470.0
1860000	463.0
1870000	468.0
1880000	478.0
1890000	462.0
1900000	464.0
1910000	468.0
1920000	472.0
1930000	475.0
1940000	476.0
1950000	459.0
1960000	474.0
1970000	480.0
1980000	481.0
1990000	476.0
2000000	475.0
