10000	-18.0
20000	-17.0
30000	-15.0
40000	-8.0
50000	-12.0
60000	-5.0
70000	-14.0
80000	-21.0
90000	-16.0
100000	-10.0
110000	-24.0
120000	-13.0
130000	-33.0
140000	-11.0
150000	-6.0
160000	-10.0
170000	-12.0
180000	-17.0
190000	-8.0
200000	-17.0
210000	-14.0
220000	-14.0
230000	-8.0
240000	-5.0
250000	-18.0
260000	-13.0
270000	-8.0
280000	-5.0
290000	-25.0
300000	-20.0
310000	-25.0
320000	-48.0
330000	-35.0
340000	-25.0
350000	-34.0
360000	-19.0
370000	-6.0
380000	5.0
390000	-18.0
400000	-9.0
410000	10.0
420000	5.0
430000	11.0
440000	85.0
450000	50.0
460000	68.0
470000	205.0
480000	176.0
490000	247.0
500000	462.0
510000	469.0
520000	465.0
530000	464.0
540000	463.0
550000	474.0
560000	475.0
570000	470.0
580000	467.0
590000	472.0
600000	466.0
610000	465.0
620000	467.0
630000	468.0
640000	477.0
650000	467.0
660000	458.0
670000	480.0
680000	465.0
690000	461.0
700000	473.0
710000	470.0
720000	476.0
730000	471.0
740000	467.0
750000	475.0
760000	472.0
770000	470.0
780000	460.0
790000	410.0
800000	435.0
810000	468.0
820000	468.0
830000	462.0
840000	461.0
850000	465.0
860000	460.0
870000	474.0
880000	476.0
890000	479.0
900000	472.0
910000	471.0
920000	467.0
930000	466.0
940000	470.0
950000	468.0
960000	464.0
970000	469.0
980000	471.0
990000	466.0
1000000	467.0
1010000	473.0
1020000	461.0
1030000	473.0
1040000	473.0
1050000	470.0
1060000	476.0
1070000	478.0
1080000	467.0
1090000	467.0
1100000	469.0
1110000	477.0
1120000	473.0
1130000	476.0
1140000	479.0
1150000	475.0
1160000	451.0
1170000	469.0
1180000	449.0
1190000	454.0
1200000	478.0
1210000	465.0
1220000	479.0
1230000	464.0
1240000	469.0
1250000	469.0
1260000	463.0
1270000	462.0
1280000	465.0
1290000	475.0
1300000	470.0
1310000	477.0
1320000	472.0
1330000	473.0
1340000	470.0
1350000	471.0
1360000	473.0
1370000	458.0
1380000	374.0
1390000	460.0
1400000	466.0
1410000	469.0
1420000	469.0
1430000	474.0
1440000	467.0
1450000	465.0
1460000	451.0
1470000	324.0
1480000	471.0
1490000	459.0
1500000	477.0
1510000	461.0
1520000	477.0
1530000	459.0
1540000	461.0
1550000	475.0
1560000	472.0
1570000	468.0
1580000	467.0
1590000	469.0
1600000	474.0
1610000	471.0
1620000	471.0
1630000	478.0
1640000	470.0
1650000	471.0
1660000	471.0
1670000	474.0
1680000	471.0
1690000	477.0
1700000	469.0
1710000	474.0
1720000	475.0
1730000	466.0
1740000	473.0
1750000	463.0
1760000	474.0
1770000	475.0
1780000	477.0
1790000	467.0
1800000	474.0
1810000	478.0
1820000	470.0
1830000	472.0
1840000	476.0
1850000	472.0
1860000	459.0
1870000	467.0
1880000	454.0
1890000	466.0
1900000	469.0
1910000	477.0
1920000	474.0
1930000	437.0
1940000	468.0
1950000	468.0
1960000	469.0
1970000	471.0
1980000	462.0
1990000	457.0
2000000	470.0
