10000	-8.0
20000	-6.0
30000	-5.0
40000	-9.0
50000	-14.0
60000	-4.0
70000	-8.0
80000	-11.0
90000	-13.0
100000	-7.0
110000	-2.0
120000	-34.0
130000	-6.0
140000	-7.0
150000	-20.0
160000	-12.0
170000	-18.0
180000	-13.0
190000	-13.0
200000	-11.0
210000	-12.0
220000	-8.0
230000	-14.0
240000	-6.0
250000	-13.0
260000	-25.0
270000	-8.0
280000	-11.0
290000	-11.0
300000	-46.0
310000	-24.0
320000	-28.0
330000	-36.0
340000	-12.0
350000	-26.0
360000	-41.0
370000	-11.0
380000	-38.0
390000	-29.0
400000	-42.0
410000	-14.0
420000	-34.0
430000	-24.0
440000	-10.0
450000	-16.0
460000	-8.0
470000	-2.0
480000	-2.0
490000	-3.0
500000	-3.0
510000	-22.0
520000	-14.0
530000	-4.0
540000	12.0
550000	2.0
560000	41.0
570000	87.0
580000	131.0
590000	97.0
600000	71.0
610000	181.0
620000	408.0
630000	399.0
640000	379.0
650000	462.0
660000	449.0
670000	437.0
680000	455.0
690000	476.0
700000	473.0
710000	468.0
720000	453.0
730000	466.0
740000	476.0
750000	456.0
760000	464.0
770000	458.0
780000	476.0
790000	472.0
800000	471.0
810000	476.0
820000	478.0
830000	473.0
840000	472.0
850000	470.0
860000	451.0
870000	466.0
880000	448.0
890000	443.0
900000	476.0
910000	480.0
920000	469.0
930000	463.0
940000	462.0
950000	435.0
960000	465.0
970000	468.0
980000	465.0
990000	472.0
1000000	467.0
1010000	475.0
1020000	472.0
1030000	463.0
1040000	463.0
1050000	467.0
1060000	463.0
1070000	462.0
1080000	464.0
1090000	453.0
1100000	472.0
1110000	457.0
1120000	461.0
1130000	480.0
1140000	475.0
1150000	474.0
1160000	470.0
1170000	470.0
1180000	473.0
1190000	475.0
1200000	474.0
1210000	472.0
1220000	465.0
1230000	474.0
1240000	470.0
1250000	470.0
1260000	463.0
1270000	460.0
1280000	467.0
1290000	481.0
1300000	465.0
1310000	470.0
1320000	475.0
1330000	475.0
1340000	474.0
1350000	465.0
1360000	473.0
1370000	468.0
1380000	468.0
1390000	477.0
1400000	467.0
1410000	477.0
1420000	467.0
1430000	473.0
1440000	425.0
1450000	474.0
1460000	469.0
1470000	475.0
1480000	433.0
1490000	454.0
1500000	429.0
1510000	475.0
1520000	468.0
1530000	475.0
1540000	464.0
1550000	467.0
1560000	474.0
1570000	471.0
1580000	467.0
1590000	471.0
1600000	465.0
1610000	476.0
1620000	474.0
1630000	467.0
1640000	469.0
1650000	474.0
1660000	475.0
1670000	476.0
1680000	466.0
1690000	471.0
1700000	462.0
1710000	479.0
1720000	477.0
1730000	472.0
1740000	482.0
1750000	457.0
1760000	483.0
1770000	463.0
1780000	473.0
1790000	476.0
1800000	461.0
1810000	481.0
1820000	459.0
1830000	479.0
1840000	475.0
1850000	466.0
1860000	472.0
1870000	480.0
1880000	474.0
1890000	478.0
1900000	469.0
1910000	475.0
1920000	456.0
1930000	466.0
1940000	463.0
1950000	471.0
1960000	473.0
1970000	457.0
1980000	453.0
1990000	459.0
2000000	471.0
