10000	-17.0
20000	-5.0
30000	-11.0
40000	0.0
50000	-5.0
60000	-14.0
70000	-12.0
80000	-10.0
90000	-8.0
100000	-17.0
110000	-16.0
120000	-7.0
130000	-10.0
140000	-9.0
150000	-17.0
160000	-7.0
170000	-7.0
180000	-7.0
190000	-4.0
200000	-10.0
210000	-10.0
220000	-6.0
230000	-2.0
240000	-16.0
250000	-12.0
260000	-4.0
270000	-8.0
280000	-12.0
290000	-10.0
300000	-22.0
310000	-26.0
320000	-52.0
330000	-41.0
340000	-33.0
350000	-38.0
360000	-19.0
370000	-13.0
380000	-4.0
390000	-16.0
400000	-7.0
410000	-7.0
420000	-26.0
430000	-35.0
440000	-27.0
450000	-44.0
460000	-37.0
470000	-27.0
480000	-22.0
490000	-3.0
500000	-9.0
510000	-12.0
520000	-11.0
530000	-11.0
540000	-18.0
550000	-15.0
560000	-8.0
570000	-20.0
580000	-38.0
590000	-31.0
600000	-38.0
610000	-35.0
620000	-47.0
630000	-23.0
640000	-13.0
650000	-39.0
660000	-33.0
670000	-41.0
680000	-18.0
690000	-34.0
700000	-25.0
710000	-42.0
720000	-39.0
730000	-47.0
740000	-32.0
750000	-7.0
760000	-1.0
770000	33.0
780000	42.0
790000	77.0
800000	201.0
810000	455.0
820000	448.0
830000	463.0
840000	466.0
850000	470.0
860000	451.0
870000	461.0
880000	464.0
890000	457.0
900000	458.0
910000	459.0
920000	471.0
930000	459.0
940000	460.0
950000	453.0
960000	463.0
970000	471.0
980000	474.0
990000	446.0
1000000	461.0
1010000	469.0
1020000	456.0
1030000	472.0
1040000	472.0
1050000	471.0
1060000	464.0
1070000	469.0
1080000	466.0
1090000	472.0
1100000	463.0
1110000	460.0
1120000	467.0
1130000	462.0
1140000	454.0
1150000	457.0
1160000	466.0
1170000	476.0
1180000	467.0
1190000	463.0
1200000	461.0
1210000	478.0
1220000	469.0
1230000	478.0
1240000	469.0
1250000	470.0
1260000	473.0
1270000	458.0
1280000	465.0
1290000	469.0
1300000	475.0
1310000	474.0
1320000	476.0
1330000	469.0
1340000	477.0
1350000	468.0
1360000	473.0
1370000	400.0
1380000	476.0
1390000	459.0
1400000	455.0
1410000	405.0
1420000	477.0
1430000	472.0
1440000	472.0
1450000	479.0
1460000	475.0
1470000	476.0
1480000	458.0
1490000	477.0
1500000	471.0
1510000	475.0
1520000	477.0
1530000	468.0
1540000	474.0
1550000	468.0
1560000	465.0
1570000	474.0
1580000	468.0
1590000	470.0
1600000	464.0
1610000	465.0
1620000	466.0
1630000	457.0
1640000	476.0
1650000	471.0
1660000	466.0
1670000	470.0
1680000	461.0
1690000	464.0
1700000	469.0
1710000	474.0
1720000	475.0
1730000	472.0
1740000	469.0
1750000	464.0
1760000	471.0
1770000	466.0
1780000	462.0
1790000	472.0
1800000	465.0
1810000	463.0
1820000	470.0
1830000	475.0
1840000	472.0
1850000	478.0
1860000	468.0
1870000	477.0
1880000	470.0
1890000	449.0
1900000	469.0
1910000	471.0
1920000	470.0
1930000	470.0
1940000	466.0
1950000	479.0
1960000	468.0
1970000	470.0
1980000	463.0
1990000	461.0
2000000	474.0
