10000	2.0
20000	5.0
30000	2.0
40000	2.0
50000	1.0
60000	3.0
70000	3.0
80000	2.0
90000	3.0
100000	1.0
110000	2.0
120000	3.0
130000	1.0
140000	2.0
150000	3.0
160000	2.0
170000	1.0
180000	1.0
190000	2.0
200000	2.0
210000	2.0
220000	3.0
230000	1.0
240000	2.0
250000	4.0
260000	2.0
270000	1.0
280000	1.0
290000	2.0
300000	2.0
310000	4.0
320000	3.0
330000	1.0
340000	2.0
350000	1.0
360000	1.0
370000	1.0
380000	3.0
390000	6.0
400000	5.0
410000	15.0
420000	20.0
430000	18.0
440000	24.0
450000	47.0
460000	67.0
470000	67.0
480000	102.0
490000	95.0
500000	117.0
510000	77.0
520000	48.0
530000	103.0
540000	35.0
550000	60.0
560000	100.0
570000	70.0
580000	37.0
590000	45.0
600000	49.0
610000	66.0
620000	105.0
630000	3.0
640000	77.0
650000	94.0
660000	100.0
670000	50.0
680000	99.0
690000	39.0
700000	47.0
710000	26.0
720000	30.0
730000	71.0
740000	3.0
750000	40.0
760000	18.0
770000	20.0
780000	42.0
790000	66.0
800000	81.0
810000	48.0
820000	62.0
830000	83.0
840000	69.0
850000	48.0
860000	33.0
870000	43.0
880000	42.0
890000	97.0
900000	25.0
910000	30.0
920000	16.0
930000	29.0
940000	55.0
950000	60.0
960000	59.0
970000	27.0
980000	29.0
990000	15.0
1000000	76.0
1010000	40.0
1020000	38.0
1030000	30.0
1040000	24.0
1050000	58.0
1060000	35.0
1070000	66.0
1080000	42.0
1090000	20.0
1100000	59.0
1110000	73.0
1120000	60.0
1130000	35.0
1140000	56.0
1150000	37.0
1160000	29.0
1170000	14.0
1180000	87.0
1190000	9.0
1200000	12.0
1210000	42.0
1220000	54.0
1230000	61.0
1240000	27.0
1250000	70.0
1260000	57.0
1270000	54.0
1280000	85.0
1290000	10.0
1300000	0.0
1310000	25.0
1320000	34.0
1330000	18.0
1340000	45.0
1350000	33.0
1360000	27.0
1370000	51.0
1380000	48.0
1390000	61.0
1400000	53.0
1410000	71.0
1420000	38.0
1430000	72.0
1440000	45.0
1450000	81.0
1460000	9.0
1470000	11.0
1480000	58.0
1490000	64.0
1500000	46.0
1510000	95.0
1520000	29.0
1530000	60.0
1540000	41.0
1550000	27.0
1560000	51.0
1570000	21.0
1580000	17.0
1590000	22.0
1600000	35.0
1610000	24.0
1620000	25.0
1630000	52.0
1640000	46.0
1650000	53.0
1660000	41.0
1670000	58.0
1680000	15.0
1690000	29.0
1700000	44.0
1710000	26.0
1720000	58.0
1730000	49.0
1740000	77.0
1750000	64.0
1760000	31.0
1770000	31.0
1780000	63.0
1790000	9.0
1800000	22.0
1810000	55.0
1820000	41.0
1830000	81.0
1840000	2.0
1850000	53.0
1860000	114.0
1870000	3.0
1880000	7.0
1890000	44.0
1900000	17.0
1910000	14.0
1920000	24.0
1930000	28.0
1940000	49.0
1950000	10.0
1960000	33.0
1970000	100.0
1980000	15.0
1990000	27.0
2000000	38.0
2010000	71.0
2020000	41.0
2030000	34.0
2040000	37.0
2050000	19.0
2060000	30.0
2070000	8.0
2080000	26.0
2090000	21.0
2100000	43.0
2110000	1.0
2120000	30.0
2130000	43.0
2140000	25.0
2150000	39.0
2160000	86.0
2170000	74.0
2180000	29.0
2190000	67.0
2200000	11.0
2210000	72.0
2220000	27.0
2230000	26.0
2240000	19.0
2250000	23.0
2260000	21.0
2270000	48.0
2280000	17.0
2290000	23.0
2300000	47.0
2310000	29.0
2320000	60.0
2330000	91.0
2340000	30.0
2350000	10.0
2360000	12.0
2370000	7.0
2380000	11.0
2390000	26.0
2400000	2.0
2410000	26.0
2420000	18.0
2430000	25.0
2440000	72.0
2450000	53.0
2460000	26.0
2470000	54.0
2480000	30.0
2490000	41.0
2500000	57.0
2510000	38.0
2520000	17.0
2530000	0.0
2540000	46.0
2550000	29.0
2560000	21.0
2570000	35.0
2580000	43.0
2590000	15.0
2600000	46.0
2610000	29.0
2620000	47.0
2630000	41.0
2640000	31.0
2650000	49.0
2660000	29.0
2670000	16.0
2680000	15.0
2690000	35.0
2700000	10.0
2710000	26.0
2720000	9.0
2730000	29.0
2740000	48.0
2750000	2.0
2760000	11.0
2770000	21.0
2780000	60.0
2790000	89.0
2800000	12.0
2810000	12.0
2820000	17.0
2830000	15.0
2840000	23.0
2850000	34.0
2860000	67.0
2870000	25.0
2880000	20.0
2890000	38.0
2900000	20.0
2910000	64.0
2920000	44.0
2930000	8.0
2940000	10.0
2950000	44.0
2960000	41.0
2970000	69.0
2980000	21.0
2990000	38.0
3000000	36.0
3010000	17.0
3020000	30.0
3030000	70.0
3040000	6.0
3050000	35.0
3060000	52.0
3070000	78.0
3080000	45.0
3090000	6.0
3100000	7.0
3110000	9.0
3120000	33.0
3130000	37.0
3140000	0.0
3150000	47.0
3160000	60.0
3170000	21.0
3180000	27.0
3190000	71.0
3200000	45.0
3210000	1.0
3220000	7.0
3230000	8.0
3240000	17.0
3250000	2.0
3260000	41.0
3270000	64.0
3280000	19.0
3290000	45.0
3300000	25.0
3310000	54.0
3320000	41.0
3330000	35.0
3340000	16.0
3350000	9.0
3360000	0.0
3370000	19.0
3380000	84.0
3390000	12.0
3400000	18.0
3410000	20.0
3420000	17.0
3430000	41.0
3440000	13.0
3450000	18.0
3460000	15.0
3470000	28.0
3480000	12.0
3490000	22.0
3500000	30.0
3510000	29.0
3520000	30.0
3530000	10.0
3540000	30.0
3550000	8.0
3560000	25.0
3570000	53.0
3580000	38.0
3590000	18.0
3600000	19.0
3610000	16.0
3620000	20.0
3630000	42.0
3640000	12.0
3650000	4.0
3660000	7.0
3670000	18.0
3680000	26.0
3690000	19.0
3700000	20.0
3710000	57.0
3720000	36.0
3730000	26.0
3740000	25.0
3750000	12.0
3760000	29.0
3770000	21.0
3780000	16.0
3790000	19.0
3800000	0.0
3810000	19.0
3820000	36.0
3830000	56.0
3840000	46.0
3850000	62.0
3860000	6.0
3870000	27.0
3880000	4.0
3890000	51.0
3900000	39.0
3910000	5.0
3920000	1.0
3930000	6.0
3940000	19.0
3950000	33.0
3960000	30.0
3970000	25.0
3980000	14.0
3990000	34.0
4000000	42.0
4010000	38.0
4020000	42.0
4030000	63.0
4040000	27.0
4050000	70.0
4060000	1.0
4070000	14.0
4080000	5.0
4090000	20.0
4100000	8.0
4110000	14.0
4120000	28.0
4130000	23.0
4140000	37.0
4150000	50.0
4160000	9.0
4170000	21.0
4180000	10.0
4190000	3.0
4200000	25.0
4210000	5.0
4220000	29.0
4230000	7.0
4240000	42.0
4250000	27.0
4260000	16.0
4270000	10.0
4280000	0.0
4290000	23.0
4300000	19.0
4310000	24.0
4320000	16.0
4330000	51.0
4340000	36.0
4350000	3.0
4360000	79.0
4370000	31.0
4380000	22.0
4390000	1.0
4400000	11.0
4410000	25.0
4420000	13.0
4430000	10.0
4440000	25.0
4450000	11.0
4460000	15.0
4470000	37.0
4480000	77.0
4490000	36.0
4500000	4.0
4510000	17.0
4520000	19.0
4530000	26.0
4540000	10.0
4550000	4.0
4560000	44.0
4570000	2.0
4580000	25.0
4590000	27.0
4600000	15.0
4610000	4.0
4620000	23.0
4630000	17.0
4640000	22.0
4650000	36.0
4660000	17.0
4670000	16.0
4680000	25.0
4690000	3.0
4700000	28.0
4710000	6.0
4720000	37.0
4730000	45.0
4740000	15.0
4750000	21.0
4760000	18.0
4770000	6.0
4780000	32.0
4790000	30.0
4800000	59.0
4810000	20.0
4820000	4.0
4830000	6.0
4840000	34.0
4850000	24.0
4860000	10.0
4870000	22.0
4880000	33.0
4890000	22.0
4900000	26.0
4910000	6.0
4920000	14.0
4930000	8.0
4940000	19.0
4950000	17.0
4960000	15.0
4970000	40.0
4980000	25.0
4990000	22.0
5000000	12.0
