10000	3.0
20000	3.0
30000	2.0
40000	3.0
50000	2.0
60000	2.0
70000	3.0
80000	2.0
90000	4.0
100000	2.0
110000	0.0
120000	4.0
130000	2.0
140000	3.0
150000	1.0
160000	1.0
170000	4.0
180000	2.0
190000	3.0
200000	3.0
210000	2.0
220000	2.0
230000	1.0
240000	3.0
250000	2.0
260000	4.0
270000	1.0
280000	1.0
290000	4.0
300000	77.0
310000	175.0
320000	163.0
330000	194.0
340000	121.0
350000	199.0
360000	201.0
370000	200.0
380000	195.0
390000	198.0
400000	121.0
410000	195.0
420000	137.0
430000	195.0
440000	129.0
450000	200.0
460000	199.0
470000	194.0
480000	201.0
490000	198.0
500000	199.0
510000	196.0
520000	59.0
530000	197.0
540000	199.0
550000	166.0
560000	119.0
570000	197.0
580000	195.0
590000	201.0
600000	200.0
610000	199.0
620000	198.0
630000	138.0
640000	199.0
650000	197.0
660000	102.0
670000	149.0
680000	200.0
690000	199.0
700000	198.0
710000	199.0
720000	199.0
730000	196.0
740000	122.0
750000	198.0
760000	162.0
770000	200.0
780000	155.0
790000	197.0
800000	199.0
810000	179.0
820000	199.0
830000	199.0
840000	94.0
850000	203.0
860000	201.0
870000	161.0
880000	132.0
890000	196.0
900000	196.0
910000	197.0
920000	198.0
930000	197.0
940000	159.0
950000	128.0
960000	201.0
970000	199.0
980000	113.0
990000	200.0
1000000	199.0
1010000	197.0
1020000	203.0
1030000	202.0
1040000	200.0
1050000	178.0
1060000	124.0
1070000	176.0
1080000	198.0
1090000	164.0
1100000	186.0
1110000	153.0
1120000	170.0
1130000	198.0
1140000	199.0
1150000	201.0
1160000	199.0
1170000	108.0
1180000	203.0
1190000	198.0
1200000	199.0
1210000	155.0
1220000	151.0
1230000	198.0
1240000	199.0
1250000	197.0
1260000	199.0
1270000	115.0
1280000	154.0
1290000	201.0
1300000	195.0
1310000	200.0
1320000	166.0
1330000	174.0
1340000	200.0
1350000	180.0
1360000	202.0
1370000	68.0
1380000	202.0
1390000	180.0
1400000	168.0
1410000	197.0
1420000	198.0
1430000	198.0
1440000	198.0
1450000	199.0
1460000	200.0
1470000	153.0
1480000	108.0
1490000	202.0
1500000	149.0
1510000	200.0
1520000	202.0
1530000	200.0
1540000	203.0
1550000	198.0
1560000	199.0
1570000	173.0
1580000	85.0
1590000	180.0
1600000	199.0
1610000	198.0
1620000	122.0
1630000	200.0
1640000	199.0
1650000	200.0
1660000	200.0
1670000	147.0
1680000	198.0
1690000	122.0
1700000	127.0
1710000	196.0
1720000	200.0
1730000	197.0
1740000	203.0
1750000	201.0
1760000	200.0
1770000	159.0
1780000	200.0
1790000	96.0
1800000	201.0
1810000	107.0
1820000	198.0
1830000	201.0
1840000	204.0
1850000	199.0
1860000	198.0
1870000	201.0
1880000	199.0
1890000	199.0
1900000	142.0
1910000	66.0
1920000	200.0
1930000	200.0
1940000	202.0
1950000	197.0
1960000	124.0
1970000	200.0
1980000	199.0
1990000	195.0
2000000	198.0
2010000	198.0
2020000	102.0
2030000	120.0
2040000	198.0
2050000	179.0
2060000	201.0
2070000	198.0
2080000	200.0
2090000	200.0
2100000	199.0
2110000	201.0
2120000	199.0
2130000	77.0
2140000	111.0
2150000	202.0
2160000	197.0
2170000	200.0
2180000	202.0
2190000	197.0
2200000	196.0
2210000	202.0
2220000	201.0
2230000	105.0
2240000	155.0
2250000	146.0
2260000	198.0
2270000	198.0
2280000	200.0
2290000	199.0
2300000	189.0
2310000	200.0
2320000	200.0
2330000	200.0
2340000	100.0
2350000	137.0
2360000	163.0
2370000	201.0
2380000	201.0
2390000	200.0
2400000	198.0
2410000	198.0
2420000	199.0
2430000	168.0
2440000	199.0
2450000	104.0
2460000	120.0
2470000	200.0
2480000	201.0
2490000	199.0
2500000	200.0
2510000	200.0
2520000	199.0
2530000	176.0
2540000	199.0
2550000	196.0
2560000	43.0
2570000	201.0
2580000	182.0
2590000	197.0
2600000	200.0
2610000	198.0
2620000	201.0
2630000	117.0
2640000	185.0
2650000	196.0
2660000	197.0
2670000	108.0
2680000	201.0
2690000	167.0
2700000	202.0
2710000	204.0
2720000	199.0
2730000	201.0
2740000	157.0
2750000	198.0
2760000	153.0
2770000	159.0
2780000	156.0
2790000	202.0
2800000	201.0
2810000	199.0
2820000	201.0
2830000	194.0
2840000	136.0
2850000	178.0
2860000	199.0
2870000	199.0
2880000	97.0
2890000	202.0
2900000	201.0
2910000	201.0
2920000	197.0
2930000	201.0
2940000	149.0
2950000	166.0
2960000	126.0
2970000	201.0
2980000	201.0
2990000	203.0
3000000	115.0
3010000	199.0
3020000	199.0
3030000	199.0
3040000	197.0
3050000	192.0
3060000	133.0
3070000	152.0
3080000	202.0
3090000	201.0
3100000	109.0
3110000	196.0
3120000	199.0
3130000	183.0
3140000	200.0
3150000	199.0
3160000	200.0
3170000	82.0
3180000	201.0
3190000	201.0
3200000	189.0
3210000	149.0
3220000	196.0
3230000	200.0
3240000	198.0
3250000	154.0
3260000	203.0
3270000	178.0
3280000	132.0
3290000	201.0
3300000	198.0
3310000	120.0
3320000	200.0
3330000	197.0
3340000	200.0
3350000	160.0
3360000	200.0
3370000	201.0
3380000	156.0
3390000	108.0
3400000	201.0
3410000	203.0
3420000	202.0
3430000	199.0
3440000	200.0
3450000	199.0
3460000	148.0
3470000	201.0
3480000	198.0
3490000	119.0
3500000	146.0
3510000	203.0
3520000	121.0
3530000	199.0
3540000	199.0
3550000	200.0
3560000	200.0
3570000	198.0
3580000	198.0
3590000	201.0
3600000	201.0
3610000	21.0
3620000	204.0
3630000	197.0
3640000	192.0
3650000	200.0
3660000	199.0
3670000	202.0
3680000	119.0
3690000	198.0
3700000	197.0
3710000	188.0
3720000	89.0
3730000	200.0
3740000	201.0
3750000	197.0
3760000	166.0
3770000	201.0
3780000	139.0
3790000	201.0
3800000	200.0
3810000	203.0
3820000	102.0
3830000	152.0
3840000	198.0
3850000	198.0
3860000	200.0
3870000	203.0
3880000	202.0
3890000	134.0
3900000	197.0
3910000	197.0
3920000	196.0
3930000	73.0
3940000	202.0
3950000	199.0
3960000	117.0
3970000	198.0
3980000	198.0
3990000	199.0
4000000	196.0
4010000	202.0
4020000	200.0
4030000	171.0
4040000	92.0
4050000	200.0
4060000	182.0
4070000	110.0
4080000	196.0
4090000	200.0
4100000	199.0
4110000	203.0
4120000	200.0
4130000	202.0
4140000	164.0
4150000	124.0
4160000	200.0
4170000	200.0
4180000	159.0
4190000	154.0
4200000	201.0
4210000	200.0
4220000	202.0
4230000	203.0
4240000	198.0
4250000	167.0
4260000	142.0
4270000	191.0
4280000	200.0
4290000	149.0
4300000	167.0
4310000	201.0
4320000	201.0
4330000	199.0
4340000	198.0
4350000	170.0
4360000	142.0
4370000	199.0
4380000	200.0
4390000	115.0
4400000	150.0
4410000	200.0
4420000	195.0
4430000	202.0
4440000	199.0
4450000	200.0
4460000	201.0
4470000	156.0
4480000	200.0
4490000	182.0
4500000	21.0
4510000	199.0
4520000	200.0
4530000	198.0
4540000	198.0
4550000	199.0
4560000	200.0
4570000	200.0
4580000	199.0
4590000	201.0
4600000	96.0
4610000	129.0
4620000	199.0
4630000	201.0
4640000	197.0
4650000	200.0
4660000	199.0
4670000	198.0
4680000	197.0
4690000	201.0
4700000	102.0
4710000	103.0
4720000	201.0
4730000	180.0
4740000	197.0
4750000	201.0
4760000	188.0
4770000	201.0
4780000	202.0
4790000	202.0
4800000	197.0
4810000	18.0
4820000	202.0
4830000	199.0
4840000	201.0
4850000	196.0
4860000	202.0
4870000	201.0
4880000	200.0
4890000	198.0
4900000	201.0
4910000	151.0
4920000	96.0
4930000	159.0
4940000	200.0
4950000	119.0
4960000	198.0
4970000	201.0
4980000	203.0
4990000	201.0
5000000	200.0
