10000	1.0
20000	1.0
30000	3.0
40000	4.0
50000	1.0
60000	1.0
70000	4.0
80000	5.0
90000	1.0
100000	3.0
110000	2.0
120000	4.0
130000	2.0
140000	2.0
150000	3.0
160000	1.0
170000	1.0
180000	2.0
190000	2.0
200000	3.0
210000	3.0
220000	1.0
230000	2.0
240000	2.0
250000	4.0
260000	4.0
270000	33.0
280000	44.0
290000	3.0
300000	3.0
310000	0.0
320000	3.0
330000	1.0
340000	12.0
350000	84.0
360000	119.0
370000	196.0
380000	195.0
390000	196.0
400000	199.0
410000	146.0
420000	196.0
430000	194.0
440000	199.0
450000	166.0
460000	159.0
470000	130.0
480000	195.0
490000	196.0
500000	199.0
510000	154.0
520000	197.0
530000	167.0
540000	198.0
550000	147.0
560000	195.0
570000	120.0
580000	199.0
590000	196.0
600000	197.0
610000	198.0
620000	199.0
630000	198.0
640000	174.0
650000	123.0
660000	104.0
670000	200.0
680000	199.0
690000	192.0
700000	197.0
710000	200.0
720000	198.0
730000	199.0
740000	197.0
750000	199.0
760000	16.0
770000	200.0
780000	196.0
790000	201.0
800000	199.0
810000	200.0
820000	194.0
830000	136.0
840000	198.0
850000	198.0
860000	190.0
870000	5.0
880000	199.0
890000	199.0
900000	199.0
910000	198.0
920000	202.0
930000	198.0
940000	199.0
950000	198.0
960000	198.0
970000	97.0
980000	113.0
990000	198.0
1000000	200.0
1010000	194.0
1020000	163.0
1030000	201.0
1040000	201.0
1050000	200.0
1060000	198.0
1070000	200.0
1080000	62.0
1090000	198.0
1100000	185.0
1110000	198.0
1120000	161.0
1130000	202.0
1140000	200.0
1150000	199.0
1160000	201.0
1170000	199.0
1180000	181.0
1190000	61.0
1200000	198.0
1210000	123.0
1220000	200.0
1230000	197.0
1240000	192.0
1250000	200.0
1260000	200.0
1270000	197.0
1280000	195.0
1290000	197.0
1300000	87.0
1310000	201.0
1320000	186.0
1330000	200.0
1340000	113.0
1350000	199.0
1360000	197.0
1370000	199.0
1380000	201.0
1390000	203.0
1400000	108.0
1410000	196.0
1420000	199.0
1430000	145.0
1440000	199.0
1450000	158.0
1460000	134.0
1470000	201.0
1480000	200.0
1490000	199.0
1500000	199.0
1510000	159.0
1520000	198.0
1530000	129.0
1540000	198.0
1550000	198.0
1560000	112.0
1570000	199.0
1580000	199.0
1590000	199.0
1600000	150.0
1610000	201.0
1620000	198.0
1630000	187.0
1640000	154.0
1650000	172.0
1660000	170.0
1670000	196.0
1680000	143.0
1690000	200.0
1700000	200.0
1710000	200.0
1720000	128.0
1730000	186.0
1740000	200.0
1750000	199.0
1760000	186.0
1770000	143.0
1780000	198.0
1790000	134.0
1800000	196.0
1810000	201.0
1820000	156.0
1830000	198.0
1840000	159.0
1850000	200.0
1860000	201.0
1870000	197.0
1880000	157.0
1890000	168.0
1900000	128.0
1910000	199.0
1920000	198.0
1930000	135.0
1940000	199.0
1950000	200.0
1960000	197.0
1970000	200.0
1980000	162.0
1990000	200.0
2000000	201.0
2010000	94.0
2020000	200.0
2030000	130.0
2040000	199.0
2050000	198.0
2060000	198.0
2070000	199.0
2080000	199.0
2090000	173.0
2100000	199.0
2110000	200.0
2120000	75.0
2130000	183.0
2140000	159.0
2150000	200.0
2160000	200.0
2170000	197.0
2180000	200.0
2190000	197.0
2200000	199.0
2210000	127.0
2220000	199.0
2230000	110.0
2240000	201.0
2250000	162.0
2260000	201.0
2270000	200.0
2280000	201.0
2290000	198.0
2300000	204.0
2310000	198.0
2320000	199.0
2330000	40.0
2340000	201.0
2350000	155.0
2360000	199.0
2370000	200.0
2380000	202.0
2390000	198.0
2400000	198.0
2410000	200.0
2420000	197.0
2430000	143.0
2440000	101.0
2450000	198.0
2460000	145.0
2470000	201.0
2480000	198.0
2490000	200.0
2500000	199.0
2510000	198.0
2520000	197.0
2530000	197.0
2540000	90.0
2550000	202.0
2560000	85.0
2570000	200.0
2580000	194.0
2590000	200.0
2600000	197.0
2610000	200.0
2620000	199.0
2630000	199.0
2640000	199.0
2650000	136.0
2660000	156.0
2670000	114.0
2680000	199.0
2690000	200.0
2700000	200.0
2710000	196.0
2720000	199.0
2730000	198.0
2740000	199.0
2750000	201.0
2760000	46.0
2770000	199.0
2780000	172.0
2790000	200.0
2800000	198.0
2810000	204.0
2820000	197.0
2830000	201.0
2840000	198.0
2850000	201.0
2860000	116.0
2870000	166.0
2880000	133.0
2890000	166.0
2900000	198.0
2910000	201.0
2920000	197.0
2930000	201.0
2940000	199.0
2950000	198.0
2960000	192.0
2970000	108.0
2980000	169.0
2990000	199.0
3000000	147.0
3010000	197.0
3020000	171.0
3030000	187.0
3040000	200.0
3050000	198.0
3060000	199.0
3070000	174.0
3080000	155.0
3090000	110.0
3100000	200.0
3110000	200.0
3120000	127.0
3130000	200.0
3140000	198.0
3150000	201.0
3160000	201.0
3170000	201.0
3180000	196.0
3190000	72.0
3200000	200.0
3210000	199.0
3220000	183.0
3230000	141.0
3240000	200.0
3250000	204.0
3260000	200.0
3270000	199.0
3280000	202.0
3290000	168.0
3300000	169.0
3310000	134.0
3320000	197.0
3330000	185.0
3340000	117.0
3350000	199.0
3360000	199.0
3370000	200.0
3380000	198.0
3390000	200.0
3400000	121.0
3410000	166.0
3420000	198.0
3430000	199.0
3440000	105.0
3450000	198.0
3460000	199.0
3470000	201.0
3480000	201.0
3490000	200.0
3500000	202.0
3510000	121.0
3520000	187.0
3530000	202.0
3540000	201.0
3550000	119.0
3560000	199.0
3570000	201.0
3580000	201.0
3590000	200.0
3600000	201.0
3610000	117.0
3620000	161.0
3630000	146.0
3640000	203.0
3650000	151.0
3660000	199.0
3670000	198.0
3680000	203.0
3690000	200.0
3700000	201.0
3710000	200.0
3720000	199.0
3730000	106.0
3740000	191.0
3750000	118.0
3760000	199.0
3770000	198.0
3780000	201.0
3790000	200.0
3800000	202.0
3810000	196.0
3820000	202.0
3830000	136.0
3840000	135.0
3850000	160.0
3860000	84.0
3870000	199.0
3880000	203.0
3890000	200.0
3900000	200.0
3910000	196.0
3920000	200.0
3930000	199.0
3940000	179.0
3950000	130.0
3960000	169.0
3970000	98.0
3980000	199.0
3990000	200.0
4000000	201.0
4010000	198.0
4020000	197.0
4030000	197.0
4040000	201.0
4050000	130.0
4060000	200.0
4070000	45.0
4080000	201.0
4090000	200.0
4100000	202.0
4110000	197.0
4120000	203.0
4130000	200.0
4140000	202.0
4150000	203.0
4160000	142.0
4170000	133.0
4180000	173.0
4190000	196.0
4200000	153.0
4210000	199.0
4220000	200.0
4230000	199.0
4240000	199.0
4250000	170.0
4260000	197.0
4270000	195.0
4280000	176.0
4290000	128.0
4300000	153.0
4310000	201.0
4320000	198.0
4330000	172.0
4340000	200.0
4350000	201.0
4360000	201.0
4370000	202.0
4380000	200.0
4390000	134.0
4400000	152.0
4410000	154.0
4420000	199.0
4430000	106.0
4440000	199.0
4450000	199.0
4460000	197.0
4470000	196.0
4480000	197.0
4490000	191.0
4500000	202.0
4510000	115.0
4520000	121.0
4530000	199.0
4540000	133.0
4550000	200.0
4560000	201.0
4570000	197.0
4580000	198.0
4590000	200.0
4600000	201.0
4610000	202.0
4620000	43.0
4630000	202.0
4640000	198.0
4650000	153.0
4660000	199.0
4670000	199.0
4680000	201.0
4690000	202.0
4700000	198.0
4710000	202.0
4720000	155.0
4730000	102.0
4740000	202.0
4750000	140.0
4760000	195.0
4770000	199.0
4780000	200.0
4790000	199.0
4800000	199.0
4810000	201.0
4820000	200.0
4830000	103.0
4840000	125.0
4850000	203.0
4860000	117.0
4870000	199.0
4880000	200.0
4890000	198.0
4900000	179.0
4910000	197.0
4920000	201.0
4930000	198.0
4940000	107.0
4950000	195.0
4960000	189.0
4970000	202.0
4980000	141.0
4990000	171.0
5000000	201.0
