10000	3.0
20000	1.0
30000	1.0
40000	1.0
50000	2.0
60000	4.0
70000	4.0
80000	3.0
90000	2.0
100000	1.0
110000	3.0
120000	2.0
130000	1.0
140000	2.0
150000	2.0
160000	2.0
170000	1.0
180000	2.0
190000	1.0
200000	1.0
210000	2.0
220000	3.0
230000	3.0
240000	3.0
250000	1.0
260000	4.0
270000	3.0
280000	0.0
290000	3.0
300000	1.0
310000	3.0
320000	2.0
330000	1.0
340000	1.0
350000	2.0
360000	5.0
370000	4.0
380000	1.0
390000	2.0
400000	0.0
410000	0.0
420000	2.0
430000	5.0
440000	0.0
450000	7.0
460000	10.0
470000	64.0
480000	128.0
490000	130.0
500000	143.0
510000	153.0
520000	151.0
530000	156.0
540000	141.0
550000	153.0
560000	154.0
570000	156.0
580000	154.0
590000	162.0
600000	155.0
610000	160.0
620000	163.0
630000	168.0
640000	171.0
650000	170.0
660000	175.0
670000	176.0
680000	165.0
690000	176.0
700000	176.0
710000	172.0
720000	174.0
730000	178.0
740000	181.0
750000	174.0
760000	180.0
770000	174.0
780000	170.0
790000	175.0
800000	164.0
810000	170.0
820000	172.0
830000	178.0
840000	179.0
850000	179.0
860000	178.0
870000	182.0
880000	181.0
890000	178.0
900000	183.0
910000	184.0
920000	182.0
930000	182.0
940000	180.0
950000	180.0
960000	182.0
970000	180.0
980000	183.0
990000	187.0
1000000	189.0
1010000	184.0
1020000	185.0
1030000	187.0
1040000	184.0
1050000	189.0
1060000	185.0
1070000	189.0
1080000	188.0
1090000	186.0
1100000	188.0
1110000	190.0
1120000	192.0
1130000	191.0
1140000	192.0
1150000	164.0
1160000	178.0
1170000	185.0
1180000	189.0
1190000	192.0
1200000	187.0
1210000	187.0
1220000	187.0
1230000	157.0
1240000	193.0
1250000	189.0
1260000	189.0
1270000	187.0
1280000	192.0
1290000	190.0
1300000	189.0
1310000	189.0
1320000	188.0
1330000	190.0
1340000	189.0
1350000	191.0
1360000	189.0
1370000	191.0
1380000	187.0
1390000	188.0
1400000	193.0
1410000	191.0
1420000	190.0
1430000	196.0
1440000	193.0
1450000	192.0
1460000	191.0
1470000	197.0
1480000	192.0
1490000	188.0
1500000	193.0
1510000	197.0
1520000	194.0
1530000	193.0
1540000	194.0
1550000	190.0
1560000	193.0
1570000	194.0
1580000	192.0
1590000	194.0
1600000	194.0
1610000	195.0
1620000	195.0
1630000	193.0
1640000	192.0
1650000	194.0
1660000	190.0
1670000	200.0
1680000	196.0
1690000	193.0
1700000	193.0
1710000	195.0
1720000	195.0
1730000	188.0
1740000	190.0
1750000	193.0
1760000	190.0
1770000	194.0
1780000	192.0
1790000	193.0
1800000	196.0
1810000	194.0
1820000	193.0
1830000	199.0
1840000	193.0
1850000	197.0
1860000	197.0
1870000	198.0
1880000	193.0
1890000	195.0
1900000	191.0
1910000	193.0
1920000	194.0
1930000	193.0
1940000	197.0
1950000	197.0
1960000	196.0
1970000	197.0
1980000	195.0
1990000	193.0
2000000	193.0
2010000	196.0
2020000	192.0
2030000	195.0
2040000	197.0
2050000	193.0
2060000	194.0
2070000	194.0
2080000	194.0
2090000	199.0
2100000	194.0
2110000	198.0
2120000	192.0
2130000	194.0
2140000	197.0
2150000	194.0
2160000	199.0
2170000	199.0
2180000	196.0
2190000	199.0
2200000	192.0
2210000	200.0
2220000	193.0
2230000	194.0
2240000	197.0
2250000	193.0
2260000	197.0
2270000	193.0
2280000	197.0
2290000	196.0
2300000	194.0
2310000	197.0
2320000	197.0
2330000	196.0
2340000	195.0
2350000	195.0
2360000	198.0
2370000	197.0
2380000	195.0
2390000	196.0
2400000	199.0
2410000	194.0
2420000	199.0
2430000	194.0
2440000	197.0
2450000	199.0
2460000	194.0
2470000	195.0
2480000	196.0
2490000	196.0
2500000	193.0
2510000	196.0
2520000	193.0
2530000	195.0
2540000	197.0
2550000	197.0
2560000	200.0
2570000	197.0
2580000	195.0
2590000	200.0
2600000	196.0
2610000	197.0
2620000	196.0
2630000	198.0
2640000	198.0
2650000	199.0
2660000	199.0
2670000	197.0
2680000	199.0
2690000	198.0
2700000	194.0
2710000	199.0
2720000	199.0
2730000	196.0
2740000	198.0
2750000	197.0
2760000	191.0
2770000	197.0
2780000	198.0
2790000	195.0
2800000	200.0
2810000	200.0
2820000	193.0
2830000	193.0
2840000	198.0
2850000	191.0
2860000	198.0
2870000	197.0
2880000	198.0
2890000	199.0
2900000	195.0
2910000	201.0
2920000	194.0
2930000	192.0
2940000	198.0
2950000	195.0
2960000	198.0
2970000	191.0
2980000	195.0
2990000	196.0
3000000	193.0
3010000	197.0
3020000	198.0
3030000	196.0
3040000	197.0
3050000	195.0
3060000	194.0
3070000	198.0
3080000	197.0
3090000	196.0
3100000	197.0
3110000	195.0
3120000	199.0
3130000	195.0
3140000	196.0
3150000	193.0
3160000	196.0
3170000	196.0
3180000	199.0
3190000	197.0
3200000	197.0
3210000	197.0
3220000	196.0
3230000	196.0
3240000	198.0
3250000	196.0
3260000	196.0
3270000	197.0
3280000	197.0
3290000	200.0
3300000	197.0
3310000	194.0
3320000	194.0
3330000	196.0
3340000	200.0
3350000	195.0
3360000	196.0
3370000	195.0
3380000	196.0
3390000	199.0
3400000	198.0
3410000	196.0
3420000	197.0
3430000	199.0
3440000	200.0
3450000	194.0
3460000	195.0
3470000	196.0
3480000	199.0
3490000	200.0
3500000	200.0
3510000	194.0
3520000	195.0
3530000	199.0
3540000	197.0
3550000	197.0
3560000	197.0
3570000	195.0
3580000	197.0
3590000	198.0
3600000	195.0
3610000	196.0
3620000	198.0
3630000	198.0
3640000	196.0
3650000	199.0
3660000	198.0
3670000	197.0
3680000	194.0
3690000	199.0
3700000	199.0
3710000	198.0
3720000	198.0
3730000	197.0
3740000	198.0
3750000	201.0
3760000	197.0
3770000	199.0
3780000	200.0
3790000	195.0
3800000	196.0
3810000	196.0
3820000	197.0
3830000	198.0
3840000	195.0
3850000	194.0
3860000	201.0
3870000	198.0
3880000	197.0
3890000	197.0
3900000	200.0
3910000	198.0
3920000	199.0
3930000	196.0
3940000	197.0
3950000	202.0
3960000	202.0
3970000	196.0
3980000	196.0
3990000	198.0
4000000	196.0
4010000	199.0
4020000	178.0
4030000	196.0
4040000	196.0
4050000	198.0
4060000	198.0
4070000	200.0
4080000	197.0
4090000	197.0
4100000	201.0
4110000	197.0
4120000	198.0
4130000	199.0
4140000	199.0
4150000	198.0
4160000	197.0
4170000	199.0
4180000	199.0
4190000	200.0
4200000	200.0
4210000	196.0
4220000	194.0
4230000	200.0
4240000	197.0
4250000	198.0
4260000	203.0
4270000	201.0
4280000	197.0
4290000	197.0
4300000	201.0
4310000	197.0
4320000	200.0
4330000	198.0
4340000	200.0
4350000	197.0
4360000	203.0
4370000	200.0
4380000	199.0
4390000	197.0
4400000	195.0
4410000	201.0
4420000	200.0
4430000	197.0
4440000	197.0
4450000	196.0
4460000	201.0
4470000	197.0
4480000	200.0
4490000	201.0
4500000	198.0
4510000	200.0
4520000	199.0
4530000	201.0
4540000	197.0
4550000	198.0
4560000	200.0
4570000	200.0
4580000	200.0
4590000	200.0
4600000	200.0
4610000	198.0
4620000	198.0
4630000	199.0
4640000	197.0
4650000	199.0
4660000	199.0
4670000	199.0
4680000	200.0
4690000	201.0
4700000	198.0
4710000	197.0
4720000	197.0
4730000	199.0
4740000	197.0
4750000	198.0
4760000	200.0
4770000	199.0
4780000	196.0
4790000	198.0
4800000	198.0
4810000	196.0
4820000	197.0
4830000	199.0
4840000	201.0
4850000	199.0
4860000	197.0
4870000	196.0
4880000	198.0
4890000	197.0
4900000	199.0
4910000	201.0
4920000	195.0
4930000	199.0
4940000	204.0
4950000	197.0
4960000	201.0
4970000	199.0
4980000	198.0
4990000	201.0
5000000	202.0
