10000	2.0
20000	0.0
30000	3.0
40000	1.0
50000	2.0
60000	1.0
70000	3.0
80000	3.0
90000	2.0
100000	4.0
110000	2.0
120000	2.0
130000	1.0
140000	2.0
150000	3.0
160000	3.0
170000	2.0
180000	4.0
190000	1.0
200000	2.0
210000	1.0
220000	1.0
230000	3.0
240000	2.0
250000	1.0
260000	0.0
270000	1.0
280000	2.0
290000	0.0
300000	4.0
310000	3.0
320000	3.0
330000	2.0
340000	3.0
350000	3.0
360000	3.0
370000	1.0
380000	0.0
390000	2.0
400000	9.0
410000	9.0
420000	7.0
430000	24.0
440000	70.0
450000	109.0
460000	99.0
470000	87.0
480000	108.0
490000	123.0
500000	124.0
510000	154.0
520000	135.0
530000	139.0
540000	147.0
550000	140.0
560000	151.0
570000	149.0
580000	142.0
590000	148.0
600000	144.0
610000	154.0
620000	152.0
630000	154.0
640000	155.0
650000	158.0
660000	160.0
670000	158.0
680000	159.0
690000	159.0
700000	167.0
710000	168.0
720000	167.0
730000	170.0
740000	166.0
750000	169.0
760000	156.0
770000	164.0
780000	172.0
790000	171.0
800000	170.0
810000	171.0
820000	173.0
830000	178.0
840000	178.0
850000	174.0
860000	173.0
870000	173.0
880000	135.0
890000	172.0
900000	169.0
910000	180.0
920000	176.0
930000	179.0
940000	174.0
950000	166.0
960000	181.0
970000	184.0
980000	181.0
990000	181.0
1000000	184.0
1010000	184.0
1020000	181.0
1030000	186.0
1040000	186.0
1050000	181.0
1060000	182.0
1070000	180.0
1080000	180.0
1090000	184.0
1100000	188.0
1110000	185.0
1120000	181.0
1130000	181.0
1140000	182.0
1150000	173.0
1160000	183.0
1170000	174.0
1180000	183.0
1190000	185.0
1200000	184.0
1210000	172.0
1220000	180.0
1230000	186.0
1240000	184.0
1250000	184.0
1260000	183.0
1270000	185.0
1280000	184.0
1290000	187.0
1300000	184.0
1310000	184.0
1320000	184.0
1330000	182.0
1340000	188.0
1350000	181.0
1360000	182.0
1370000	187.0
1380000	183.0
1390000	186.0
1400000	188.0
1410000	187.0
1420000	190.0
1430000	181.0
1440000	188.0
1450000	187.0
1460000	189.0
1470000	186.0
1480000	184.0
1490000	190.0
1500000	185.0
1510000	184.0
1520000	189.0
1530000	189.0
1540000	187.0
1550000	186.0
1560000	190.0
1570000	190.0
1580000	183.0
1590000	186.0
1600000	188.0
1610000	190.0
1620000	179.0
1630000	187.0
1640000	187.0
1650000	190.0
1660000	185.0
1670000	189.0
1680000	190.0
1690000	178.0
1700000	190.0
1710000	190.0
1720000	185.0
1730000	186.0
1740000	192.0
1750000	187.0
1760000	188.0
1770000	187.0
1780000	189.0
1790000	192.0
1800000	192.0
1810000	192.0
1820000	194.0
1830000	185.0
1840000	189.0
1850000	192.0
1860000	191.0
1870000	189.0
1880000	189.0
1890000	187.0
1900000	192.0
1910000	190.0
1920000	183.0
1930000	186.0
1940000	185.0
1950000	184.0
1960000	195.0
1970000	191.0
1980000	189.0
1990000	191.0
2000000	193.0
2010000	193.0
2020000	191.0
2030000	186.0
2040000	189.0
2050000	190.0
2060000	191.0
2070000	191.0
2080000	191.0
2090000	189.0
2100000	186.0
2110000	188.0
2120000	187.0
2130000	189.0
2140000	192.0
2150000	187.0
2160000	191.0
2170000	190.0
2180000	186.0
2190000	190.0
2200000	189.0
2210000	191.0
2220000	190.0
2230000	192.0
2240000	190.0
2250000	190.0
2260000	188.0
2270000	185.0
2280000	192.0
2290000	193.0
2300000	192.0
2310000	189.0
2320000	191.0
2330000	191.0
2340000	191.0
2350000	187.0
2360000	191.0
2370000	194.0
2380000	193.0
2390000	192.0
2400000	189.0
2410000	191.0
2420000	192.0
2430000	193.0
2440000	192.0
2450000	193.0
2460000	192.0
2470000	192.0
2480000	194.0
2490000	190.0
2500000	190.0
2510000	191.0
2520000	192.0
2530000	194.0
2540000	192.0
2550000	192.0
2560000	191.0
2570000	192.0
2580000	195.0
2590000	187.0
2600000	190.0
2610000	188.0
2620000	190.0
2630000	190.0
2640000	194.0
2650000	188.0
2660000	193.0
2670000	191.0
2680000	191.0
2690000	194.0
2700000	196.0
2710000	191.0
2720000	195.0
2730000	191.0
2740000	191.0
2750000	192.0
2760000	194.0
2770000	192.0
2780000	189.0
2790000	193.0
2800000	192.0
2810000	178.0
2820000	193.0
2830000	197.0
2840000	191.0
2850000	194.0
2860000	193.0
2870000	186.0
2880000	190.0
2890000	190.0
2900000	194.0
2910000	189.0
2920000	192.0
2930000	191.0
2940000	194.0
2950000	192.0
2960000	195.0
2970000	193.0
2980000	192.0
2990000	196.0
3000000	191.0
3010000	191.0
3020000	194.0
3030000	193.0
3040000	190.0
3050000	194.0
3060000	192.0
3070000	194.0
3080000	189.0
3090000	192.0
3100000	192.0
3110000	190.0
3120000	192.0
3130000	196.0
3140000	196.0
3150000	194.0
3160000	195.0
3170000	192.0
3180000	196.0
3190000	190.0
3200000	190.0
3210000	190.0
3220000	193.0
3230000	190.0
3240000	191.0
3250000	194.0
3260000	194.0
3270000	189.0
3280000	188.0
3290000	191.0
3300000	191.0
3310000	192.0
3320000	191.0
3330000	188.0
3340000	194.0
3350000	195.0
3360000	191.0
3370000	191.0
3380000	189.0
3390000	193.0
3400000	190.0
3410000	191.0
3420000	198.0
3430000	194.0
3440000	191.0
3450000	193.0
3460000	196.0
3470000	191.0
3480000	198.0
3490000	189.0
3500000	193.0
3510000	197.0
3520000	195.0
3530000	194.0
3540000	196.0
3550000	194.0
3560000	191.0
3570000	187.0
3580000	189.0
3590000	190.0
3600000	193.0
3610000	192.0
3620000	193.0
3630000	191.0
3640000	193.0
3650000	193.0
3660000	190.0
3670000	194.0
3680000	194.0
3690000	189.0
3700000	191.0
3710000	194.0
3720000	179.0
3730000	192.0
3740000	194.0
3750000	194.0
3760000	195.0
3770000	190.0
3780000	194.0
3790000	192.0
3800000	190.0
3810000	195.0
3820000	195.0
3830000	156.0
3840000	193.0
3850000	192.0
3860000	189.0
3870000	196.0
3880000	193.0
3890000	192.0
3900000	193.0
3910000	191.0
3920000	194.0
3930000	194.0
3940000	193.0
3950000	193.0
3960000	189.0
3970000	193.0
3980000	192.0
3990000	194.0
4000000	191.0
4010000	191.0
4020000	191.0
4030000	190.0
4040000	191.0
4050000	191.0
4060000	190.0
4070000	196.0
4080000	194.0
4090000	189.0
4100000	192.0
4110000	192.0
4120000	193.0
4130000	194.0
4140000	190.0
4150000	194.0
4160000	195.0
4170000	194.0
4180000	196.0
4190000	193.0
4200000	193.0
4210000	187.0
4220000	192.0
4230000	190.0
4240000	190.0
4250000	196.0
4260000	195.0
4270000	193.0
4280000	190.0
4290000	193.0
4300000	193.0
4310000	195.0
4320000	197.0
4330000	197.0
4340000	193.0
4350000	197.0
4360000	195.0
4370000	193.0
4380000	197.0
4390000	196.0
4400000	194.0
4410000	196.0
4420000	189.0
4430000	193.0
4440000	193.0
4450000	198.0
4460000	194.0
4470000	193.0
4480000	188.0
4490000	194.0
4500000	196.0
4510000	193.0
4520000	189.0
4530000	190.0
4540000	162.0
4550000	196.0
4560000	195.0
4570000	194.0
4580000	192.0
4590000	194.0
4600000	195.0
4610000	191.0
4620000	192.0
4630000	194.0
4640000	194.0
4650000	190.0
4660000	175.0
4670000	193.0
4680000	194.0
4690000	194.0
4700000	195.0
4710000	194.0
4720000	193.0
4730000	196.0
4740000	193.0
4750000	196.0
4760000	197.0
4770000	191.0
4780000	191.0
4790000	196.0
4800000	194.0
4810000	196.0
4820000	193.0
4830000	191.0
4840000	194.0
4850000	193.0
4860000	194.0
4870000	193.0
4880000	197.0
4890000	195.0
4900000	198.0
4910000	192.0
4920000	195.0
4930000	194.0
4940000	192.0
4950000	192.0
4960000	192.0
4970000	193.0
4980000	192.0
4990000	190.0
5000000	191.0
