10000	4.0
20000	3.0
30000	5.0
40000	0.0
50000	2.0
60000	2.0
70000	1.0
80000	4.0
90000	2.0
100000	1.0
110000	2.0
120000	2.0
130000	2.0
140000	1.0
150000	5.0
160000	2.0
170000	2.0
180000	4.0
190000	2.0
200000	0.0
210000	1.0
220000	2.0
230000	2.0
240000	5.0
250000	3.0
260000	1.0
270000	0.0
280000	8.0
290000	6.0
300000	21.0
310000	53.0
320000	85.0
330000	109.0
340000	123.0
350000	137.0
360000	134.0
370000	129.0
380000	141.0
390000	138.0
400000	140.0
410000	120.0
420000	146.0
430000	140.0
440000	142.0
450000	160.0
460000	156.0
470000	149.0
480000	151.0
490000	167.0
500000	165.0
510000	158.0
520000	151.0
530000	162.0
540000	162.0
550000	159.0
560000	167.0
570000	166.0
580000	166.0
590000	168.0
600000	173.0
610000	173.0
620000	175.0
630000	167.0
640000	173.0
650000	176.0
660000	177.0
670000	175.0
680000	175.0
690000	180.0
700000	179.0
710000	173.0
720000	171.0
730000	179.0
740000	185.0
750000	179.0
760000	181.0
770000	177.0
780000	185.0
790000	182.0
800000	179.0
810000	182.0
820000	180.0
830000	182.0
840000	181.0
850000	179.0
860000	184.0
870000	177.0
880000	173.0
890000	175.0
900000	183.0
910000	182.0
920000	179.0
930000	180.0
940000	182.0
950000	188.0
960000	186.0
970000	184.0
980000	189.0
990000	189.0
1000000	184.0
1010000	184.0
1020000	188.0
1030000	188.0
1040000	179.0
1050000	183.0
1060000	187.0
1070000	184.0
1080000	186.0
1090000	186.0
1100000	189.0
1110000	184.0
1120000	191.0
1130000	187.0
1140000	186.0
1150000	186.0
1160000	186.0
1170000	188.0
1180000	192.0
1190000	189.0
1200000	191.0
1210000	194.0
1220000	190.0
1230000	191.0
1240000	191.0
1250000	194.0
1260000	190.0
1270000	193.0
1280000	191.0
1290000	190.0
1300000	195.0
1310000	193.0
1320000	192.0
1330000	193.0
1340000	191.0
1350000	191.0
1360000	195.0
1370000	193.0
1380000	194.0
1390000	197.0
1400000	191.0
1410000	192.0
1420000	191.0
1430000	196.0
1440000	190.0
1450000	189.0
1460000	190.0
1470000	191.0
1480000	189.0
1490000	194.0
1500000	194.0
1510000	194.0
1520000	188.0
1530000	197.0
1540000	192.0
1550000	192.0
1560000	194.0
1570000	192.0
1580000	194.0
1590000	190.0
1600000	195.0
1610000	194.0
1620000	194.0
1630000	199.0
1640000	194.0
1650000	195.0
1660000	194.0
1670000	192.0
1680000	198.0
1690000	194.0
1700000	194.0
1710000	192.0
1720000	197.0
1730000	191.0
1740000	190.0
1750000	195.0
1760000	199.0
1770000	194.0
1780000	188.0
1790000	197.0
1800000	192.0
1810000	196.0
1820000	193.0
1830000	198.0
1840000	192.0
1850000	196.0
1860000	197.0
1870000	195.0
1880000	196.0
1890000	195.0
1900000	195.0
1910000	194.0
1920000	199.0
1930000	195.0
1940000	197.0
1950000	197.0
1960000	196.0
1970000	195.0
1980000	194.0
1990000	193.0
2000000	195.0
2010000	193.0
2020000	197.0
2030000	195.0
2040000	192.0
2050000	195.0
2060000	196.0
2070000	194.0
2080000	194.0
2090000	196.0
2100000	193.0
2110000	195.0
2120000	199.0
2130000	195.0
2140000	193.0
2150000	194.0
2160000	198.0
2170000	197.0
2180000	195.0
2190000	195.0
2200000	196.0
2210000	192.0
2220000	194.0
2230000	199.0
2240000	198.0
2250000	192.0
2260000	199.0
2270000	196.0
2280000	199.0
2290000	198.0
2300000	194.0
2310000	196.0
2320000	197.0
2330000	195.0
2340000	198.0
2350000	194.0
2360000	197.0
2370000	195.0
2380000	193.0
2390000	196.0
2400000	198.0
2410000	194.0
2420000	194.0
2430000	194.0
2440000	198.0
2450000	195.0
2460000	194.0
2470000	198.0
2480000	194.0
2490000	200.0
2500000	197.0
2510000	195.0
2520000	196.0
2530000	193.0
2540000	194.0
2550000	200.0
2560000	194.0
2570000	193.0
2580000	196.0
2590000	194.0
2600000	196.0
2610000	199.0
2620000	198.0
2630000	198.0
2640000	200.0
2650000	199.0
2660000	193.0
2670000	197.0
2680000	198.0
2690000	199.0
2700000	194.0
2710000	193.0
2720000	192.0
2730000	191.0
2740000	193.0
2750000	194.0
2760000	193.0
2770000	195.0
2780000	194.0
2790000	197.0
2800000	192.0
2810000	198.0
2820000	196.0
2830000	200.0
2840000	194.0
2850000	197.0
2860000	199.0
2870000	198.0
2880000	201.0
2890000	195.0
2900000	198.0
2910000	193.0
2920000	195.0
2930000	198.0
2940000	194.0
2950000	194.0
2960000	197.0
2970000	198.0
2980000	197.0
2990000	198.0
3000000	194.0
3010000	197.0
3020000	196.0
3030000	199.0
3040000	195.0
3050000	197.0
3060000	200.0
3070000	199.0
3080000	197.0
3090000	199.0
3100000	197.0
3110000	193.0
3120000	195.0
3130000	199.0
3140000	201.0
3150000	195.0
3160000	196.0
3170000	197.0
3180000	199.0
3190000	196.0
3200000	198.0
3210000	196.0
3220000	198.0
3230000	199.0
3240000	198.0
3250000	195.0
3260000	200.0
3270000	194.0
3280000	197.0
3290000	193.0
3300000	197.0
3310000	199.0
3320000	200.0
3330000	199.0
3340000	198.0
3350000	201.0
3360000	198.0
3370000	196.0
3380000	199.0
3390000	197.0
3400000	202.0
3410000	200.0
3420000	198.0
3430000	200.0
3440000	198.0
3450000	201.0
3460000	195.0
3470000	194.0
3480000	199.0
3490000	197.0
3500000	198.0
3510000	196.0
3520000	197.0
3530000	194.0
3540000	198.0
3550000	199.0
3560000	201.0
3570000	199.0
3580000	199.0
3590000	197.0
3600000	202.0
3610000	201.0
3620000	200.0
3630000	201.0
3640000	198.0
3650000	197.0
3660000	195.0
3670000	199.0
3680000	200.0
3690000	199.0
3700000	199.0
3710000	199.0
3720000	196.0
3730000	197.0
3740000	199.0
3750000	198.0
3760000	195.0
3770000	198.0
3780000	197.0
3790000	199.0
3800000	199.0
3810000	195.0
3820000	197.0
3830000	196.0
3840000	200.0
3850000	199.0
3860000	199.0
3870000	199.0
3880000	195.0
3890000	199.0
3900000	197.0
3910000	192.0
3920000	196.0
3930000	196.0
3940000	196.0
3950000	197.0
3960000	197.0
3970000	195.0
3980000	200.0
3990000	197.0
4000000	195.0
4010000	199.0
4020000	200.0
4030000	198.0
4040000	198.0
4050000	198.0
4060000	199.0
4070000	200.0
4080000	196.0
4090000	197.0
4100000	199.0
4110000	197.0
4120000	202.0
4130000	195.0
4140000	196.0
4150000	198.0
4160000	200.0
4170000	196.0
4180000	198.0
4190000	196.0
4200000	200.0
4210000	194.0
4220000	199.0
4230000	196.0
4240000	194.0
4250000	201.0
4260000	198.0
4270000	198.0
4280000	195.0
4290000	199.0
4300000	199.0
4310000	198.0
4320000	198.0
4330000	200.0
4340000	197.0
4350000	195.0
4360000	199.0
4370000	201.0
4380000	199.0
4390000	200.0
4400000	198.0
4410000	201.0
4420000	197.0
4430000	198.0
4440000	197.0
4450000	196.0
4460000	197.0
4470000	197.0
4480000	198.0
4490000	195.0
4500000	200.0
4510000	198.0
4520000	196.0
4530000	200.0
4540000	200.0
4550000	197.0
4560000	202.0
4570000	198.0
4580000	197.0
4590000	202.0
4600000	199.0
4610000	197.0
4620000	196.0
4630000	197.0
4640000	199.0
4650000	197.0
4660000	200.0
4670000	199.0
4680000	201.0
4690000	199.0
4700000	201.0
4710000	200.0
4720000	196.0
4730000	199.0
4740000	198.0
4750000	198.0
4760000	198.0
4770000	196.0
4780000	199.0
4790000	198.0
4800000	198.0
4810000	194.0
4820000	200.0
4830000	198.0
4840000	197.0
4850000	198.0
4860000	189.0
4870000	201.0
4880000	199.0
4890000	198.0
4900000	201.0
4910000	197.0
4920000	197.0
4930000	197.0
4940000	196.0
4950000	197.0
4960000	200.0
4970000	201.0
4980000	201.0
4990000	198.0
5000000	198.0
