10000	2.0
20000	5.0
30000	2.0
40000	2.0
50000	4.0
60000	1.0
70000	3.0
80000	1.0
90000	3.0
100000	2.0
110000	3.0
120000	4.0
130000	3.0
140000	1.0
150000	3.0
160000	3.0
170000	3.0
180000	2.0
190000	3.0
200000	4.0
210000	1.0
220000	2.0
230000	2.0
240000	4.0
250000	2.0
260000	0.0
270000	0.0
280000	0.0
290000	13.0
300000	2.0
310000	10.0
320000	67.0
330000	138.0
340000	160.0
350000	146.0
360000	141.0
370000	152.0
380000	151.0
390000	144.0
400000	145.0
410000	150.0
420000	138.0
430000	151.0
440000	150.0
450000	161.0
460000	161.0
470000	156.0
480000	157.0
490000	163.0
500000	164.0
510000	163.0
520000	175.0
530000	170.0
540000	167.0
550000	162.0
560000	170.0
570000	170.0
580000	174.0
590000	171.0
600000	174.0
610000	179.0
620000	176.0
630000	174.0
640000	175.0
650000	182.0
660000	178.0
670000	183.0
680000	183.0
690000	181.0
700000	179.0
710000	182.0
720000	189.0
730000	185.0
740000	184.0
750000	182.0
760000	181.0
770000	180.0
780000	184.0
790000	185.0
800000	131.0
810000	179.0
820000	181.0
830000	184.0
840000	166.0
850000	188.0
860000	187.0
870000	189.0
880000	184.0
890000	187.0
900000	192.0
910000	189.0
920000	190.0
930000	189.0
940000	188.0
950000	189.0
960000	188.0
970000	189.0
980000	188.0
990000	189.0
1000000	192.0
1010000	189.0
1020000	194.0
1030000	189.0
1040000	188.0
1050000	188.0
1060000	188.0
1070000	191.0
1080000	192.0
1090000	190.0
1100000	192.0
1110000	194.0
1120000	189.0
1130000	187.0
1140000	191.0
1150000	192.0
1160000	189.0
1170000	191.0
1180000	191.0
1190000	189.0
1200000	196.0
1210000	193.0
1220000	192.0
1230000	196.0
1240000	193.0
1250000	192.0
1260000	195.0
1270000	194.0
1280000	191.0
1290000	193.0
1300000	198.0
1310000	193.0
1320000	196.0
1330000	185.0
1340000	193.0
1350000	198.0
1360000	192.0
1370000	192.0
1380000	190.0
1390000	194.0
1400000	157.0
1410000	188.0
1420000	185.0
1430000	191.0
1440000	190.0
1450000	187.0
1460000	193.0
1470000	194.0
1480000	194.0
1490000	194.0
1500000	194.0
1510000	194.0
1520000	196.0
1530000	196.0
1540000	198.0
1550000	194.0
1560000	195.0
1570000	195.0
1580000	196.0
1590000	193.0
1600000	197.0
1610000	195.0
1620000	196.0
1630000	197.0
1640000	195.0
1650000	195.0
1660000	193.0
1670000	183.0
1680000	194.0
1690000	194.0
1700000	193.0
1710000	199.0
1720000	194.0
1730000	193.0
1740000	197.0
1750000	194.0
1760000	193.0
1770000	197.0
1780000	198.0
1790000	196.0
1800000	191.0
1810000	195.0
1820000	197.0
1830000	192.0
1840000	194.0
1850000	193.0
1860000	198.0
1870000	198.0
1880000	196.0
1890000	194.0
1900000	196.0
1910000	193.0
1920000	192.0
1930000	193.0
1940000	193.0
1950000	192.0
1960000	195.0
1970000	198.0
1980000	194.0
1990000	199.0
2000000	198.0
2010000	196.0
2020000	197.0
2030000	194.0
2040000	194.0
2050000	195.0
2060000	197.0
2070000	194.0
2080000	197.0
2090000	184.0
2100000	194.0
2110000	191.0
2120000	198.0
2130000	193.0
2140000	191.0
2150000	198.0
2160000	195.0
2170000	193.0
2180000	197.0
2190000	198.0
2200000	198.0
2210000	198.0
2220000	193.0
2230000	199.0
2240000	201.0
2250000	197.0
2260000	193.0
2270000	196.0
2280000	193.0
2290000	195.0
2300000	199.0
2310000	192.0
2320000	186.0
2330000	194.0
2340000	148.0
2350000	190.0
2360000	193.0
2370000	168.0
2380000	196.0
2390000	200.0
2400000	196.0
2410000	198.0
2420000	199.0
2430000	195.0
2440000	197.0
2450000	201.0
2460000	196.0
2470000	204.0
2480000	197.0
2490000	198.0
2500000	195.0
2510000	200.0
2520000	198.0
2530000	201.0
2540000	197.0
2550000	196.0
2560000	197.0
2570000	199.0
2580000	198.0
2590000	197.0
2600000	199.0
2610000	196.0
2620000	197.0
2630000	192.0
2640000	198.0
2650000	200.0
2660000	197.0
2670000	199.0
2680000	199.0
2690000	198.0
2700000	195.0
2710000	198.0
2720000	199.0
2730000	200.0
2740000	200.0
2750000	200.0
2760000	195.0
2770000	197.0
2780000	196.0
2790000	199.0
2800000	198.0
2810000	199.0
2820000	198.0
2830000	197.0
2840000	197.0
2850000	199.0
2860000	197.0
2870000	197.0
2880000	193.0
2890000	194.0
2900000	197.0
2910000	194.0
2920000	194.0
2930000	199.0
2940000	197.0
2950000	196.0
2960000	193.0
2970000	194.0
2980000	180.0
2990000	197.0
3000000	195.0
3010000	199.0
3020000	195.0
3030000	198.0
3040000	197.0
3050000	199.0
3060000	197.0
3070000	201.0
3080000	198.0
3090000	197.0
3100000	197.0
3110000	197.0
3120000	196.0
3130000	197.0
3140000	200.0
3150000	196.0
3160000	197.0
3170000	198.0
3180000	195.0
3190000	199.0
3200000	198.0
3210000	196.0
3220000	199.0
3230000	198.0
3240000	199.0
3250000	196.0
3260000	195.0
3270000	198.0
3280000	200.0
3290000	199.0
3300000	198.0
3310000	198.0
3320000	196.0
3330000	195.0
3340000	199.0
3350000	202.0
3360000	198.0
3370000	198.0
3380000	197.0
3390000	199.0
3400000	200.0
3410000	197.0
3420000	177.0
3430000	196.0
3440000	198.0
3450000	196.0
3460000	198.0
3470000	202.0
3480000	199.0
3490000	198.0
3500000	197.0
3510000	200.0
3520000	198.0
3530000	196.0
3540000	199.0
3550000	197.0
3560000	197.0
3570000	197.0
3580000	201.0
3590000	198.0
3600000	196.0
3610000	197.0
3620000	199.0
3630000	199.0
3640000	202.0
3650000	199.0
3660000	200.0
3670000	199.0
3680000	199.0
3690000	198.0
3700000	199.0
3710000	197.0
3720000	199.0
3730000	198.0
3740000	193.0
3750000	199.0
3760000	196.0
3770000	201.0
3780000	200.0
3790000	202.0
3800000	197.0
3810000	198.0
3820000	198.0
3830000	201.0
3840000	196.0
3850000	198.0
3860000	197.0
3870000	198.0
3880000	200.0
3890000	201.0
3900000	201.0
3910000	196.0
3920000	199.0
3930000	200.0
3940000	197.0
3950000	197.0
3960000	199.0
3970000	196.0
3980000	201.0
3990000	201.0
4000000	200.0
4010000	200.0
4020000	199.0
4030000	200.0
4040000	198.0
4050000	197.0
4060000	198.0
4070000	197.0
4080000	199.0
4090000	197.0
4100000	198.0
4110000	198.0
4120000	198.0
4130000	198.0
4140000	197.0
4150000	200.0
4160000	197.0
4170000	198.0
4180000	200.0
4190000	199.0
4200000	197.0
4210000	195.0
4220000	196.0
4230000	201.0
4240000	201.0
4250000	199.0
4260000	199.0
4270000	200.0
4280000	199.0
4290000	198.0
4300000	194.0
4310000	199.0
4320000	197.0
4330000	197.0
4340000	198.0
4350000	199.0
4360000	200.0
4370000	201.0
4380000	197.0
4390000	199.0
4400000	200.0
4410000	199.0
4420000	198.0
4430000	198.0
4440000	198.0
4450000	197.0
4460000	199.0
4470000	201.0
4480000	196.0
4490000	199.0
4500000	196.0
4510000	197.0
4520000	197.0
4530000	199.0
4540000	198.0
4550000	198.0
4560000	202.0
4570000	200.0
4580000	200.0
4590000	201.0
4600000	200.0
4610000	201.0
4620000	201.0
4630000	201.0
4640000	196.0
4650000	198.0
4660000	197.0
4670000	199.0
4680000	200.0
4690000	197.0
4700000	199.0
4710000	199.0
4720000	199.0
4730000	197.0
4740000	201.0
4750000	202.0
4760000	197.0
4770000	170.0
4780000	193.0
4790000	199.0
4800000	196.0
4810000	197.0
4820000	198.0
4830000	196.0
4840000	198.0
4850000	199.0
4860000	199.0
4870000	200.0
4880000	199.0
4890000	202.0
4900000	198.0
4910000	198.0
4920000	195.0
4930000	198.0
4940000	194.0
4950000	200.0
4960000	200.0
4970000	199.0
4980000	195.0
4990000	198.0
5000000	202.0
