10000	1.0
20000	1.0
30000	1.0
40000	2.0
50000	2.0
60000	3.0
70000	2.0
80000	1.0
90000	4.0
100000	3.0
110000	1.0
120000	0.0
130000	3.0
140000	2.0
150000	1.0
160000	1.0
170000	1.0
180000	1.0
190000	2.0
200000	3.0
210000	1.0
220000	3.0
230000	2.0
240000	3.0
250000	3.0
260000	0.0
270000	0.0
280000	1.0
290000	0.0
300000	1.0
310000	4.0
320000	3.0
330000	11.0
340000	18.0
350000	104.0
360000	156.0
370000	159.0
380000	166.0
390000	155.0
400000	166.0
410000	155.0
420000	162.0
430000	155.0
440000	152.0
450000	153.0
460000	145.0
470000	160.0
480000	149.0
490000	162.0
500000	167.0
510000	164.0
520000	169.0
530000	174.0
540000	176.0
550000	174.0
560000	169.0
570000	171.0
580000	170.0
590000	169.0
600000	166.0
610000	176.0
620000	178.0
630000	181.0
640000	174.0
650000	175.0
660000	157.0
670000	177.0
680000	183.0
690000	176.0
700000	182.0
710000	176.0
720000	177.0
730000	177.0
740000	181.0
750000	171.0
760000	178.0
770000	183.0
780000	184.0
790000	178.0
800000	185.0
810000	172.0
820000	188.0
830000	180.0
840000	180.0
850000	187.0
860000	181.0
870000	179.0
880000	187.0
890000	182.0
900000	188.0
910000	187.0
920000	183.0
930000	186.0
940000	187.0
950000	189.0
960000	189.0
970000	190.0
980000	190.0
990000	187.0
1000000	183.0
1010000	192.0
1020000	186.0
1030000	188.0
1040000	190.0
1050000	195.0
1060000	187.0
1070000	187.0
1080000	190.0
1090000	190.0
1100000	184.0
1110000	190.0
1120000	190.0
1130000	192.0
1140000	186.0
1150000	187.0
1160000	193.0
1170000	191.0
1180000	194.0
1190000	195.0
1200000	186.0
1210000	193.0
1220000	196.0
1230000	192.0
1240000	192.0
1250000	186.0
1260000	194.0
1270000	195.0
1280000	196.0
1290000	194.0
1300000	194.0
1310000	192.0
1320000	193.0
1330000	193.0
1340000	194.0
1350000	193.0
1360000	193.0
1370000	196.0
1380000	197.0
1390000	196.0
1400000	193.0
1410000	192.0
1420000	195.0
1430000	197.0
1440000	191.0
1450000	199.0
1460000	193.0
1470000	195.0
1480000	198.0
1490000	196.0
1500000	194.0
1510000	194.0
1520000	191.0
1530000	195.0
1540000	195.0
1550000	194.0
1560000	192.0
1570000	197.0
1580000	193.0
1590000	201.0
1600000	197.0
1610000	195.0
1620000	197.0
1630000	198.0
1640000	197.0
1650000	198.0
1660000	197.0
1670000	195.0
1680000	192.0
1690000	195.0
1700000	198.0
1710000	195.0
1720000	197.0
1730000	198.0
1740000	195.0
1750000	196.0
1760000	195.0
1770000	197.0
1780000	192.0
1790000	195.0
1800000	199.0
1810000	199.0
1820000	196.0
1830000	200.0
1840000	195.0
1850000	198.0
1860000	198.0
1870000	197.0
1880000	197.0
1890000	198.0
1900000	198.0
1910000	199.0
1920000	197.0
1930000	198.0
1940000	196.0
1950000	199.0
1960000	198.0
1970000	198.0
1980000	197.0
1990000	199.0
2000000	199.0
2010000	197.0
2020000	196.0
2030000	195.0
2040000	198.0
2050000	193.0
2060000	196.0
2070000	197.0
2080000	199.0
2090000	197.0
2100000	198.0
2110000	195.0
2120000	197.0
2130000	197.0
2140000	199.0
2150000	198.0
2160000	198.0
2170000	180.0
2180000	197.0
2190000	194.0
2200000	199.0
2210000	197.0
2220000	194.0
2230000	198.0
2240000	198.0
2250000	195.0
2260000	195.0
2270000	197.0
2280000	198.0
2290000	201.0
2300000	194.0
2310000	198.0
2320000	196.0
2330000	197.0
2340000	196.0
2350000	195.0
2360000	199.0
2370000	194.0
2380000	198.0
2390000	198.0
2400000	199.0
2410000	200.0
2420000	196.0
2430000	199.0
2440000	199.0
2450000	201.0
2460000	196.0
2470000	199.0
2480000	197.0
2490000	198.0
2500000	197.0
2510000	200.0
2520000	196.0
2530000	196.0
2540000	198.0
2550000	200.0
2560000	200.0
2570000	201.0
2580000	200.0
2590000	197.0
2600000	195.0
2610000	199.0
2620000	194.0
2630000	198.0
2640000	195.0
2650000	199.0
2660000	198.0
2670000	198.0
2680000	199.0
2690000	196.0
2700000	200.0
2710000	198.0
2720000	203.0
2730000	198.0
2740000	195.0
2750000	198.0
2760000	201.0
2770000	197.0
2780000	201.0
2790000	196.0
2800000	197.0
2810000	199.0
2820000	200.0
2830000	201.0
2840000	198.0
2850000	200.0
2860000	199.0
2870000	199.0
2880000	198.0
2890000	200.0
2900000	198.0
2910000	200.0
2920000	198.0
2930000	200.0
2940000	200.0
2950000	202.0
2960000	198.0
2970000	200.0
2980000	203.0
2990000	200.0
3000000	201.0
3010000	200.0
3020000	197.0
3030000	201.0
3040000	198.0
3050000	196.0
3060000	199.0
3070000	198.0
3080000	197.0
3090000	197.0
3100000	204.0
3110000	198.0
3120000	199.0
3130000	199.0
3140000	199.0
3150000	197.0
3160000	199.0
3170000	201.0
3180000	199.0
3190000	201.0
3200000	200.0
3210000	196.0
3220000	202.0
3230000	199.0
3240000	201.0
3250000	198.0
3260000	201.0
3270000	193.0
3280000	198.0
3290000	199.0
3300000	198.0
3310000	198.0
3320000	201.0
3330000	201.0
3340000	199.0
3350000	200.0
3360000	200.0
3370000	198.0
3380000	199.0
3390000	198.0
3400000	195.0
3410000	201.0
3420000	199.0
3430000	200.0
3440000	198.0
3450000	200.0
3460000	196.0
3470000	197.0
3480000	200.0
3490000	196.0
3500000	196.0
3510000	197.0
3520000	199.0
3530000	200.0
3540000	199.0
3550000	199.0
3560000	196.0
3570000	196.0
3580000	199.0
3590000	199.0
3600000	198.0
3610000	203.0
3620000	200.0
3630000	200.0
3640000	202.0
3650000	202.0
3660000	201.0
3670000	198.0
3680000	198.0
3690000	201.0
3700000	198.0
3710000	200.0
3720000	201.0
3730000	198.0
3740000	195.0
3750000	199.0
3760000	199.0
3770000	199.0
3780000	197.0
3790000	200.0
3800000	203.0
3810000	197.0
3820000	199.0
3830000	201.0
3840000	198.0
3850000	203.0
3860000	197.0
3870000	202.0
3880000	197.0
3890000	203.0
3900000	201.0
3910000	202.0
3920000	197.0
3930000	200.0
3940000	199.0
3950000	202.0
3960000	198.0
3970000	200.0
3980000	198.0
3990000	200.0
4000000	198.0
4010000	197.0
4020000	199.0
4030000	199.0
4040000	201.0
4050000	202.0
4060000	200.0
4070000	201.0
4080000	201.0
4090000	200.0
4100000	204.0
4110000	202.0
4120000	201.0
4130000	199.0
4140000	199.0
4150000	203.0
4160000	201.0
4170000	196.0
4180000	199.0
4190000	198.0
4200000	198.0
4210000	199.0
4220000	197.0
4230000	198.0
4240000	201.0
4250000	201.0
4260000	199.0
4270000	199.0
4280000	200.0
4290000	196.0
4300000	197.0
4310000	198.0
4320000	198.0
4330000	202.0
4340000	200.0
4350000	199.0
4360000	198.0
4370000	198.0
4380000	198.0
4390000	200.0
4400000	200.0
4410000	199.0
4420000	200.0
4430000	201.0
4440000	200.0
4450000	198.0
4460000	199.0
4470000	199.0
4480000	203.0
4490000	199.0
4500000	197.0
4510000	198.0
4520000	200.0
4530000	200.0
4540000	202.0
4550000	200.0
4560000	199.0
4570000	200.0
4580000	201.0
4590000	201.0
4600000	202.0
4610000	198.0
4620000	201.0
4630000	198.0
4640000	200.0
4650000	199.0
4660000	201.0
4670000	188.0
4680000	201.0
4690000	198.0
4700000	195.0
4710000	198.0
4720000	200.0
4730000	197.0
4740000	198.0
4750000	200.0
4760000	198.0
4770000	199.0
4780000	201.0
4790000	199.0
4800000	200.0
4810000	202.0
4820000	201.0
4830000	201.0
4840000	200.0
4850000	200.0
4860000	201.0
4870000	199.0
4880000	199.0
4890000	199.0
4900000	198.0
4910000	199.0
4920000	202.0
4930000	200.0
4940000	198.0
4950000	198.0
4960000	202.0
4970000	199.0
4980000	199.0
4990000	198.0
5000000	200.0
