10000	2.0
20000	2.0
30000	3.0
40000	2.0
50000	1.0
60000	3.0
70000	3.0
80000	3.0
90000	1.0
100000	3.0
110000	2.0
120000	2.0
130000	4.0
140000	4.0
150000	1.0
160000	2.0
170000	2.0
180000	2.0
190000	4.0
200000	2.0
210000	3.0
220000	0.0
230000	1.0
240000	3.0
250000	2.0
260000	0.0
270000	1.0
280000	0.0
290000	10.0
300000	4.0
310000	14.0
320000	55.0
330000	120.0
340000	161.0
350000	134.0
360000	147.0
370000	150.0
380000	154.0
390000	147.0
400000	145.0
410000	151.0
420000	150.0
430000	157.0
440000	163.0
450000	149.0
460000	154.0
470000	162.0
480000	159.0
490000	165.0
500000	169.0
510000	171.0
520000	172.0
530000	160.0
540000	166.0
550000	168.0
560000	166.0
570000	164.0
580000	171.0
590000	171.0
600000	173.0
610000	176.0
620000	166.0
630000	175.0
640000	176.0
650000	171.0
660000	178.0
670000	173.0
680000	178.0
690000	177.0
700000	177.0
710000	181.0
720000	179.0
730000	177.0
740000	177.0
750000	183.0
760000	178.0
770000	175.0
780000	179.0
790000	186.0
800000	181.0
810000	166.0
820000	188.0
830000	186.0
840000	184.0
850000	184.0
860000	182.0
870000	183.0
880000	186.0
890000	188.0
900000	184.0
910000	182.0
920000	189.0
930000	184.0
940000	182.0
950000	189.0
960000	191.0
970000	187.0
980000	188.0
990000	191.0
1000000	183.0
1010000	178.0
1020000	188.0
1030000	188.0
1040000	188.0
1050000	192.0
1060000	187.0
1070000	189.0
1080000	191.0
1090000	189.0
1100000	187.0
1110000	191.0
1120000	190.0
1130000	187.0
1140000	190.0
1150000	184.0
1160000	188.0
1170000	190.0
1180000	192.0
1190000	194.0
1200000	192.0
1210000	191.0
1220000	192.0
1230000	186.0
1240000	188.0
1250000	195.0
1260000	188.0
1270000	192.0
1280000	186.0
1290000	191.0
1300000	190.0
1310000	190.0
1320000	187.0
1330000	188.0
1340000	189.0
1350000	196.0
1360000	191.0
1370000	196.0
1380000	191.0
1390000	191.0
1400000	192.0
1410000	189.0
1420000	192.0
1430000	196.0
1440000	190.0
1450000	196.0
1460000	188.0
1470000	193.0
1480000	195.0
1490000	193.0
1500000	193.0
1510000	189.0
1520000	196.0
1530000	195.0
1540000	195.0
1550000	193.0
1560000	194.0
1570000	191.0
1580000	193.0
1590000	193.0
1600000	191.0
1610000	192.0
1620000	191.0
1630000	190.0
1640000	194.0
1650000	194.0
1660000	195.0
1670000	189.0
1680000	193.0
1690000	194.0
1700000	194.0
1710000	195.0
1720000	192.0
1730000	194.0
1740000	195.0
1750000	197.0
1760000	195.0
1770000	189.0
1780000	193.0
1790000	193.0
1800000	195.0
1810000	193.0
1820000	192.0
1830000	196.0
1840000	195.0
1850000	195.0
1860000	196.0
1870000	197.0
1880000	194.0
1890000	195.0
1900000	199.0
1910000	201.0
1920000	199.0
1930000	196.0
1940000	198.0
1950000	197.0
1960000	195.0
1970000	197.0
1980000	196.0
1990000	189.0
2000000	192.0
2010000	195.0
2020000	194.0
2030000	190.0
2040000	196.0
2050000	192.0
2060000	189.0
2070000	195.0
2080000	196.0
2090000	197.0
2100000	197.0
2110000	196.0
2120000	194.0
2130000	197.0
2140000	198.0
2150000	198.0
2160000	195.0
2170000	196.0
2180000	197.0
2190000	198.0
2200000	196.0
2210000	195.0
2220000	193.0
2230000	197.0
2240000	196.0
2250000	198.0
2260000	194.0
2270000	196.0
2280000	195.0
2290000	195.0
2300000	197.0
2310000	193.0
2320000	199.0
2330000	197.0
2340000	196.0
2350000	199.0
2360000	195.0
2370000	200.0
2380000	198.0
2390000	197.0
2400000	192.0
2410000	199.0
2420000	196.0
2430000	193.0
2440000	198.0
2450000	199.0
2460000	199.0
2470000	194.0
2480000	193.0
2490000	197.0
2500000	196.0
2510000	201.0
2520000	198.0
2530000	196.0
2540000	196.0
2550000	196.0
2560000	195.0
2570000	199.0
2580000	198.0
2590000	200.0
2600000	196.0
2610000	202.0
2620000	197.0
2630000	195.0
2640000	196.0
2650000	196.0
2660000	195.0
2670000	201.0
2680000	197.0
2690000	197.0
2700000	197.0
2710000	196.0
2720000	196.0
2730000	196.0
2740000	199.0
2750000	198.0
2760000	194.0
2770000	195.0
2780000	197.0
2790000	197.0
2800000	194.0
2810000	198.0
2820000	198.0
2830000	199.0
2840000	198.0
2850000	200.0
2860000	198.0
2870000	201.0
2880000	191.0
2890000	198.0
2900000	201.0
2910000	197.0
2920000	197.0
2930000	197.0
2940000	196.0
2950000	199.0
2960000	200.0
2970000	198.0
2980000	197.0
2990000	200.0
3000000	202.0
3010000	198.0
3020000	196.0
3030000	197.0
3040000	200.0
3050000	197.0
3060000	198.0
3070000	199.0
3080000	197.0
3090000	200.0
3100000	196.0
3110000	200.0
3120000	198.0
3130000	200.0
3140000	196.0
3150000	197.0
3160000	199.0
3170000	197.0
3180000	198.0
3190000	200.0
3200000	195.0
3210000	200.0
3220000	196.0
3230000	196.0
3240000	199.0
3250000	201.0
3260000	199.0
3270000	198.0
3280000	197.0
3290000	199.0
3300000	197.0
3310000	201.0
3320000	201.0
3330000	195.0
3340000	199.0
3350000	200.0
3360000	200.0
3370000	196.0
3380000	199.0
3390000	199.0
3400000	196.0
3410000	196.0
3420000	200.0
3430000	197.0
3440000	201.0
3450000	201.0
3460000	200.0
3470000	199.0
3480000	199.0
3490000	197.0
3500000	198.0
3510000	196.0
3520000	196.0
3530000	197.0
3540000	198.0
3550000	199.0
3560000	196.0
3570000	197.0
3580000	194.0
3590000	199.0
3600000	197.0
3610000	195.0
3620000	198.0
3630000	198.0
3640000	200.0
3650000	197.0
3660000	197.0
3670000	197.0
3680000	199.0
3690000	198.0
3700000	201.0
3710000	198.0
3720000	199.0
3730000	199.0
3740000	198.0
3750000	195.0
3760000	200.0
3770000	195.0
3780000	195.0
3790000	200.0
3800000	199.0
3810000	199.0
3820000	199.0
3830000	200.0
3840000	201.0
3850000	199.0
3860000	200.0
3870000	196.0
3880000	197.0
3890000	198.0
3900000	198.0
3910000	201.0
3920000	196.0
3930000	199.0
3940000	198.0
3950000	200.0
3960000	198.0
3970000	198.0
3980000	200.0
3990000	201.0
4000000	196.0
4010000	198.0
4020000	195.0
4030000	195.0
4040000	193.0
4050000	196.0
4060000	198.0
4070000	200.0
4080000	204.0
4090000	197.0
4100000	197.0
4110000	195.0
4120000	197.0
4130000	196.0
4140000	196.0
4150000	199.0
4160000	197.0
4170000	200.0
4180000	197.0
4190000	200.0
4200000	198.0
4210000	197.0
4220000	201.0
4230000	200.0
4240000	197.0
4250000	200.0
4260000	196.0
4270000	196.0
4280000	198.0
4290000	199.0
4300000	200.0
4310000	198.0
4320000	198.0
4330000	197.0
4340000	198.0
4350000	199.0
4360000	196.0
4370000	198.0
4380000	198.0
4390000	192.0
4400000	199.0
4410000	198.0
4420000	196.0
4430000	202.0
4440000	200.0
4450000	200.0
4460000	201.0
4470000	198.0
4480000	200.0
4490000	198.0
4500000	197.0
4510000	197.0
4520000	196.0
4530000	197.0
4540000	199.0
4550000	195.0
4560000	200.0
4570000	198.0
4580000	199.0
4590000	201.0
4600000	201.0
4610000	194.0
4620000	197.0
4630000	199.0
4640000	198.0
4650000	198.0
4660000	197.0
4670000	194.0
4680000	199.0
4690000	200.0
4700000	194.0
4710000	199.0
4720000	195.0
4730000	197.0
4740000	198.0
4750000	198.0
4760000	197.0
4770000	195.0
4780000	197.0
4790000	199.0
4800000	198.0
4810000	203.0
4820000	198.0
4830000	198.0
4840000	199.0
4850000	201.0
4860000	196.0
4870000	199.0
4880000	196.0
4890000	200.0
4900000	198.0
4910000	198.0
4920000	196.0
4930000	202.0
4940000	199.0
4950000	200.0
4960000	195.0
4970000	200.0
4980000	197.0
4990000	200.0
5000000	198.0
