10000	2.0
20000	2.0
30000	3.0
40000	3.0
50000	3.0
60000	3.0
70000	2.0
80000	1.0
90000	2.0
100000	2.0
110000	3.0
120000	2.0
130000	2.0
140000	0.0
150000	2.0
160000	2.0
170000	2.0
180000	3.0
190000	1.0
200000	1.0
210000	4.0
220000	2.0
230000	2.0
240000	4.0
250000	2.0
260000	0.0
270000	1.0
280000	11.0
290000	8.0
300000	47.0
310000	46.0
320000	78.0
330000	131.0
340000	110.0
350000	126.0
360000	112.0
370000	130.0
380000	128.0
390000	140.0
400000	140.0
410000	153.0
420000	149.0
430000	156.0
440000	157.0
450000	151.0
460000	166.0
470000	165.0
480000	168.0
490000	169.0
500000	162.0
510000	171.0
520000	159.0
530000	165.0
540000	159.0
550000	164.0
560000	170.0
570000	168.0
580000	172.0
590000	174.0
600000	170.0
610000	167.0
620000	164.0
630000	173.0
640000	177.0
650000	174.0
660000	171.0
670000	173.0
680000	175.0
690000	175.0
700000	172.0
710000	175.0
720000	176.0
730000	177.0
740000	180.0
750000	175.0
760000	177.0
770000	177.0
780000	181.0
790000	180.0
800000	176.0
810000	178.0
820000	181.0
830000	180.0
840000	182.0
850000	181.0
860000	179.0
870000	178.0
880000	180.0
890000	184.0
900000	182.0
910000	182.0
920000	184.0
930000	185.0
940000	185.0
950000	187.0
960000	185.0
970000	184.0
980000	182.0
990000	177.0
1000000	185.0
1010000	190.0
1020000	186.0
1030000	181.0
1040000	190.0
1050000	192.0
1060000	188.0
1070000	189.0
1080000	187.0
1090000	185.0
1100000	185.0
1110000	188.0
1120000	187.0
1130000	189.0
1140000	190.0
1150000	176.0
1160000	183.0
1170000	190.0
1180000	184.0
1190000	190.0
1200000	188.0
1210000	188.0
1220000	185.0
1230000	187.0
1240000	190.0
1250000	194.0
1260000	195.0
1270000	193.0
1280000	188.0
1290000	190.0
1300000	188.0
1310000	183.0
1320000	188.0
1330000	193.0
1340000	195.0
1350000	188.0
1360000	197.0
1370000	191.0
1380000	193.0
1390000	195.0
1400000	192.0
1410000	194.0
1420000	200.0
1430000	192.0
1440000	194.0
1450000	186.0
1460000	190.0
1470000	189.0
1480000	195.0
1490000	191.0
1500000	187.0
1510000	192.0
1520000	193.0
1530000	190.0
1540000	189.0
1550000	194.0
1560000	195.0
1570000	192.0
1580000	193.0
1590000	191.0
1600000	192.0
1610000	190.0
1620000	193.0
1630000	196.0
1640000	195.0
1650000	193.0
1660000	196.0
1670000	193.0
1680000	194.0
1690000	195.0
1700000	192.0
1710000	193.0
1720000	192.0
1730000	193.0
1740000	195.0
1750000	196.0
1760000	195.0
1770000	195.0
1780000	195.0
1790000	194.0
1800000	189.0
1810000	194.0
1820000	192.0
1830000	195.0
1840000	192.0
1850000	193.0
1860000	194.0
1870000	192.0
1880000	194.0
1890000	194.0
1900000	198.0
1910000	195.0
1920000	198.0
1930000	196.0
1940000	194.0
1950000	200.0
1960000	195.0
1970000	194.0
1980000	193.0
1990000	193.0
2000000	196.0
2010000	191.0
2020000	195.0
2030000	196.0
2040000	196.0
2050000	198.0
2060000	198.0
2070000	191.0
2080000	199.0
2090000	193.0
2100000	191.0
2110000	197.0
2120000	194.0
2130000	197.0
2140000	199.0
2150000	200.0
2160000	192.0
2170000	197.0
2180000	193.0
2190000	195.0
2200000	196.0
2210000	190.0
2220000	191.0
2230000	196.0
2240000	202.0
2250000	198.0
2260000	199.0
2270000	196.0
2280000	199.0
2290000	197.0
2300000	194.0
2310000	195.0
2320000	196.0
2330000	195.0
2340000	193.0
2350000	198.0
2360000	196.0
2370000	198.0
2380000	198.0
2390000	195.0
2400000	197.0
2410000	195.0
2420000	195.0
2430000	196.0
2440000	195.0
2450000	194.0
2460000	198.0
2470000	198.0
2480000	197.0
2490000	194.0
2500000	196.0
2510000	197.0
2520000	192.0
2530000	197.0
2540000	195.0
2550000	192.0
2560000	197.0
2570000	198.0
2580000	195.0
2590000	196.0
2600000	191.0
2610000	194.0
2620000	197.0
2630000	196.0
2640000	197.0
2650000	197.0
2660000	199.0
2670000	197.0
2680000	199.0
2690000	198.0
2700000	195.0
2710000	197.0
2720000	196.0
2730000	197.0
2740000	201.0
2750000	197.0
2760000	198.0
2770000	198.0
2780000	200.0
2790000	198.0
2800000	197.0
2810000	197.0
2820000	196.0
2830000	196.0
2840000	198.0
2850000	196.0
2860000	198.0
2870000	200.0
2880000	200.0
2890000	195.0
2900000	195.0
2910000	197.0
2920000	199.0
2930000	197.0
2940000	196.0
2950000	198.0
2960000	194.0
2970000	198.0
2980000	198.0
2990000	198.0
3000000	198.0
3010000	195.0
3020000	194.0
3030000	198.0
3040000	195.0
3050000	198.0
3060000	196.0
3070000	201.0
3080000	199.0
3090000	198.0
3100000	198.0
3110000	198.0
3120000	197.0
3130000	198.0
3140000	197.0
3150000	200.0
3160000	183.0
3170000	197.0
3180000	198.0
3190000	197.0
3200000	196.0
3210000	199.0
3220000	199.0
3230000	195.0
3240000	197.0
3250000	199.0
3260000	201.0
3270000	197.0
3280000	200.0
3290000	200.0
3300000	201.0
3310000	198.0
3320000	199.0
3330000	199.0
3340000	199.0
3350000	196.0
3360000	198.0
3370000	196.0
3380000	196.0
3390000	197.0
3400000	199.0
3410000	196.0
3420000	199.0
3430000	198.0
3440000	197.0
3450000	200.0
3460000	200.0
3470000	198.0
3480000	198.0
3490000	203.0
3500000	200.0
3510000	197.0
3520000	198.0
3530000	197.0
3540000	196.0
3550000	182.0
3560000	198.0
3570000	200.0
3580000	196.0
3590000	200.0
3600000	197.0
3610000	200.0
3620000	196.0
3630000	199.0
3640000	198.0
3650000	196.0
3660000	197.0
3670000	200.0
3680000	187.0
3690000	194.0
3700000	197.0
3710000	199.0
3720000	198.0
3730000	183.0
3740000	194.0
3750000	193.0
3760000	198.0
3770000	198.0
3780000	202.0
3790000	201.0
3800000	200.0
3810000	196.0
3820000	199.0
3830000	197.0
3840000	200.0
3850000	196.0
3860000	199.0
3870000	199.0
3880000	200.0
3890000	199.0
3900000	200.0
3910000	196.0
3920000	200.0
3930000	201.0
3940000	195.0
3950000	198.0
3960000	200.0
3970000	199.0
3980000	199.0
3990000	199.0
4000000	197.0
4010000	198.0
4020000	198.0
4030000	200.0
4040000	198.0
4050000	196.0
4060000	197.0
4070000	197.0
4080000	195.0
4090000	200.0
4100000	194.0
4110000	195.0
4120000	198.0
4130000	196.0
4140000	201.0
4150000	198.0
4160000	195.0
4170000	200.0
4180000	200.0
4190000	198.0
4200000	198.0
4210000	196.0
4220000	199.0
4230000	193.0
4240000	198.0
4250000	196.0
4260000	196.0
4270000	199.0
4280000	196.0
4290000	198.0
4300000	197.0
4310000	200.0
4320000	197.0
4330000	198.0
4340000	196.0
4350000	193.0
4360000	197.0
4370000	199.0
4380000	197.0
4390000	194.0
4400000	195.0
4410000	198.0
4420000	196.0
4430000	200.0
4440000	199.0
4450000	198.0
4460000	194.0
4470000	194.0
4480000	198.0
4490000	198.0
4500000	201.0
4510000	196.0
4520000	199.0
4530000	199.0
4540000	196.0
4550000	196.0
4560000	196.0
4570000	198.0
4580000	194.0
4590000	198.0
4600000	196.0
4610000	198.0
4620000	198.0
4630000	196.0
4640000	197.0
4650000	198.0
4660000	199.0
4670000	196.0
4680000	195.0
4690000	199.0
4700000	198.0
4710000	198.0
4720000	196.0
4730000	196.0
4740000	196.0
4750000	202.0
4760000	196.0
4770000	199.0
4780000	198.0
4790000	196.0
4800000	194.0
4810000	197.0
4820000	196.0
4830000	197.0
4840000	198.0
4850000	197.0
4860000	199.0
4870000	201.0
4880000	200.0
4890000	197.0
4900000	197.0
4910000	201.0
4920000	199.0
4930000	198.0
4940000	201.0
4950000	199.0
4960000	198.0
4970000	200.0
4980000	198.0
4990000	200.0
5000000	197.0
