10000	3.0
20000	3.0
30000	2.0
40000	1.0
50000	2.0
60000	2.0
70000	3.0
80000	5.0
90000	2.0
100000	2.0
110000	3.0
120000	3.0
130000	0.0
140000	2.0
150000	2.0
160000	3.0
170000	3.0
180000	3.0
190000	4.0
200000	2.0
210000	3.0
220000	4.0
230000	2.0
240000	2.0
250000	2.0
260000	3.0
270000	3.0
280000	2.0
290000	2.0
300000	0.0
310000	1.0
320000	2.0
330000	9.0
340000	24.0
350000	18.0
360000	80.0
370000	125.0
380000	130.0
390000	145.0
400000	150.0
410000	155.0
420000	152.0
430000	153.0
440000	157.0
450000	153.0
460000	146.0
470000	151.0
480000	154.0
490000	151.0
500000	143.0
510000	155.0
520000	160.0
530000	167.0
540000	164.0
550000	160.0
560000	169.0
570000	169.0
580000	163.0
590000	168.0
600000	167.0
610000	171.0
620000	171.0
630000	179.0
640000	173.0
650000	175.0
660000	174.0
670000	179.0
680000	179.0
690000	182.0
700000	179.0
710000	175.0
720000	176.0
730000	175.0
740000	181.0
750000	182.0
760000	187.0
770000	167.0
780000	173.0
790000	176.0
800000	185.0
810000	182.0
820000	187.0
830000	188.0
840000	192.0
850000	189.0
860000	183.0
870000	189.0
880000	188.0
890000	189.0
900000	185.0
910000	188.0
920000	192.0
930000	190.0
940000	187.0
950000	188.0
960000	190.0
970000	188.0
980000	187.0
990000	183.0
1000000	192.0
1010000	188.0
1020000	182.0
1030000	192.0
1040000	188.0
1050000	191.0
1060000	196.0
1070000	192.0
1080000	192.0
1090000	196.0
1100000	188.0
1110000	194.0
1120000	186.0
1130000	193.0
1140000	193.0
1150000	194.0
1160000	189.0
1170000	190.0
1180000	191.0
1190000	193.0
1200000	194.0
1210000	189.0
1220000	192.0
1230000	189.0
1240000	195.0
1250000	195.0
1260000	189.0
1270000	192.0
1280000	191.0
1290000	197.0
1300000	195.0
1310000	192.0
1320000	191.0
1330000	194.0
1340000	191.0
1350000	191.0
1360000	192.0
1370000	197.0
1380000	193.0
1390000	191.0
1400000	196.0
1410000	192.0
1420000	190.0
1430000	193.0
1440000	192.0
1450000	193.0
1460000	198.0
1470000	194.0
1480000	196.0
1490000	197.0
1500000	196.0
1510000	193.0
1520000	201.0
1530000	196.0
1540000	191.0
1550000	197.0
1560000	200.0
1570000	194.0
1580000	197.0
1590000	197.0
1600000	194.0
1610000	195.0
1620000	195.0
1630000	197.0
1640000	194.0
1650000	197.0
1660000	200.0
1670000	197.0
1680000	187.0
1690000	197.0
1700000	191.0
1710000	194.0
1720000	199.0
1730000	196.0
1740000	195.0
1750000	197.0
1760000	198.0
1770000	196.0
1780000	197.0
1790000	195.0
1800000	196.0
1810000	196.0
1820000	195.0
1830000	196.0
1840000	193.0
1850000	195.0
1860000	194.0
1870000	191.0
1880000	194.0
1890000	196.0
1900000	195.0
1910000	194.0
1920000	195.0
1930000	198.0
1940000	195.0
1950000	195.0
1960000	199.0
1970000	199.0
1980000	196.0
1990000	197.0
2000000	197.0
2010000	194.0
2020000	197.0
2030000	197.0
2040000	196.0
2050000	196.0
2060000	199.0
2070000	201.0
2080000	195.0
2090000	195.0
2100000	199.0
2110000	197.0
2120000	198.0
2130000	198.0
2140000	198.0
2150000	197.0
2160000	193.0
2170000	200.0
2180000	202.0
2190000	197.0
2200000	200.0
2210000	199.0
2220000	200.0
2230000	196.0
2240000	197.0
2250000	196.0
2260000	198.0
2270000	200.0
2280000	197.0
2290000	198.0
2300000	197.0
2310000	198.0
2320000	197.0
2330000	196.0
2340000	198.0
2350000	195.0
2360000	195.0
2370000	200.0
2380000	198.0
2390000	200.0
2400000	197.0
2410000	195.0
2420000	196.0
2430000	196.0
2440000	199.0
2450000	201.0
2460000	196.0
2470000	202.0
2480000	199.0
2490000	199.0
2500000	204.0
2510000	198.0
2520000	198.0
2530000	199.0
2540000	196.0
2550000	195.0
2560000	201.0
2570000	201.0
2580000	203.0
2590000	201.0
2600000	197.0
2610000	201.0
2620000	199.0
2630000	201.0
2640000	196.0
2650000	202.0
2660000	199.0
2670000	199.0
2680000	198.0
2690000	201.0
2700000	201.0
2710000	197.0
2720000	198.0
2730000	201.0
2740000	201.0
2750000	199.0
2760000	202.0
2770000	199.0
2780000	197.0
2790000	196.0
2800000	200.0
2810000	199.0
2820000	199.0
2830000	199.0
2840000	199.0
2850000	199.0
2860000	199.0
2870000	196.0
2880000	200.0
2890000	198.0
2900000	198.0
2910000	198.0
2920000	197.0
2930000	199.0
2940000	200.0
2950000	201.0
2960000	204.0
2970000	200.0
2980000	201.0
2990000	199.0
3000000	200.0
3010000	201.0
3020000	201.0
3030000	196.0
3040000	198.0
3050000	201.0
3060000	205.0
3070000	194.0
3080000	200.0
3090000	198.0
3100000	199.0
3110000	200.0
3120000	198.0
3130000	203.0
3140000	199.0
3150000	198.0
3160000	196.0
3170000	198.0
3180000	197.0
3190000	199.0
3200000	201.0
3210000	202.0
3220000	198.0
3230000	198.0
3240000	200.0
3250000	198.0
3260000	200.0
3270000	201.0
3280000	200.0
3290000	199.0
3300000	201.0
3310000	199.0
3320000	200.0
3330000	200.0
3340000	198.0
3350000	199.0
3360000	195.0
3370000	197.0
3380000	199.0
3390000	198.0
3400000	198.0
3410000	197.0
3420000	196.0
3430000	199.0
3440000	198.0
3450000	197.0
3460000	200.0
3470000	201.0
3480000	202.0
3490000	195.0
3500000	199.0
3510000	198.0
3520000	200.0
3530000	198.0
3540000	199.0
3550000	196.0
3560000	198.0
3570000	196.0
3580000	198.0
3590000	198.0
3600000	199.0
3610000	200.0
3620000	199.0
3630000	197.0
3640000	201.0
3650000	202.0
3660000	200.0
3670000	196.0
3680000	194.0
3690000	198.0
3700000	196.0
3710000	201.0
3720000	202.0
3730000	197.0
3740000	197.0
3750000	200.0
3760000	198.0
3770000	200.0
3780000	200.0
3790000	199.0
3800000	199.0
3810000	196.0
3820000	197.0
3830000	202.0
3840000	200.0
3850000	200.0
3860000	199.0
3870000	199.0
3880000	200.0
3890000	197.0
3900000	200.0
3910000	198.0
3920000	201.0
3930000	201.0
3940000	197.0
3950000	199.0
3960000	197.0
3970000	199.0
3980000	198.0
3990000	197.0
4000000	196.0
4010000	204.0
4020000	197.0
4030000	199.0
4040000	199.0
4050000	198.0
4060000	202.0
4070000	202.0
4080000	198.0
4090000	198.0
4100000	201.0
4110000	200.0
4120000	198.0
4130000	198.0
4140000	196.0
4150000	202.0
4160000	202.0
4170000	200.0
4180000	197.0
4190000	200.0
4200000	199.0
4210000	201.0
4220000	201.0
4230000	201.0
4240000	199.0
4250000	199.0
4260000	202.0
4270000	200.0
4280000	198.0
4290000	199.0
4300000	199.0
4310000	198.0
4320000	203.0
4330000	198.0
4340000	198.0
4350000	201.0
4360000	201.0
4370000	203.0
4380000	198.0
4390000	198.0
4400000	200.0
4410000	198.0
4420000	197.0
4430000	191.0
4440000	196.0
4450000	199.0
4460000	200.0
4470000	198.0
4480000	200.0
4490000	199.0
4500000	201.0
4510000	197.0
4520000	203.0
4530000	198.0
4540000	203.0
4550000	201.0
4560000	200.0
4570000	200.0
4580000	200.0
4590000	198.0
4600000	200.0
4610000	199.0
4620000	201.0
4630000	201.0
4640000	199.0
4650000	199.0
4660000	201.0
4670000	199.0
4680000	201.0
4690000	199.0
4700000	202.0
4710000	199.0
4720000	199.0
4730000	201.0
4740000	199.0
4750000	195.0
4760000	200.0
4770000	200.0
4780000	199.0
4790000	201.0
4800000	199.0
4810000	199.0
4820000	203.0
4830000	199.0
4840000	203.0
4850000	200.0
4860000	199.0
4870000	198.0
4880000	198.0
4890000	201.0
4900000	198.0
4910000	200.0
4920000	199.0
4930000	200.0
4940000	202.0
4950000	201.0
4960000	200.0
4970000	201.0
4980000	197.0
4990000	202.0
5000000	197.0
