10000	2.0
20000	3.0
30000	2.0
40000	4.0
50000	1.0
60000	1.0
70000	2.0
80000	5.0
90000	3.0
100000	2.0
110000	1.0
120000	1.0
130000	4.0
140000	3.0
150000	3.0
160000	3.0
170000	3.0
180000	4.0
190000	0.0
200000	3.0
210000	1.0
220000	3.0
230000	1.0
240000	3.0
250000	3.0
260000	4.0
270000	3.0
280000	2.0
290000	3.0
300000	1.0
310000	0.0
320000	1.0
330000	2.0
340000	2.0
350000	3.0
360000	2.0
370000	2.0
380000	2.0
390000	1.0
400000	0.0
410000	2.0
420000	4.0
430000	9.0
440000	6.0
450000	18.0
460000	51.0
470000	97.0
480000	137.0
490000	134.0
500000	147.0
510000	150.0
520000	138.0
530000	151.0
540000	138.0
550000	144.0
560000	145.0
570000	148.0
580000	148.0
590000	142.0
600000	147.0
610000	141.0
620000	152.0
630000	156.0
640000	155.0
650000	147.0
660000	160.0
670000	157.0
680000	157.0
690000	151.0
700000	159.0
710000	159.0
720000	171.0
730000	171.0
740000	163.0
750000	162.0
760000	169.0
770000	176.0
780000	166.0
790000	157.0
800000	168.0
810000	176.0
820000	175.0
830000	171.0
840000	179.0
850000	178.0
860000	178.0
870000	175.0
880000	173.0
890000	179.0
900000	179.0
910000	179.0
920000	172.0
930000	173.0
940000	183.0
950000	182.0
960000	180.0
970000	179.0
980000	182.0
990000	180.0
1000000	172.0
1010000	181.0
1020000	180.0
1030000	184.0
1040000	181.0
1050000	186.0
1060000	181.0
1070000	180.0
1080000	175.0
1090000	185.0
1100000	186.0
1110000	184.0
1120000	184.0
1130000	183.0
1140000	185.0
1150000	179.0
1160000	187.0
1170000	185.0
1180000	164.0
1190000	182.0
1200000	183.0
1210000	191.0
1220000	187.0
1230000	186.0
1240000	191.0
1250000	186.0
1260000	188.0
1270000	185.0
1280000	187.0
1290000	191.0
1300000	187.0
1310000	184.0
1320000	189.0
1330000	189.0
1340000	188.0
1350000	189.0
1360000	189.0
1370000	191.0
1380000	191.0
1390000	196.0
1400000	189.0
1410000	192.0
1420000	192.0
1430000	192.0
1440000	190.0
1450000	190.0
1460000	193.0
1470000	196.0
1480000	189.0
1490000	190.0
1500000	193.0
1510000	195.0
1520000	184.0
1530000	189.0
1540000	194.0
1550000	189.0
1560000	195.0
1570000	190.0
1580000	185.0
1590000	189.0
1600000	188.0
1610000	192.0
1620000	189.0
1630000	192.0
1640000	191.0
1650000	195.0
1660000	191.0
1670000	193.0
1680000	192.0
1690000	198.0
1700000	196.0
1710000	199.0
1720000	197.0
1730000	191.0
1740000	195.0
1750000	198.0
1760000	195.0
1770000	196.0
1780000	195.0
1790000	200.0
1800000	193.0
1810000	193.0
1820000	197.0
1830000	197.0
1840000	196.0
1850000	195.0
1860000	196.0
1870000	195.0
1880000	195.0
1890000	195.0
1900000	198.0
1910000	196.0
1920000	194.0
1930000	195.0
1940000	198.0
1950000	197.0
1960000	198.0
1970000	199.0
1980000	195.0
1990000	198.0
2000000	193.0
2010000	193.0
2020000	192.0
2030000	194.0
2040000	198.0
2050000	194.0
2060000	196.0
2070000	202.0
2080000	194.0
2090000	196.0
2100000	197.0
2110000	198.0
2120000	194.0
2130000	192.0
2140000	194.0
2150000	191.0
2160000	192.0
2170000	195.0
2180000	198.0
2190000	196.0
2200000	192.0
2210000	190.0
2220000	196.0
2230000	197.0
2240000	194.0
2250000	196.0
2260000	196.0
2270000	197.0
2280000	194.0
2290000	196.0
2300000	198.0
2310000	195.0
2320000	196.0
2330000	193.0
2340000	191.0
2350000	196.0
2360000	196.0
2370000	191.0
2380000	197.0
2390000	198.0
2400000	194.0
2410000	199.0
2420000	196.0
2430000	197.0
2440000	200.0
2450000	193.0
2460000	199.0
2470000	201.0
2480000	198.0
2490000	198.0
2500000	199.0
2510000	196.0
2520000	197.0
2530000	197.0
2540000	196.0
2550000	193.0
2560000	195.0
2570000	202.0
2580000	194.0
2590000	199.0
2600000	193.0
2610000	199.0
2620000	200.0
2630000	201.0
2640000	198.0
2650000	198.0
2660000	196.0
2670000	196.0
2680000	194.0
2690000	197.0
2700000	198.0
2710000	196.0
2720000	190.0
2730000	197.0
2740000	199.0
2750000	197.0
2760000	198.0
2770000	196.0
2780000	195.0
2790000	199.0
2800000	193.0
2810000	196.0
2820000	194.0
2830000	198.0
2840000	198.0
2850000	194.0
2860000	198.0
2870000	198.0
2880000	196.0
2890000	198.0
2900000	201.0
2910000	194.0
2920000	197.0
2930000	196.0
2940000	195.0
2950000	198.0
2960000	199.0
2970000	197.0
2980000	195.0
2990000	199.0
3000000	200.0
3010000	197.0
3020000	197.0
3030000	194.0
3040000	198.0
3050000	196.0
3060000	195.0
3070000	200.0
3080000	200.0
3090000	199.0
3100000	201.0
3110000	199.0
3120000	198.0
3130000	196.0
3140000	201.0
3150000	199.0
3160000	198.0
3170000	194.0
3180000	200.0
3190000	200.0
3200000	198.0
3210000	195.0
3220000	199.0
3230000	197.0
3240000	199.0
3250000	196.0
3260000	197.0
3270000	201.0
3280000	198.0
3290000	195.0
3300000	201.0
3310000	195.0
3320000	198.0
3330000	198.0
3340000	196.0
3350000	197.0
3360000	196.0
3370000	197.0
3380000	198.0
3390000	196.0
3400000	197.0
3410000	195.0
3420000	200.0
3430000	198.0
3440000	198.0
3450000	198.0
3460000	198.0
3470000	197.0
3480000	198.0
3490000	199.0
3500000	201.0
3510000	195.0
3520000	187.0
3530000	197.0
3540000	194.0
3550000	202.0
3560000	197.0
3570000	199.0
3580000	200.0
3590000	200.0
3600000	201.0
3610000	199.0
3620000	199.0
3630000	199.0
3640000	198.0
3650000	200.0
3660000	199.0
3670000	197.0
3680000	199.0
3690000	199.0
3700000	196.0
3710000	200.0
3720000	198.0
3730000	199.0
3740000	196.0
3750000	201.0
3760000	197.0
3770000	199.0
3780000	200.0
3790000	199.0
3800000	197.0
3810000	195.0
3820000	203.0
3830000	197.0
3840000	199.0
3850000	199.0
3860000	199.0
3870000	199.0
3880000	199.0
3890000	198.0
3900000	198.0
3910000	197.0
3920000	201.0
3930000	195.0
3940000	198.0
3950000	199.0
3960000	200.0
3970000	196.0
3980000	199.0
3990000	198.0
4000000	199.0
4010000	194.0
4020000	197.0
4030000	198.0
4040000	198.0
4050000	198.0
4060000	199.0
4070000	196.0
4080000	201.0
4090000	201.0
4100000	200.0
4110000	200.0
4120000	196.0
4130000	202.0
4140000	199.0
4150000	200.0
4160000	198.0
4170000	197.0
4180000	202.0
4190000	196.0
4200000	202.0
4210000	199.0
4220000	196.0
4230000	200.0
4240000	200.0
4250000	199.0
4260000	197.0
4270000	198.0
4280000	199.0
4290000	198.0
4300000	199.0
4310000	195.0
4320000	199.0
4330000	200.0
4340000	201.0
4350000	200.0
4360000	199.0
4370000	199.0
4380000	198.0
4390000	199.0
4400000	196.0
4410000	199.0
4420000	198.0
4430000	196.0
4440000	196.0
4450000	199.0
4460000	197.0
4470000	199.0
4480000	196.0
4490000	195.0
4500000	200.0
4510000	196.0
4520000	201.0
4530000	198.0
4540000	199.0
4550000	195.0
4560000	202.0
4570000	199.0
4580000	199.0
4590000	200.0
4600000	197.0
4610000	198.0
4620000	201.0
4630000	200.0
4640000	199.0
4650000	199.0
4660000	196.0
4670000	199.0
4680000	197.0
4690000	194.0
4700000	197.0
4710000	198.0
4720000	197.0
4730000	199.0
4740000	199.0
4750000	199.0
4760000	199.0
4770000	197.0
4780000	199.0
4790000	196.0
4800000	199.0
4810000	199.0
4820000	203.0
4830000	199.0
4840000	199.0
4850000	201.0
4860000	196.0
4870000	200.0
4880000	200.0
4890000	200.0
4900000	199.0
4910000	200.0
4920000	201.0
4930000	198.0
4940000	197.0
4950000	199.0
4960000	199.0
4970000	198.0
4980000	197.0
4990000	198.0
5000000	197.0
