10000	1.0
20000	1.0
30000	4.0
40000	2.0
50000	2.0
60000	4.0
70000	0.0
80000	2.0
90000	4.0
100000	1.0
110000	1.0
120000	2.0
130000	4.0
140000	5.0
150000	2.0
160000	3.0
170000	2.0
180000	2.0
190000	1.0
200000	3.0
210000	3.0
220000	1.0
230000	2.0
240000	3.0
250000	2.0
260000	0.0
270000	0.0
280000	0.0
290000	1.0
300000	8.0
310000	8.0
320000	17.0
330000	40.0
340000	83.0
350000	151.0
360000	154.0
370000	161.0
380000	152.0
390000	157.0
400000	166.0
410000	157.0
420000	160.0
430000	170.0
440000	165.0
450000	154.0
460000	166.0
470000	154.0
480000	163.0
490000	158.0
500000	172.0
510000	169.0
520000	167.0
530000	170.0
540000	168.0
550000	171.0
560000	173.0
570000	170.0
580000	166.0
590000	171.0
600000	177.0
610000	174.0
620000	177.0
630000	173.0
640000	176.0
650000	177.0
660000	182.0
670000	176.0
680000	179.0
690000	186.0
700000	175.0
710000	178.0
720000	180.0
730000	184.0
740000	182.0
750000	182.0
760000	178.0
770000	178.0
780000	178.0
790000	178.0
800000	183.0
810000	185.0
820000	172.0
830000	182.0
840000	183.0
850000	177.0
860000	3.0
870000	2.0
880000	3.0
890000	3.0
900000	2.0
910000	1.0
920000	0.0
930000	0.0
940000	1.0
950000	4.0
960000	3.0
970000	12.0
980000	10.0
990000	63.0
1000000	119.0
1010000	157.0
1020000	134.0
1030000	153.0
1040000	155.0
1050000	163.0
1060000	168.0
1070000	163.0
1080000	160.0
1090000	155.0
1100000	164.0
1110000	160.0
1120000	158.0
1130000	160.0
1140000	164.0
1150000	169.0
1160000	167.0
1170000	168.0
1180000	170.0
1190000	170.0
1200000	174.0
1210000	163.0
1220000	173.0
1230000	172.0
1240000	173.0
1250000	176.0
1260000	168.0
1270000	170.0
1280000	170.0
1290000	172.0
1300000	176.0
1310000	174.0
1320000	178.0
1330000	181.0
1340000	181.0
1350000	182.0
1360000	184.0
1370000	185.0
1380000	178.0
1390000	176.0
1400000	180.0
1410000	174.0
1420000	186.0
1430000	179.0
1440000	178.0
1450000	182.0
1460000	183.0
1470000	186.0
1480000	178.0
1490000	179.0
1500000	187.0
1510000	191.0
1520000	183.0
1530000	188.0
1540000	184.0
1550000	185.0
1560000	185.0
1570000	181.0
1580000	186.0
1590000	190.0
1600000	185.0
1610000	190.0
1620000	188.0
1630000	185.0
1640000	185.0
1650000	190.0
1660000	185.0
1670000	184.0
1680000	193.0
1690000	192.0
1700000	184.0
1710000	190.0
1720000	194.0
1730000	193.0
1740000	190.0
1750000	188.0
1760000	184.0
1770000	191.0
1780000	187.0
1790000	190.0
1800000	192.0
1810000	193.0
1820000	195.0
1830000	192.0
1840000	191.0
1850000	193.0
1860000	192.0
1870000	184.0
1880000	188.0
1890000	190.0
1900000	193.0
1910000	192.0
1920000	192.0
1930000	193.0
1940000	187.0
1950000	193.0
1960000	192.0
1970000	188.0
1980000	193.0
1990000	190.0
2000000	190.0
2010000	195.0
2020000	194.0
2030000	192.0
2040000	193.0
2050000	194.0
2060000	192.0
2070000	192.0
2080000	191.0
2090000	195.0
2100000	191.0
2110000	191.0
2120000	193.0
2130000	192.0
2140000	199.0
2150000	191.0
2160000	189.0
2170000	197.0
2180000	193.0
2190000	185.0
2200000	193.0
2210000	194.0
2220000	193.0
2230000	194.0
2240000	197.0
2250000	197.0
2260000	190.0
2270000	193.0
2280000	190.0
2290000	194.0
2300000	187.0
2310000	197.0
2320000	198.0
2330000	195.0
2340000	196.0
2350000	196.0
2360000	193.0
2370000	197.0
2380000	195.0
2390000	194.0
2400000	197.0
2410000	194.0
2420000	196.0
2430000	198.0
2440000	200.0
2450000	190.0
2460000	194.0
2470000	196.0
2480000	193.0
2490000	196.0
2500000	197.0
2510000	193.0
2520000	197.0
2530000	192.0
2540000	196.0
2550000	196.0
2560000	193.0
2570000	191.0
2580000	195.0
2590000	197.0
2600000	197.0
2610000	198.0
2620000	198.0
2630000	194.0
2640000	198.0
2650000	195.0
2660000	194.0
2670000	201.0
2680000	194.0
2690000	196.0
2700000	199.0
2710000	192.0
2720000	196.0
2730000	194.0
2740000	195.0
2750000	196.0
2760000	189.0
2770000	191.0
2780000	198.0
2790000	194.0
2800000	191.0
2810000	198.0
2820000	194.0
2830000	194.0
2840000	195.0
2850000	195.0
2860000	196.0
2870000	193.0
2880000	197.0
2890000	196.0
2900000	196.0
2910000	194.0
2920000	196.0
2930000	192.0
2940000	197.0
2950000	200.0
2960000	199.0
2970000	196.0
2980000	194.0
2990000	191.0
3000000	195.0
3010000	197.0
3020000	196.0
3030000	194.0
3040000	196.0
3050000	198.0
3060000	198.0
3070000	198.0
3080000	195.0
3090000	195.0
3100000	198.0
3110000	197.0
3120000	197.0
3130000	197.0
3140000	196.0
3150000	199.0
3160000	197.0
3170000	197.0
3180000	196.0
3190000	194.0
3200000	198.0
3210000	197.0
3220000	196.0
3230000	197.0
3240000	197.0
3250000	195.0
3260000	193.0
3270000	193.0
3280000	197.0
3290000	198.0
3300000	196.0
3310000	197.0
3320000	195.0
3330000	196.0
3340000	199.0
3350000	198.0
3360000	199.0
3370000	199.0
3380000	197.0
3390000	197.0
3400000	195.0
3410000	197.0
3420000	198.0
3430000	199.0
3440000	198.0
3450000	194.0
3460000	198.0
3470000	197.0
3480000	195.0
3490000	196.0
3500000	196.0
3510000	196.0
3520000	199.0
3530000	194.0
3540000	197.0
3550000	199.0
3560000	197.0
3570000	195.0
3580000	196.0
3590000	197.0
3600000	196.0
3610000	194.0
3620000	195.0
3630000	198.0
3640000	197.0
3650000	198.0
3660000	198.0
3670000	197.0
3680000	199.0
3690000	197.0
3700000	197.0
3710000	198.0
3720000	198.0
3730000	196.0
3740000	196.0
3750000	197.0
3760000	198.0
3770000	196.0
3780000	198.0
3790000	193.0
3800000	197.0
3810000	198.0
3820000	196.0
3830000	198.0
3840000	195.0
3850000	194.0
3860000	196.0
3870000	195.0
3880000	198.0
3890000	198.0
3900000	195.0
3910000	196.0
3920000	193.0
3930000	197.0
3940000	196.0
3950000	198.0
3960000	194.0
3970000	199.0
3980000	198.0
3990000	200.0
4000000	198.0
4010000	197.0
4020000	197.0
4030000	200.0
4040000	196.0
4050000	198.0
4060000	198.0
4070000	202.0
4080000	195.0
4090000	197.0
4100000	198.0
4110000	197.0
4120000	195.0
4130000	200.0
4140000	196.0
4150000	198.0
4160000	200.0
4170000	198.0
4180000	199.0
4190000	185.0
4200000	187.0
4210000	194.0
4220000	198.0
4230000	195.0
4240000	191.0
4250000	196.0
4260000	197.0
4270000	196.0
4280000	195.0
4290000	197.0
4300000	200.0
4310000	199.0
4320000	198.0
4330000	196.0
4340000	197.0
4350000	196.0
4360000	199.0
4370000	196.0
4380000	196.0
4390000	199.0
4400000	197.0
4410000	196.0
4420000	197.0
4430000	197.0
4440000	198.0
4450000	196.0
4460000	199.0
4470000	198.0
4480000	193.0
4490000	195.0
4500000	197.0
4510000	199.0
4520000	194.0
4530000	197.0
4540000	199.0
4550000	195.0
4560000	198.0
4570000	198.0
4580000	198.0
4590000	198.0
4600000	200.0
4610000	201.0
4620000	200.0
4630000	202.0
4640000	199.0
4650000	196.0
4660000	198.0
4670000	198.0
4680000	197.0
4690000	196.0
4700000	203.0
4710000	197.0
4720000	195.0
4730000	197.0
4740000	195.0
4750000	199.0
4760000	199.0
4770000	197.0
4780000	197.0
4790000	190.0
4800000	198.0
4810000	195.0
4820000	198.0
4830000	199.0
4840000	200.0
4850000	201.0
4860000	198.0
4870000	197.0
4880000	200.0
4890000	197.0
4900000	202.0
4910000	197.0
4920000	196.0
4930000	200.0
4940000	197.0
4950000	201.0
4960000	199.0
4970000	198.0
4980000	200.0
4990000	196.0
5000000	200.0
