10000	1.0
20000	1.0
30000	3.0
40000	4.0
50000	1.0
60000	1.0
70000	4.0
80000	5.0
90000	1.0
100000	3.0
110000	2.0
120000	4.0
130000	2.0
140000	2.0
150000	3.0
160000	1.0
170000	1.0
180000	2.0
190000	2.0
200000	3.0
210000	3.0
220000	1.0
230000	2.0
240000	2.0
250000	4.0
260000	2.0
270000	1.0
280000	3.0
290000	4.0
300000	2.0
310000	4.0
320000	4.0
330000	0.0
340000	0.0
350000	1.0
360000	0.0
370000	19.0
380000	35.0
390000	73.0
400000	108.0
410000	127.0
420000	128.0
430000	144.0
440000	143.0
450000	152.0
460000	155.0
470000	135.0
480000	118.0
490000	145.0
500000	142.0
510000	141.0
520000	156.0
530000	153.0
540000	159.0
550000	162.0
560000	162.0
570000	157.0
580000	165.0
590000	166.0
600000	161.0
610000	178.0
620000	170.0
630000	173.0
640000	176.0
650000	174.0
660000	172.0
670000	176.0
680000	173.0
690000	177.0
700000	180.0
710000	172.0
720000	178.0
730000	180.0
740000	178.0
750000	180.0
760000	178.0
770000	184.0
780000	176.0
790000	174.0
800000	180.0
810000	179.0
820000	185.0
830000	187.0
840000	178.0
850000	188.0
860000	183.0
870000	184.0
880000	182.0
890000	182.0
900000	177.0
910000	188.0
920000	131.0
930000	168.0
940000	177.0
950000	178.0
960000	188.0
970000	179.0
980000	184.0
990000	165.0
1000000	179.0
1010000	188.0
1020000	185.0
1030000	186.0
1040000	181.0
1050000	187.0
1060000	187.0
1070000	189.0
1080000	187.0
1090000	187.0
1100000	184.0
1110000	191.0
1120000	185.0
1130000	188.0
1140000	188.0
1150000	193.0
1160000	186.0
1170000	188.0
1180000	188.0
1190000	186.0
1200000	189.0
1210000	189.0
1220000	190.0
1230000	183.0
1240000	183.0
1250000	188.0
1260000	189.0
1270000	193.0
1280000	191.0
1290000	188.0
1300000	189.0
1310000	190.0
1320000	193.0
1330000	193.0
1340000	188.0
1350000	190.0
1360000	189.0
1370000	190.0
1380000	193.0
1390000	194.0
1400000	192.0
1410000	188.0
1420000	194.0
1430000	190.0
1440000	194.0
1450000	190.0
1460000	195.0
1470000	197.0
1480000	188.0
1490000	194.0
1500000	188.0
1510000	193.0
1520000	135.0
1530000	188.0
1540000	195.0
1550000	194.0
1560000	194.0
1570000	193.0
1580000	196.0
1590000	184.0
1600000	191.0
1610000	196.0
1620000	194.0
1630000	194.0
1640000	194.0
1650000	190.0
1660000	195.0
1670000	194.0
1680000	195.0
1690000	194.0
1700000	195.0
1710000	197.0
1720000	195.0
1730000	193.0
1740000	195.0
1750000	197.0
1760000	194.0
1770000	193.0
1780000	198.0
1790000	195.0
1800000	192.0
1810000	190.0
1820000	198.0
1830000	198.0
1840000	194.0
1850000	193.0
1860000	196.0
1870000	195.0
1880000	197.0
1890000	193.0
1900000	193.0
1910000	197.0
1920000	194.0
1930000	193.0
1940000	196.0
1950000	194.0
1960000	191.0
1970000	196.0
1980000	194.0
1990000	195.0
2000000	197.0
2010000	195.0
2020000	197.0
2030000	195.0
2040000	195.0
2050000	194.0
2060000	185.0
2070000	195.0
2080000	196.0
2090000	199.0
2100000	194.0
2110000	195.0
2120000	196.0
2130000	136.0
2140000	200.0
2150000	194.0
2160000	193.0
2170000	194.0
2180000	196.0
2190000	198.0
2200000	200.0
2210000	200.0
2220000	194.0
2230000	199.0
2240000	197.0
2250000	193.0
2260000	199.0
2270000	194.0
2280000	198.0
2290000	198.0
2300000	199.0
2310000	197.0
2320000	199.0
2330000	197.0
2340000	192.0
2350000	189.0
2360000	198.0
2370000	198.0
2380000	194.0
2390000	189.0
2400000	195.0
2410000	196.0
2420000	198.0
2430000	195.0
2440000	195.0
2450000	194.0
2460000	196.0
2470000	197.0
2480000	194.0
2490000	198.0
2500000	197.0
2510000	200.0
2520000	196.0
2530000	199.0
2540000	197.0
2550000	193.0
2560000	108.0
2570000	195.0
2580000	199.0
2590000	198.0
2600000	199.0
2610000	200.0
2620000	199.0
2630000	199.0
2640000	198.0
2650000	197.0
2660000	198.0
2670000	196.0
2680000	198.0
2690000	199.0
2700000	201.0
2710000	198.0
2720000	197.0
2730000	198.0
2740000	195.0
2750000	198.0
2760000	198.0
2770000	197.0
2780000	196.0
2790000	195.0
2800000	200.0
2810000	201.0
2820000	201.0
2830000	197.0
2840000	196.0
2850000	200.0
2860000	196.0
2870000	202.0
2880000	195.0
2890000	201.0
2900000	198.0
2910000	197.0
2920000	198.0
2930000	196.0
2940000	200.0
2950000	197.0
2960000	198.0
2970000	204.0
2980000	201.0
2990000	200.0
3000000	203.0
3010000	197.0
3020000	198.0
3030000	197.0
3040000	195.0
3050000	199.0
3060000	196.0
3070000	201.0
3080000	200.0
3090000	201.0
3100000	199.0
3110000	198.0
3120000	200.0
3130000	198.0
3140000	201.0
3150000	200.0
3160000	196.0
3170000	201.0
3180000	199.0
3190000	198.0
3200000	201.0
3210000	199.0
3220000	200.0
3230000	199.0
3240000	198.0
3250000	199.0
3260000	202.0
3270000	197.0
3280000	195.0
3290000	198.0
3300000	199.0
3310000	196.0
3320000	199.0
3330000	197.0
3340000	197.0
3350000	197.0
3360000	196.0
3370000	196.0
3380000	198.0
3390000	196.0
3400000	195.0
3410000	198.0
3420000	198.0
3430000	196.0
3440000	196.0
3450000	198.0
3460000	197.0
3470000	200.0
3480000	197.0
3490000	197.0
3500000	199.0
3510000	197.0
3520000	201.0
3530000	195.0
3540000	197.0
3550000	202.0
3560000	198.0
3570000	199.0
3580000	202.0
3590000	195.0
3600000	199.0
3610000	201.0
3620000	198.0
3630000	198.0
3640000	195.0
3650000	200.0
3660000	198.0
3670000	202.0
3680000	200.0
3690000	196.0
3700000	201.0
3710000	199.0
3720000	199.0
3730000	199.0
3740000	199.0
3750000	198.0
3760000	196.0
3770000	199.0
3780000	198.0
3790000	197.0
3800000	199.0
3810000	200.0
3820000	195.0
3830000	200.0
3840000	198.0
3850000	198.0
3860000	200.0
3870000	191.0
3880000	200.0
3890000	200.0
3900000	199.0
3910000	198.0
3920000	198.0
3930000	199.0
3940000	200.0
3950000	201.0
3960000	198.0
3970000	202.0
3980000	198.0
3990000	200.0
4000000	198.0
4010000	200.0
4020000	198.0
4030000	197.0
4040000	198.0
4050000	196.0
4060000	199.0
4070000	196.0
4080000	199.0
4090000	201.0
4100000	199.0
4110000	199.0
4120000	200.0
4130000	198.0
4140000	199.0
4150000	198.0
4160000	197.0
4170000	197.0
4180000	199.0
4190000	196.0
4200000	199.0
4210000	199.0
4220000	198.0
4230000	200.0
4240000	195.0
4250000	199.0
4260000	201.0
4270000	200.0
4280000	199.0
4290000	199.0
4300000	198.0
4310000	195.0
4320000	200.0
4330000	200.0
4340000	196.0
4350000	200.0
4360000	199.0
4370000	197.0
4380000	196.0
4390000	202.0
4400000	199.0
4410000	198.0
4420000	197.0
4430000	199.0
4440000	202.0
4450000	201.0
4460000	200.0
4470000	196.0
4480000	197.0
4490000	203.0
4500000	198.0
4510000	200.0
4520000	199.0
4530000	196.0
4540000	200.0
4550000	197.0
4560000	199.0
4570000	200.0
4580000	201.0
4590000	200.0
4600000	199.0
4610000	203.0
4620000	199.0
4630000	198.0
4640000	199.0
4650000	197.0
4660000	195.0
4670000	198.0
4680000	195.0
4690000	199.0
4700000	201.0
4710000	201.0
4720000	198.0
4730000	203.0
4740000	198.0
4750000	197.0
4760000	200.0
4770000	194.0
4780000	199.0
4790000	199.0
4800000	196.0
4810000	202.0
4820000	199.0
4830000	201.0
4840000	200.0
4850000	201.0
4860000	198.0
4870000	196.0
4880000	197.0
4890000	196.0
4900000	200.0
4910000	201.0
4920000	199.0
4930000	199.0
4940000	199.0
4950000	201.0
4960000	196.0
4970000	196.0
4980000	201.0
4990000	199.0
5000000	199.0
