10000	1.0
20000	2.0
30000	4.0
40000	2.0
50000	3.0
60000	1.0
70000	1.0
80000	1.0
90000	2.0
100000	2.0
110000	4.0
120000	2.0
130000	3.0
140000	1.0
150000	1.0
160000	2.0
170000	2.0
180000	3.0
190000	3.0
200000	1.0
210000	2.0
220000	0.0
230000	3.0
240000	0.0
250000	3.0
260000	1.0
270000	0.0
280000	2.0
290000	2.0
300000	3.0
310000	2.0
320000	3.0
330000	4.0
340000	2.0
350000	5.0
360000	4.0
370000	5.0
380000	2.0
390000	5.0
400000	5.0
410000	2.0
420000	2.0
430000	3.0
440000	2.0
450000	0.0
460000	1.0
470000	3.0
480000	16.0
490000	19.0
500000	71.0
510000	117.0
520000	146.0
530000	143.0
540000	159.0
550000	151.0
560000	146.0
570000	154.0
580000	149.0
590000	158.0
600000	146.0
610000	150.0
620000	149.0
630000	158.0
640000	162.0
650000	173.0
660000	168.0
670000	177.0
680000	168.0
690000	174.0
700000	181.0
710000	177.0
720000	178.0
730000	176.0
740000	176.0
750000	174.0
760000	183.0
770000	178.0
780000	180.0
790000	182.0
800000	184.0
810000	180.0
820000	182.0
830000	182.0
840000	184.0
850000	183.0
860000	189.0
870000	184.0
880000	181.0
890000	182.0
900000	182.0
910000	181.0
920000	186.0
930000	185.0
940000	188.0
950000	189.0
960000	183.0
970000	185.0
980000	188.0
990000	188.0
1000000	179.0
1010000	188.0
1020000	188.0
1030000	195.0
1040000	187.0
1050000	186.0
1060000	188.0
1070000	182.0
1080000	187.0
1090000	188.0
1100000	190.0
1110000	193.0
1120000	193.0
1130000	192.0
1140000	194.0
1150000	194.0
1160000	191.0
1170000	186.0
1180000	192.0
1190000	191.0
1200000	193.0
1210000	197.0
1220000	195.0
1230000	187.0
1240000	189.0
1250000	194.0
1260000	189.0
1270000	192.0
1280000	193.0
1290000	198.0
1300000	193.0
1310000	193.0
1320000	194.0
1330000	194.0
1340000	197.0
1350000	193.0
1360000	194.0
1370000	195.0
1380000	198.0
1390000	195.0
1400000	196.0
1410000	195.0
1420000	195.0
1430000	198.0
1440000	200.0
1450000	197.0
1460000	195.0
1470000	190.0
1480000	192.0
1490000	195.0
1500000	193.0
1510000	193.0
1520000	198.0
1530000	198.0
1540000	196.0
1550000	194.0
1560000	195.0
1570000	197.0
1580000	197.0
1590000	196.0
1600000	196.0
1610000	198.0
1620000	197.0
1630000	197.0
1640000	195.0
1650000	192.0
1660000	76.0
1670000	183.0
1680000	195.0
1690000	194.0
1700000	196.0
1710000	189.0
1720000	196.0
1730000	199.0
1740000	198.0
1750000	197.0
1760000	197.0
1770000	195.0
1780000	196.0
1790000	197.0
1800000	198.0
1810000	195.0
1820000	199.0
1830000	200.0
1840000	198.0
1850000	194.0
1860000	199.0
1870000	196.0
1880000	198.0
1890000	193.0
1900000	198.0
1910000	200.0
1920000	200.0
1930000	196.0
1940000	198.0
1950000	195.0
1960000	198.0
1970000	192.0
1980000	196.0
1990000	197.0
2000000	199.0
2010000	198.0
2020000	198.0
2030000	199.0
2040000	198.0
2050000	197.0
2060000	197.0
2070000	197.0
2080000	199.0
2090000	197.0
2100000	196.0
2110000	196.0
2120000	197.0
2130000	199.0
2140000	196.0
2150000	199.0
2160000	200.0
2170000	197.0
2180000	199.0
2190000	196.0
2200000	195.0
2210000	198.0
2220000	193.0
2230000	202.0
2240000	201.0
2250000	196.0
2260000	195.0
2270000	198.0
2280000	199.0
2290000	197.0
2300000	196.0
2310000	195.0
2320000	197.0
2330000	196.0
2340000	198.0
2350000	196.0
2360000	197.0
2370000	197.0
2380000	201.0
2390000	198.0
2400000	200.0
2410000	199.0
2420000	199.0
2430000	197.0
2440000	201.0
2450000	203.0
2460000	197.0
2470000	193.0
2480000	198.0
2490000	202.0
2500000	203.0
2510000	199.0
2520000	199.0
2530000	198.0
2540000	196.0
2550000	198.0
2560000	194.0
2570000	197.0
2580000	198.0
2590000	200.0
2600000	197.0
2610000	201.0
2620000	196.0
2630000	199.0
2640000	199.0
2650000	201.0
2660000	199.0
2670000	196.0
2680000	201.0
2690000	198.0
2700000	197.0
2710000	198.0
2720000	203.0
2730000	202.0
2740000	199.0
2750000	198.0
2760000	201.0
2770000	201.0
2780000	198.0
2790000	197.0
2800000	199.0
2810000	203.0
2820000	198.0
2830000	200.0
2840000	199.0
2850000	197.0
2860000	200.0
2870000	197.0
2880000	198.0
2890000	199.0
2900000	200.0
2910000	198.0
2920000	199.0
2930000	198.0
2940000	201.0
2950000	201.0
2960000	198.0
2970000	198.0
2980000	190.0
2990000	201.0
3000000	201.0
3010000	200.0
3020000	198.0
3030000	196.0
3040000	199.0
3050000	198.0
3060000	199.0
3070000	198.0
3080000	198.0
3090000	201.0
3100000	200.0
3110000	196.0
3120000	198.0
3130000	199.0
3140000	201.0
3150000	197.0
3160000	199.0
3170000	197.0
3180000	200.0
3190000	200.0
3200000	199.0
3210000	194.0
3220000	199.0
3230000	199.0
3240000	200.0
3250000	200.0
3260000	196.0
3270000	196.0
3280000	199.0
3290000	197.0
3300000	197.0
3310000	200.0
3320000	196.0
3330000	202.0
3340000	199.0
3350000	200.0
3360000	197.0
3370000	198.0
3380000	201.0
3390000	203.0
3400000	199.0
3410000	196.0
3420000	198.0
3430000	202.0
3440000	200.0
3450000	204.0
3460000	199.0
3470000	202.0
3480000	202.0
3490000	199.0
3500000	198.0
3510000	200.0
3520000	200.0
3530000	198.0
3540000	199.0
3550000	197.0
3560000	196.0
3570000	199.0
3580000	197.0
3590000	199.0
3600000	197.0
3610000	198.0
3620000	200.0
3630000	202.0
3640000	201.0
3650000	197.0
3660000	199.0
3670000	201.0
3680000	200.0
3690000	196.0
3700000	199.0
3710000	199.0
3720000	202.0
3730000	200.0
3740000	198.0
3750000	202.0
3760000	201.0
3770000	198.0
3780000	197.0
3790000	200.0
3800000	198.0
3810000	199.0
3820000	198.0
3830000	199.0
3840000	199.0
3850000	199.0
3860000	198.0
3870000	194.0
3880000	196.0
3890000	112.0
3900000	132.0
3910000	193.0
3920000	192.0
3930000	196.0
3940000	194.0
3950000	193.0
3960000	195.0
3970000	200.0
3980000	199.0
3990000	193.0
4000000	198.0
4010000	199.0
4020000	198.0
4030000	199.0
4040000	197.0
4050000	201.0
4060000	197.0
4070000	195.0
4080000	202.0
4090000	196.0
4100000	197.0
4110000	199.0
4120000	200.0
4130000	199.0
4140000	197.0
4150000	198.0
4160000	200.0
4170000	200.0
4180000	201.0
4190000	199.0
4200000	198.0
4210000	200.0
4220000	203.0
4230000	199.0
4240000	198.0
4250000	200.0
4260000	200.0
4270000	200.0
4280000	199.0
4290000	198.0
4300000	202.0
4310000	201.0
4320000	198.0
4330000	198.0
4340000	200.0
4350000	198.0
4360000	195.0
4370000	200.0
4380000	199.0
4390000	201.0
4400000	201.0
4410000	198.0
4420000	200.0
4430000	197.0
4440000	200.0
4450000	201.0
4460000	198.0
4470000	199.0
4480000	202.0
4490000	196.0
4500000	200.0
4510000	201.0
4520000	200.0
4530000	199.0
4540000	200.0
4550000	198.0
4560000	197.0
4570000	201.0
4580000	196.0
4590000	202.0
4600000	197.0
4610000	198.0
4620000	201.0
4630000	197.0
4640000	202.0
4650000	199.0
4660000	201.0
4670000	198.0
4680000	197.0
4690000	196.0
4700000	197.0
4710000	200.0
4720000	203.0
4730000	202.0
4740000	201.0
4750000	201.0
4760000	203.0
4770000	199.0
4780000	201.0
4790000	201.0
4800000	198.0
4810000	196.0
4820000	196.0
4830000	196.0
4840000	195.0
4850000	195.0
4860000	200.0
4870000	201.0
4880000	198.0
4890000	196.0
4900000	203.0
4910000	197.0
4920000	200.0
4930000	199.0
4940000	198.0
4950000	195.0
4960000	204.0
4970000	200.0
4980000	198.0
4990000	203.0
5000000	202.0
