10000	1.0
20000	2.0
30000	2.0
40000	2.0
50000	2.0
60000	3.0
70000	1.0
80000	1.0
90000	5.0
100000	2.0
110000	2.0
120000	2.0
130000	1.0
140000	4.0
150000	2.0
160000	4.0
170000	2.0
180000	2.0
190000	3.0
200000	3.0
210000	4.0
220000	2.0
230000	1.0
240000	4.0
250000	2.0
260000	0.0
270000	0.0
280000	0.0
290000	7.0
300000	3.0
310000	8.0
320000	14.0
330000	28.0
340000	105.0
350000	151.0
360000	148.0
370000	165.0
380000	150.0
390000	160.0
400000	166.0
410000	156.0
420000	166.0
430000	159.0
440000	162.0
450000	158.0
460000	166.0
470000	165.0
480000	163.0
490000	164.0
500000	170.0
510000	164.0
520000	174.0
530000	169.0
540000	169.0
550000	176.0
560000	171.0
570000	169.0
580000	175.0
590000	180.0
600000	177.0
610000	178.0
620000	180.0
630000	177.0
640000	178.0
650000	185.0
660000	182.0
670000	186.0
680000	184.0
690000	182.0
700000	183.0
710000	187.0
720000	186.0
730000	172.0
740000	182.0
750000	185.0
760000	182.0
770000	183.0
780000	186.0
790000	186.0
800000	188.0
810000	187.0
820000	185.0
830000	185.0
840000	189.0
850000	187.0
860000	185.0
870000	188.0
880000	188.0
890000	185.0
900000	193.0
910000	183.0
920000	190.0
930000	191.0
940000	189.0
950000	187.0
960000	190.0
970000	188.0
980000	192.0
990000	192.0
1000000	187.0
1010000	189.0
1020000	188.0
1030000	192.0
1040000	191.0
1050000	190.0
1060000	190.0
1070000	190.0
1080000	191.0
1090000	190.0
1100000	184.0
1110000	193.0
1120000	194.0
1130000	191.0
1140000	190.0
1150000	193.0
1160000	186.0
1170000	188.0
1180000	190.0
1190000	192.0
1200000	192.0
1210000	192.0
1220000	193.0
1230000	191.0
1240000	195.0
1250000	191.0
1260000	196.0
1270000	193.0
1280000	192.0
1290000	194.0
1300000	192.0
1310000	191.0
1320000	193.0
1330000	195.0
1340000	197.0
1350000	195.0
1360000	191.0
1370000	193.0
1380000	195.0
1390000	196.0
1400000	190.0
1410000	198.0
1420000	196.0
1430000	196.0
1440000	195.0
1450000	194.0
1460000	195.0
1470000	193.0
1480000	195.0
1490000	200.0
1500000	195.0
1510000	196.0
1520000	193.0
1530000	191.0
1540000	197.0
1550000	194.0
1560000	192.0
1570000	197.0
1580000	194.0
1590000	196.0
1600000	195.0
1610000	196.0
1620000	195.0
1630000	196.0
1640000	197.0
1650000	194.0
1660000	194.0
1670000	195.0
1680000	197.0
1690000	197.0
1700000	195.0
1710000	198.0
1720000	196.0
1730000	198.0
1740000	198.0
1750000	197.0
1760000	194.0
1770000	191.0
1780000	195.0
1790000	194.0
1800000	196.0
1810000	196.0
1820000	192.0
1830000	195.0
1840000	194.0
1850000	196.0
1860000	196.0
1870000	191.0
1880000	199.0
1890000	196.0
1900000	197.0
1910000	194.0
1920000	195.0
1930000	196.0
1940000	194.0
1950000	197.0
1960000	192.0
1970000	198.0
1980000	197.0
1990000	197.0
2000000	196.0
2010000	195.0
2020000	197.0
2030000	195.0
2040000	194.0
2050000	195.0
2060000	194.0
2070000	196.0
2080000	195.0
2090000	193.0
2100000	194.0
2110000	197.0
2120000	153.0
2130000	171.0
2140000	188.0
2150000	197.0
2160000	196.0
2170000	195.0
2180000	199.0
2190000	197.0
2200000	197.0
2210000	201.0
2220000	200.0
2230000	196.0
2240000	198.0
2250000	199.0
2260000	196.0
2270000	197.0
2280000	197.0
2290000	198.0
2300000	200.0
2310000	195.0
2320000	196.0
2330000	196.0
2340000	196.0
2350000	196.0
2360000	197.0
2370000	199.0
2380000	197.0
2390000	196.0
2400000	200.0
2410000	198.0
2420000	197.0
2430000	195.0
2440000	200.0
2450000	194.0
2460000	196.0
2470000	196.0
2480000	193.0
2490000	196.0
2500000	196.0
2510000	200.0
2520000	198.0
2530000	199.0
2540000	200.0
2550000	193.0
2560000	193.0
2570000	197.0
2580000	198.0
2590000	199.0
2600000	197.0
2610000	199.0
2620000	199.0
2630000	200.0
2640000	196.0
2650000	197.0
2660000	199.0
2670000	197.0
2680000	196.0
2690000	198.0
2700000	200.0
2710000	197.0
2720000	200.0
2730000	201.0
2740000	196.0
2750000	201.0
2760000	196.0
2770000	199.0
2780000	196.0
2790000	199.0
2800000	199.0
2810000	196.0
2820000	200.0
2830000	198.0
2840000	194.0
2850000	200.0
2860000	197.0
2870000	193.0
2880000	198.0
2890000	199.0
2900000	192.0
2910000	194.0
2920000	194.0
2930000	191.0
2940000	195.0
2950000	198.0
2960000	198.0
2970000	193.0
2980000	198.0
2990000	198.0
3000000	196.0
3010000	195.0
3020000	196.0
3030000	200.0
3040000	198.0
3050000	197.0
3060000	196.0
3070000	196.0
3080000	199.0
3090000	195.0
3100000	197.0
3110000	198.0
3120000	199.0
3130000	198.0
3140000	200.0
3150000	199.0
3160000	199.0
3170000	198.0
3180000	198.0
3190000	201.0
3200000	198.0
3210000	199.0
3220000	197.0
3230000	198.0
3240000	198.0
3250000	196.0
3260000	196.0
3270000	197.0
3280000	192.0
3290000	191.0
3300000	195.0
3310000	196.0
3320000	198.0
3330000	201.0
3340000	196.0
3350000	197.0
3360000	198.0
3370000	197.0
3380000	197.0
3390000	198.0
3400000	197.0
3410000	199.0
3420000	197.0
3430000	196.0
3440000	196.0
3450000	196.0
3460000	197.0
3470000	201.0
3480000	198.0
3490000	200.0
3500000	200.0
3510000	199.0
3520000	196.0
3530000	198.0
3540000	199.0
3550000	200.0
3560000	198.0
3570000	198.0
3580000	197.0
3590000	199.0
3600000	196.0
3610000	200.0
3620000	200.0
3630000	196.0
3640000	197.0
3650000	202.0
3660000	198.0
3670000	200.0
3680000	198.0
3690000	199.0
3700000	199.0
3710000	194.0
3720000	200.0
3730000	201.0
3740000	198.0
3750000	200.0
3760000	195.0
3770000	200.0
3780000	200.0
3790000	200.0
3800000	178.0
3810000	199.0
3820000	197.0
3830000	196.0
3840000	199.0
3850000	197.0
3860000	199.0
3870000	198.0
3880000	198.0
3890000	200.0
3900000	197.0
3910000	202.0
3920000	198.0
3930000	201.0
3940000	202.0
3950000	197.0
3960000	200.0
3970000	197.0
3980000	198.0
3990000	197.0
4000000	186.0
4010000	198.0
4020000	195.0
4030000	197.0
4040000	198.0
4050000	195.0
4060000	198.0
4070000	197.0
4080000	196.0
4090000	198.0
4100000	196.0
4110000	199.0
4120000	201.0
4130000	196.0
4140000	197.0
4150000	196.0
4160000	197.0
4170000	198.0
4180000	199.0
4190000	201.0
4200000	201.0
4210000	200.0
4220000	202.0
4230000	197.0
4240000	196.0
4250000	198.0
4260000	201.0
4270000	196.0
4280000	201.0
4290000	199.0
4300000	197.0
4310000	199.0
4320000	198.0
4330000	196.0
4340000	197.0
4350000	199.0
4360000	199.0
4370000	197.0
4380000	197.0
4390000	200.0
4400000	202.0
4410000	198.0
4420000	200.0
4430000	201.0
4440000	197.0
4450000	197.0
4460000	199.0
4470000	196.0
4480000	198.0
4490000	193.0
4500000	198.0
4510000	198.0
4520000	199.0
4530000	199.0
4540000	196.0
4550000	198.0
4560000	200.0
4570000	200.0
4580000	197.0
4590000	197.0
4600000	202.0
4610000	199.0
4620000	197.0
4630000	199.0
4640000	197.0
4650000	199.0
4660000	194.0
4670000	199.0
4680000	199.0
4690000	198.0
4700000	201.0
4710000	198.0
4720000	198.0
4730000	198.0
4740000	195.0
4750000	200.0
4760000	201.0
4770000	199.0
4780000	196.0
4790000	201.0
4800000	201.0
4810000	199.0
4820000	202.0
4830000	198.0
4840000	199.0
4850000	200.0
4860000	197.0
4870000	191.0
4880000	194.0
4890000	198.0
4900000	197.0
4910000	200.0
4920000	201.0
4930000	198.0
4940000	200.0
4950000	198.0
4960000	199.0
4970000	197.0
4980000	201.0
4990000	198.0
5000000	202.0
