10000	2.0
20000	3.0
30000	2.0
40000	3.0
50000	3.0
60000	3.0
70000	2.0
80000	1.0
90000	1.0
100000	3.0
110000	2.0
120000	5.0
130000	4.0
140000	2.0
150000	1.0
160000	3.0
170000	1.0
180000	1.0
190000	3.0
200000	1.0
210000	4.0
220000	1.0
230000	2.0
240000	2.0
250000	3.0
260000	2.0
270000	0.0
280000	0.0
290000	0.0
300000	5.0
310000	10.0
320000	12.0
330000	12.0
340000	41.0
350000	83.0
360000	94.0
370000	122.0
380000	147.0
390000	152.0
400000	146.0
410000	150.0
420000	144.0
430000	138.0
440000	146.0
450000	146.0
460000	147.0
470000	148.0
480000	156.0
490000	156.0
500000	150.0
510000	154.0
520000	151.0
530000	160.0
540000	157.0
550000	161.0
560000	164.0
570000	170.0
580000	160.0
590000	164.0
600000	162.0
610000	164.0
620000	161.0
630000	155.0
640000	173.0
650000	171.0
660000	166.0
670000	175.0
680000	169.0
690000	167.0
700000	161.0
710000	157.0
720000	167.0
730000	169.0
740000	160.0
750000	170.0
760000	171.0
770000	168.0
780000	155.0
790000	176.0
800000	170.0
810000	151.0
820000	176.0
830000	173.0
840000	173.0
850000	172.0
860000	178.0
870000	175.0
880000	172.0
890000	173.0
900000	171.0
910000	162.0
920000	174.0
930000	167.0
940000	179.0
950000	175.0
960000	181.0
970000	177.0
980000	183.0
990000	181.0
1000000	177.0
1010000	178.0
1020000	178.0
1030000	179.0
1040000	170.0
1050000	177.0
1060000	182.0
1070000	180.0
1080000	180.0
1090000	178.0
1100000	180.0
1110000	179.0
1120000	181.0
1130000	181.0
1140000	181.0
1150000	179.0
1160000	181.0
1170000	182.0
1180000	185.0
1190000	181.0
1200000	170.0
1210000	172.0
1220000	173.0
1230000	177.0
1240000	184.0
1250000	177.0
1260000	181.0
1270000	188.0
1280000	177.0
1290000	185.0
1300000	184.0
1310000	185.0
1320000	185.0
1330000	186.0
1340000	182.0
1350000	185.0
1360000	184.0
1370000	186.0
1380000	186.0
1390000	185.0
1400000	183.0
1410000	183.0
1420000	188.0
1430000	190.0
1440000	179.0
1450000	185.0
1460000	191.0
1470000	181.0
1480000	187.0
1490000	186.0
1500000	185.0
1510000	182.0
1520000	191.0
1530000	187.0
1540000	181.0
1550000	185.0
1560000	187.0
1570000	183.0
1580000	183.0
1590000	189.0
1600000	184.0
1610000	185.0
1620000	184.0
1630000	185.0
1640000	186.0
1650000	184.0
1660000	181.0
1670000	167.0
1680000	185.0
1690000	185.0
1700000	186.0
1710000	189.0
1720000	178.0
1730000	190.0
1740000	186.0
1750000	187.0
1760000	185.0
1770000	186.0
1780000	190.0
1790000	179.0
1800000	191.0
1810000	187.0
1820000	184.0
1830000	188.0
1840000	188.0
1850000	184.0
1860000	189.0
1870000	196.0
1880000	190.0
1890000	189.0
1900000	189.0
1910000	189.0
1920000	188.0
1930000	189.0
1940000	183.0
1950000	191.0
1960000	190.0
1970000	190.0
1980000	188.0
1990000	187.0
2000000	188.0
2010000	191.0
2020000	188.0
2030000	189.0
2040000	189.0
2050000	192.0
2060000	189.0
2070000	192.0
2080000	190.0
2090000	190.0
2100000	188.0
2110000	190.0
2120000	193.0
2130000	191.0
2140000	192.0
2150000	194.0
2160000	190.0
2170000	178.0
2180000	190.0
2190000	193.0
2200000	189.0
2210000	185.0
2220000	191.0
2230000	187.0
2240000	191.0
2250000	191.0
2260000	188.0
2270000	191.0
2280000	190.0
2290000	192.0
2300000	193.0
2310000	191.0
2320000	188.0
2330000	195.0
2340000	194.0
2350000	193.0
2360000	187.0
2370000	191.0
2380000	188.0
2390000	191.0
2400000	193.0
2410000	191.0
2420000	189.0
2430000	190.0
2440000	189.0
2450000	189.0
2460000	188.0
2470000	187.0
2480000	192.0
2490000	189.0
2500000	193.0
2510000	188.0
2520000	193.0
2530000	196.0
2540000	192.0
2550000	190.0
2560000	194.0
2570000	180.0
2580000	191.0
2590000	195.0
2600000	193.0
2610000	191.0
2620000	192.0
2630000	189.0
2640000	187.0
2650000	191.0
2660000	191.0
2670000	192.0
2680000	193.0
2690000	191.0
2700000	191.0
2710000	192.0
2720000	191.0
2730000	192.0
2740000	194.0
2750000	190.0
2760000	193.0
2770000	191.0
2780000	192.0
2790000	194.0
2800000	194.0
2810000	190.0
2820000	193.0
2830000	193.0
2840000	192.0
2850000	194.0
2860000	192.0
2870000	190.0
2880000	190.0
2890000	191.0
2900000	190.0
2910000	185.0
2920000	189.0
2930000	193.0
2940000	195.0
2950000	191.0
2960000	192.0
2970000	193.0
2980000	194.0
2990000	193.0
3000000	193.0
3010000	191.0
3020000	193.0
3030000	190.0
3040000	193.0
3050000	194.0
3060000	192.0
3070000	192.0
3080000	190.0
3090000	192.0
3100000	193.0
3110000	193.0
3120000	195.0
3130000	193.0
3140000	194.0
3150000	195.0
3160000	191.0
3170000	193.0
3180000	194.0
3190000	193.0
3200000	191.0
3210000	192.0
3220000	191.0
3230000	194.0
3240000	188.0
3250000	187.0
3260000	194.0
3270000	192.0
3280000	194.0
3290000	191.0
3300000	191.0
3310000	189.0
3320000	192.0
3330000	183.0
3340000	190.0
3350000	191.0
3360000	194.0
3370000	192.0
3380000	191.0
3390000	193.0
3400000	197.0
3410000	191.0
3420000	195.0
3430000	195.0
3440000	193.0
3450000	191.0
3460000	192.0
3470000	195.0
3480000	193.0
3490000	195.0
3500000	195.0
3510000	193.0
3520000	193.0
3530000	195.0
3540000	195.0
3550000	196.0
3560000	194.0
3570000	195.0
3580000	193.0
3590000	195.0
3600000	196.0
3610000	194.0
3620000	194.0
3630000	196.0
3640000	192.0
3650000	192.0
3660000	193.0
3670000	190.0
3680000	191.0
3690000	195.0
3700000	193.0
3710000	193.0
3720000	192.0
3730000	193.0
3740000	195.0
3750000	194.0
3760000	194.0
3770000	192.0
3780000	194.0
3790000	195.0
3800000	193.0
3810000	193.0
3820000	196.0
3830000	193.0
3840000	192.0
3850000	192.0
3860000	195.0
3870000	195.0
3880000	193.0
3890000	194.0
3900000	193.0
3910000	192.0
3920000	195.0
3930000	192.0
3940000	192.0
3950000	192.0
3960000	193.0
3970000	194.0
3980000	192.0
3990000	194.0
4000000	194.0
4010000	193.0
4020000	195.0
4030000	193.0
4040000	194.0
4050000	195.0
4060000	193.0
4070000	192.0
4080000	195.0
4090000	191.0
4100000	191.0
4110000	195.0
4120000	192.0
4130000	194.0
4140000	193.0
4150000	192.0
4160000	191.0
4170000	197.0
4180000	190.0
4190000	194.0
4200000	196.0
4210000	192.0
4220000	194.0
4230000	191.0
4240000	191.0
4250000	193.0
4260000	194.0
4270000	194.0
4280000	193.0
4290000	189.0
4300000	195.0
4310000	196.0
4320000	193.0
4330000	191.0
4340000	193.0
4350000	194.0
4360000	193.0
4370000	186.0
4380000	195.0
4390000	194.0
4400000	195.0
4410000	193.0
4420000	187.0
4430000	192.0
4440000	194.0
4450000	195.0
4460000	194.0
4470000	194.0
4480000	195.0
4490000	191.0
4500000	193.0
4510000	195.0
4520000	192.0
4530000	197.0
4540000	191.0
4550000	191.0
4560000	193.0
4570000	189.0
4580000	193.0
4590000	194.0
4600000	193.0
4610000	195.0
4620000	193.0
4630000	197.0
4640000	193.0
4650000	195.0
4660000	196.0
4670000	191.0
4680000	194.0
4690000	190.0
4700000	194.0
4710000	194.0
4720000	195.0
4730000	192.0
4740000	192.0
4750000	194.0
4760000	195.0
4770000	195.0
4780000	193.0
4790000	192.0
4800000	194.0
4810000	194.0
4820000	195.0
4830000	194.0
4840000	197.0
4850000	193.0
4860000	194.0
4870000	194.0
4880000	194.0
4890000	194.0
4900000	193.0
4910000	194.0
4920000	193.0
4930000	194.0
4940000	193.0
4950000	193.0
4960000	194.0
4970000	193.0
4980000	196.0
4990000	196.0
5000000	195.0
