10000	3.0
20000	3.0
30000	3.0
40000	2.0
50000	4.0
60000	4.0
70000	2.0
80000	3.0
90000	5.0
100000	3.0
110000	1.0
120000	1.0
130000	2.0
140000	4.0
150000	3.0
160000	2.0
170000	3.0
180000	0.0
190000	3.0
200000	3.0
210000	3.0
220000	1.0
230000	2.0
240000	2.0
250000	2.0
260000	0.0
270000	0.0
280000	0.0
290000	5.0
300000	9.0
310000	5.0
320000	21.0
330000	54.0
340000	115.0
350000	126.0
360000	128.0
370000	138.0
380000	145.0
390000	149.0
400000	154.0
410000	148.0
420000	146.0
430000	150.0
440000	136.0
450000	150.0
460000	151.0
470000	155.0
480000	161.0
490000	149.0
500000	164.0
510000	160.0
520000	163.0
530000	164.0
540000	165.0
550000	171.0
560000	175.0
570000	144.0
580000	168.0
590000	180.0
600000	174.0
610000	175.0
620000	175.0
630000	172.0
640000	174.0
650000	173.0
660000	173.0
670000	182.0
680000	179.0
690000	184.0
700000	176.0
710000	180.0
720000	180.0
730000	181.0
740000	181.0
750000	182.0
760000	179.0
770000	185.0
780000	186.0
790000	185.0
800000	182.0
810000	185.0
820000	188.0
830000	186.0
840000	182.0
850000	191.0
860000	190.0
870000	183.0
880000	177.0
890000	181.0
900000	190.0
910000	177.0
920000	185.0
930000	185.0
940000	192.0
950000	185.0
960000	186.0
970000	186.0
980000	189.0
990000	188.0
1000000	189.0
1010000	189.0
1020000	190.0
1030000	187.0
1040000	187.0
1050000	185.0
1060000	196.0
1070000	189.0
1080000	190.0
1090000	188.0
1100000	185.0
1110000	191.0
1120000	186.0
1130000	187.0
1140000	191.0
1150000	193.0
1160000	193.0
1170000	193.0
1180000	189.0
1190000	194.0
1200000	194.0
1210000	194.0
1220000	194.0
1230000	190.0
1240000	194.0
1250000	189.0
1260000	192.0
1270000	192.0
1280000	190.0
1290000	196.0
1300000	195.0
1310000	193.0
1320000	195.0
1330000	189.0
1340000	191.0
1350000	194.0
1360000	195.0
1370000	192.0
1380000	191.0
1390000	194.0
1400000	193.0
1410000	196.0
1420000	194.0
1430000	195.0
1440000	195.0
1450000	193.0
1460000	196.0
1470000	193.0
1480000	195.0
1490000	190.0
1500000	191.0
1510000	189.0
1520000	189.0
1530000	190.0
1540000	194.0
1550000	193.0
1560000	197.0
1570000	196.0
1580000	194.0
1590000	194.0
1600000	185.0
1610000	187.0
1620000	192.0
1630000	193.0
1640000	195.0
1650000	191.0
1660000	197.0
1670000	191.0
1680000	193.0
1690000	197.0
1700000	198.0
1710000	194.0
1720000	197.0
1730000	197.0
1740000	199.0
1750000	195.0
1760000	197.0
1770000	197.0
1780000	196.0
1790000	195.0
1800000	186.0
1810000	195.0
1820000	192.0
1830000	194.0
1840000	198.0
1850000	191.0
1860000	201.0
1870000	195.0
1880000	196.0
1890000	198.0
1900000	196.0
1910000	194.0
1920000	196.0
1930000	198.0
1940000	197.0
1950000	198.0
1960000	197.0
1970000	197.0
1980000	198.0
1990000	199.0
2000000	199.0
2010000	195.0
2020000	196.0
2030000	198.0
2040000	199.0
2050000	197.0
2060000	200.0
2070000	199.0
2080000	197.0
2090000	195.0
2100000	199.0
2110000	199.0
2120000	202.0
2130000	199.0
2140000	197.0
2150000	195.0
2160000	198.0
2170000	202.0
2180000	196.0
2190000	202.0
2200000	196.0
2210000	197.0
2220000	200.0
2230000	194.0
2240000	193.0
2250000	199.0
2260000	198.0
2270000	194.0
2280000	197.0
2290000	197.0
2300000	194.0
2310000	199.0
2320000	201.0
2330000	199.0
2340000	188.0
2350000	198.0
2360000	196.0
2370000	202.0
2380000	197.0
2390000	198.0
2400000	198.0
2410000	198.0
2420000	195.0
2430000	199.0
2440000	194.0
2450000	197.0
2460000	198.0
2470000	200.0
2480000	200.0
2490000	201.0
2500000	200.0
2510000	199.0
2520000	198.0
2530000	197.0
2540000	200.0
2550000	199.0
2560000	198.0
2570000	200.0
2580000	198.0
2590000	196.0
2600000	199.0
2610000	200.0
2620000	198.0
2630000	198.0
2640000	198.0
2650000	198.0
2660000	199.0
2670000	199.0
2680000	199.0
2690000	200.0
2700000	199.0
2710000	199.0
2720000	200.0
2730000	201.0
2740000	201.0
2750000	202.0
2760000	198.0
2770000	198.0
2780000	199.0
2790000	193.0
2800000	198.0
2810000	199.0
2820000	197.0
2830000	198.0
2840000	197.0
2850000	195.0
2860000	197.0
2870000	197.0
2880000	199.0
2890000	201.0
2900000	200.0
2910000	198.0
2920000	201.0
2930000	197.0
2940000	198.0
2950000	198.0
2960000	199.0
2970000	200.0
2980000	197.0
2990000	198.0
3000000	198.0
3010000	199.0
3020000	197.0
3030000	195.0
3040000	199.0
3050000	199.0
3060000	198.0
3070000	200.0
3080000	196.0
3090000	198.0
3100000	198.0
3110000	199.0
3120000	201.0
3130000	199.0
3140000	197.0
3150000	199.0
3160000	194.0
3170000	198.0
3180000	195.0
3190000	198.0
3200000	197.0
3210000	195.0
3220000	201.0
3230000	200.0
3240000	192.0
3250000	192.0
3260000	195.0
3270000	198.0
3280000	197.0
3290000	199.0
3300000	198.0
3310000	201.0
3320000	200.0
3330000	194.0
3340000	198.0
3350000	199.0
3360000	200.0
3370000	199.0
3380000	198.0
3390000	201.0
3400000	195.0
3410000	202.0
3420000	195.0
3430000	196.0
3440000	197.0
3450000	201.0
3460000	197.0
3470000	197.0
3480000	199.0
3490000	200.0
3500000	202.0
3510000	197.0
3520000	198.0
3530000	195.0
3540000	199.0
3550000	195.0
3560000	198.0
3570000	199.0
3580000	196.0
3590000	197.0
3600000	194.0
3610000	198.0
3620000	200.0
3630000	195.0
3640000	199.0
3650000	197.0
3660000	198.0
3670000	200.0
3680000	197.0
3690000	198.0
3700000	195.0
3710000	199.0
3720000	200.0
3730000	193.0
3740000	197.0
3750000	198.0
3760000	197.0
3770000	200.0
3780000	199.0
3790000	197.0
3800000	197.0
3810000	200.0
3820000	197.0
3830000	197.0
3840000	195.0
3850000	195.0
3860000	198.0
3870000	198.0
3880000	196.0
3890000	201.0
3900000	198.0
3910000	195.0
3920000	201.0
3930000	199.0
3940000	198.0
3950000	201.0
3960000	204.0
3970000	200.0
3980000	197.0
3990000	199.0
4000000	195.0
4010000	196.0
4020000	200.0
4030000	199.0
4040000	198.0
4050000	199.0
4060000	199.0
4070000	199.0
4080000	197.0
4090000	199.0
4100000	200.0
4110000	200.0
4120000	196.0
4130000	201.0
4140000	195.0
4150000	196.0
4160000	199.0
4170000	199.0
4180000	197.0
4190000	199.0
4200000	198.0
4210000	199.0
4220000	199.0
4230000	197.0
4240000	204.0
4250000	200.0
4260000	197.0
4270000	201.0
4280000	196.0
4290000	197.0
4300000	198.0
4310000	201.0
4320000	198.0
4330000	199.0
4340000	197.0
4350000	200.0
4360000	201.0
4370000	198.0
4380000	202.0
4390000	200.0
4400000	198.0
4410000	199.0
4420000	203.0
4430000	200.0
4440000	200.0
4450000	198.0
4460000	199.0
4470000	199.0
4480000	202.0
4490000	200.0
4500000	197.0
4510000	196.0
4520000	200.0
4530000	201.0
4540000	196.0
4550000	200.0
4560000	197.0
4570000	196.0
4580000	199.0
4590000	198.0
4600000	197.0
4610000	197.0
4620000	199.0
4630000	200.0
4640000	198.0
4650000	201.0
4660000	199.0
4670000	199.0
4680000	198.0
4690000	198.0
4700000	197.0
4710000	199.0
4720000	199.0
4730000	202.0
4740000	198.0
4750000	198.0
4760000	202.0
4770000	200.0
4780000	197.0
4790000	199.0
4800000	197.0
4810000	202.0
4820000	199.0
4830000	197.0
4840000	200.0
4850000	199.0
4860000	199.0
4870000	198.0
4880000	201.0
4890000	201.0
4900000	197.0
4910000	196.0
4920000	199.0
4930000	195.0
4940000	194.0
4950000	197.0
4960000	198.0
4970000	200.0
4980000	201.0
4990000	201.0
5000000	200.0
