10000	3.0
20000	1.0
30000	2.0
40000	4.0
50000	3.0
60000	1.0
70000	1.0
80000	3.0
90000	3.0
100000	1.0
110000	2.0
120000	3.0
130000	5.0
140000	2.0
150000	2.0
160000	5.0
170000	4.0
180000	3.0
190000	4.0
200000	4.0
210000	1.0
220000	0.0
230000	1.0
240000	4.0
250000	2.0
260000	0.0
270000	0.0
280000	0.0
290000	1.0
300000	4.0
310000	3.0
320000	6.0
330000	2.0
340000	14.0
350000	12.0
360000	31.0
370000	88.0
380000	110.0
390000	130.0
400000	154.0
410000	132.0
420000	145.0
430000	128.0
440000	143.0
450000	148.0
460000	151.0
470000	142.0
480000	157.0
490000	155.0
500000	145.0
510000	159.0
520000	166.0
530000	158.0
540000	162.0
550000	166.0
560000	168.0
570000	172.0
580000	167.0
590000	168.0
600000	169.0
610000	170.0
620000	181.0
630000	174.0
640000	175.0
650000	183.0
660000	175.0
670000	176.0
680000	180.0
690000	171.0
700000	168.0
710000	174.0
720000	180.0
730000	174.0
740000	175.0
750000	179.0
760000	185.0
770000	186.0
780000	188.0
790000	187.0
800000	181.0
810000	182.0
820000	192.0
830000	190.0
840000	190.0
850000	194.0
860000	178.0
870000	185.0
880000	186.0
890000	188.0
900000	188.0
910000	187.0
920000	191.0
930000	191.0
940000	194.0
950000	185.0
960000	190.0
970000	189.0
980000	187.0
990000	188.0
1000000	189.0
1010000	185.0
1020000	194.0
1030000	189.0
1040000	192.0
1050000	190.0
1060000	190.0
1070000	192.0
1080000	188.0
1090000	191.0
1100000	186.0
1110000	190.0
1120000	190.0
1130000	187.0
1140000	192.0
1150000	188.0
1160000	191.0
1170000	194.0
1180000	192.0
1190000	195.0
1200000	197.0
1210000	192.0
1220000	193.0
1230000	190.0
1240000	194.0
1250000	196.0
1260000	193.0
1270000	189.0
1280000	195.0
1290000	187.0
1300000	195.0
1310000	193.0
1320000	190.0
1330000	194.0
1340000	199.0
1350000	194.0
1360000	195.0
1370000	192.0
1380000	193.0
1390000	185.0
1400000	192.0
1410000	192.0
1420000	192.0
1430000	193.0
1440000	189.0
1450000	191.0
1460000	191.0
1470000	192.0
1480000	183.0
1490000	190.0
1500000	198.0
1510000	193.0
1520000	193.0
1530000	197.0
1540000	198.0
1550000	195.0
1560000	193.0
1570000	195.0
1580000	194.0
1590000	192.0
1600000	193.0
1610000	194.0
1620000	191.0
1630000	193.0
1640000	194.0
1650000	196.0
1660000	194.0
1670000	200.0
1680000	198.0
1690000	194.0
1700000	192.0
1710000	198.0
1720000	197.0
1730000	192.0
1740000	193.0
1750000	194.0
1760000	197.0
1770000	196.0
1780000	198.0
1790000	198.0
1800000	199.0
1810000	196.0
1820000	199.0
1830000	193.0
1840000	197.0
1850000	198.0
1860000	198.0
1870000	195.0
1880000	196.0
1890000	196.0
1900000	187.0
1910000	196.0
1920000	191.0
1930000	193.0
1940000	195.0
1950000	199.0
1960000	197.0
1970000	194.0
1980000	197.0
1990000	197.0
2000000	195.0
2010000	197.0
2020000	195.0
2030000	196.0
2040000	201.0
2050000	195.0
2060000	197.0
2070000	198.0
2080000	197.0
2090000	196.0
2100000	198.0
2110000	195.0
2120000	196.0
2130000	198.0
2140000	194.0
2150000	184.0
2160000	199.0
2170000	199.0
2180000	196.0
2190000	199.0
2200000	197.0
2210000	196.0
2220000	196.0
2230000	199.0
2240000	199.0
2250000	201.0
2260000	196.0
2270000	196.0
2280000	198.0
2290000	198.0
2300000	189.0
2310000	201.0
2320000	196.0
2330000	198.0
2340000	196.0
2350000	199.0
2360000	197.0
2370000	202.0
2380000	198.0
2390000	199.0
2400000	197.0
2410000	198.0
2420000	198.0
2430000	203.0
2440000	200.0
2450000	199.0
2460000	196.0
2470000	198.0
2480000	197.0
2490000	199.0
2500000	202.0
2510000	195.0
2520000	195.0
2530000	196.0
2540000	200.0
2550000	199.0
2560000	200.0
2570000	200.0
2580000	195.0
2590000	197.0
2600000	202.0
2610000	197.0
2620000	199.0
2630000	198.0
2640000	196.0
2650000	198.0
2660000	197.0
2670000	199.0
2680000	195.0
2690000	198.0
2700000	199.0
2710000	200.0
2720000	199.0
2730000	198.0
2740000	199.0
2750000	200.0
2760000	196.0
2770000	196.0
2780000	198.0
2790000	196.0
2800000	198.0
2810000	197.0
2820000	199.0
2830000	197.0
2840000	198.0
2850000	199.0
2860000	199.0
2870000	197.0
2880000	197.0
2890000	189.0
2900000	200.0
2910000	201.0
2920000	196.0
2930000	196.0
2940000	197.0
2950000	200.0
2960000	200.0
2970000	199.0
2980000	196.0
2990000	198.0
3000000	200.0
3010000	197.0
3020000	198.0
3030000	199.0
3040000	198.0
3050000	199.0
3060000	195.0
3070000	200.0
3080000	182.0
3090000	199.0
3100000	198.0
3110000	198.0
3120000	199.0
3130000	198.0
3140000	198.0
3150000	201.0
3160000	199.0
3170000	199.0
3180000	200.0
3190000	202.0
3200000	197.0
3210000	201.0
3220000	199.0
3230000	200.0
3240000	202.0
3250000	198.0
3260000	200.0
3270000	201.0
3280000	202.0
3290000	199.0
3300000	198.0
3310000	199.0
3320000	201.0
3330000	201.0
3340000	199.0
3350000	204.0
3360000	199.0
3370000	201.0
3380000	198.0
3390000	199.0
3400000	194.0
3410000	197.0
3420000	198.0
3430000	199.0
3440000	200.0
3450000	194.0
3460000	199.0
3470000	203.0
3480000	199.0
3490000	200.0
3500000	198.0
3510000	199.0
3520000	198.0
3530000	200.0
3540000	202.0
3550000	200.0
3560000	200.0
3570000	196.0
3580000	200.0
3590000	197.0
3600000	199.0
3610000	200.0
3620000	200.0
3630000	199.0
3640000	198.0
3650000	202.0
3660000	198.0
3670000	200.0
3680000	200.0
3690000	204.0
3700000	200.0
3710000	197.0
3720000	199.0
3730000	200.0
3740000	200.0
3750000	200.0
3760000	199.0
3770000	199.0
3780000	201.0
3790000	198.0
3800000	202.0
3810000	198.0
3820000	199.0
3830000	199.0
3840000	203.0
3850000	197.0
3860000	199.0
3870000	200.0
3880000	200.0
3890000	198.0
3900000	204.0
3910000	200.0
3920000	200.0
3930000	198.0
3940000	198.0
3950000	198.0
3960000	197.0
3970000	196.0
3980000	198.0
3990000	196.0
4000000	198.0
4010000	199.0
4020000	198.0
4030000	197.0
4040000	199.0
4050000	201.0
4060000	199.0
4070000	202.0
4080000	200.0
4090000	200.0
4100000	202.0
4110000	202.0
4120000	198.0
4130000	200.0
4140000	200.0
4150000	200.0
4160000	197.0
4170000	196.0
4180000	200.0
4190000	200.0
4200000	199.0
4210000	200.0
4220000	199.0
4230000	202.0
4240000	199.0
4250000	198.0
4260000	200.0
4270000	199.0
4280000	199.0
4290000	202.0
4300000	196.0
4310000	199.0
4320000	199.0
4330000	199.0
4340000	198.0
4350000	201.0
4360000	199.0
4370000	201.0
4380000	199.0
4390000	198.0
4400000	201.0
4410000	202.0
4420000	201.0
4430000	197.0
4440000	201.0
4450000	201.0
4460000	199.0
4470000	198.0
4480000	200.0
4490000	201.0
4500000	199.0
4510000	203.0
4520000	200.0
4530000	199.0
4540000	199.0
4550000	198.0
4560000	201.0
4570000	203.0
4580000	200.0
4590000	198.0
4600000	199.0
4610000	201.0
4620000	194.0
4630000	199.0
4640000	201.0
4650000	196.0
4660000	198.0
4670000	197.0
4680000	197.0
4690000	198.0
4700000	200.0
4710000	199.0
4720000	197.0
4730000	199.0
4740000	199.0
4750000	201.0
4760000	201.0
4770000	197.0
4780000	200.0
4790000	197.0
4800000	198.0
4810000	200.0
4820000	201.0
4830000	199.0
4840000	200.0
4850000	202.0
4860000	200.0
4870000	195.0
4880000	194.0
4890000	199.0
4900000	200.0
4910000	199.0
4920000	201.0
4930000	199.0
4940000	198.0
4950000	196.0
4960000	202.0
4970000	200.0
4980000	199.0
4990000	198.0
5000000	199.0
