10000	3.0
20000	0.0
30000	2.0
40000	1.0
50000	4.0
60000	3.0
70000	3.0
80000	2.0
90000	4.0
100000	3.0
110000	2.0
120000	4.0
130000	3.0
140000	3.0
150000	1.0
160000	2.0
170000	2.0
180000	2.0
190000	2.0
200000	0.0
210000	2.0
220000	1.0
230000	3.0
240000	3.0
250000	4.0
260000	0.0
270000	0.0
280000	3.0
290000	3.0
300000	2.0
310000	4.0
320000	2.0
330000	3.0
340000	4.0
350000	3.0
360000	1.0
370000	3.0
380000	5.0
390000	2.0
400000	4.0
410000	2.0
420000	4.0
430000	0.0
440000	0.0
450000	4.0
460000	3.0
470000	2.0
480000	2.0
490000	1.0
500000	3.0
510000	4.0
520000	5.0
530000	2.0
540000	0.0
550000	0.0
560000	6.0
570000	7.0
580000	52.0
590000	61.0
600000	110.0
610000	145.0
620000	161.0
630000	156.0
640000	156.0
650000	145.0
660000	154.0
670000	153.0
680000	143.0
690000	154.0
700000	161.0
710000	156.0
720000	155.0
730000	155.0
740000	161.0
750000	162.0
760000	167.0
770000	163.0
780000	162.0
790000	168.0
800000	166.0
810000	166.0
820000	172.0
830000	172.0
840000	171.0
850000	173.0
860000	170.0
870000	179.0
880000	181.0
890000	176.0
900000	176.0
910000	176.0
920000	180.0
930000	176.0
940000	178.0
950000	181.0
960000	180.0
970000	173.0
980000	183.0
990000	183.0
1000000	183.0
1010000	186.0
1020000	178.0
1030000	183.0
1040000	183.0
1050000	177.0
1060000	181.0
1070000	185.0
1080000	179.0
1090000	179.0
1100000	185.0
1110000	182.0
1120000	178.0
1130000	180.0
1140000	180.0
1150000	182.0
1160000	190.0
1170000	181.0
1180000	185.0
1190000	184.0
1200000	185.0
1210000	187.0
1220000	185.0
1230000	188.0
1240000	193.0
1250000	184.0
1260000	188.0
1270000	188.0
1280000	185.0
1290000	183.0
1300000	183.0
1310000	189.0
1320000	190.0
1330000	193.0
1340000	190.0
1350000	192.0
1360000	186.0
1370000	190.0
1380000	186.0
1390000	191.0
1400000	191.0
1410000	190.0
1420000	188.0
1430000	188.0
1440000	188.0
1450000	187.0
1460000	195.0
1470000	191.0
1480000	192.0
1490000	193.0
1500000	195.0
1510000	194.0
1520000	193.0
1530000	195.0
1540000	189.0
1550000	190.0
1560000	194.0
1570000	192.0
1580000	191.0
1590000	194.0
1600000	190.0
1610000	191.0
1620000	192.0
1630000	189.0
1640000	193.0
1650000	194.0
1660000	193.0
1670000	195.0
1680000	195.0
1690000	191.0
1700000	185.0
1710000	191.0
1720000	191.0
1730000	194.0
1740000	193.0
1750000	194.0
1760000	194.0
1770000	193.0
1780000	191.0
1790000	192.0
1800000	195.0
1810000	196.0
1820000	194.0
1830000	197.0
1840000	185.0
1850000	195.0
1860000	192.0
1870000	192.0
1880000	194.0
1890000	191.0
1900000	192.0
1910000	193.0
1920000	190.0
1930000	191.0
1940000	194.0
1950000	192.0
1960000	195.0
1970000	190.0
1980000	197.0
1990000	196.0
2000000	197.0
2010000	195.0
2020000	192.0
2030000	192.0
2040000	195.0
2050000	198.0
2060000	193.0
2070000	197.0
2080000	197.0
2090000	192.0
2100000	195.0
2110000	196.0
2120000	195.0
2130000	196.0
2140000	199.0
2150000	194.0
2160000	196.0
2170000	196.0
2180000	195.0
2190000	194.0
2200000	197.0
2210000	196.0
2220000	194.0
2230000	195.0
2240000	193.0
2250000	195.0
2260000	194.0
2270000	194.0
2280000	194.0
2290000	197.0
2300000	200.0
2310000	195.0
2320000	194.0
2330000	192.0
2340000	196.0
2350000	195.0
2360000	194.0
2370000	195.0
2380000	198.0
2390000	199.0
2400000	197.0
2410000	195.0
2420000	197.0
2430000	198.0
2440000	196.0
2450000	172.0
2460000	188.0
2470000	199.0
2480000	194.0
2490000	192.0
2500000	194.0
2510000	193.0
2520000	197.0
2530000	194.0
2540000	198.0
2550000	196.0
2560000	196.0
2570000	195.0
2580000	199.0
2590000	199.0
2600000	191.0
2610000	199.0
2620000	194.0
2630000	195.0
2640000	198.0
2650000	196.0
2660000	200.0
2670000	197.0
2680000	192.0
2690000	196.0
2700000	197.0
2710000	199.0
2720000	196.0
2730000	195.0
2740000	194.0
2750000	195.0
2760000	194.0
2770000	197.0
2780000	197.0
2790000	193.0
2800000	195.0
2810000	198.0
2820000	200.0
2830000	196.0
2840000	198.0
2850000	199.0
2860000	197.0
2870000	196.0
2880000	196.0
2890000	196.0
2900000	186.0
2910000	196.0
2920000	191.0
2930000	195.0
2940000	198.0
2950000	200.0
2960000	195.0
2970000	196.0
2980000	198.0
2990000	195.0
3000000	195.0
3010000	198.0
3020000	196.0
3030000	198.0
3040000	197.0
3050000	198.0
3060000	199.0
3070000	199.0
3080000	200.0
3090000	197.0
3100000	196.0
3110000	193.0
3120000	198.0
3130000	196.0
3140000	195.0
3150000	195.0
3160000	193.0
3170000	199.0
3180000	193.0
3190000	199.0
3200000	198.0
3210000	198.0
3220000	197.0
3230000	199.0
3240000	201.0
3250000	198.0
3260000	195.0
3270000	197.0
3280000	197.0
3290000	196.0
3300000	193.0
3310000	196.0
3320000	197.0
3330000	197.0
3340000	193.0
3350000	195.0
3360000	196.0
3370000	198.0
3380000	189.0
3390000	196.0
3400000	198.0
3410000	196.0
3420000	197.0
3430000	197.0
3440000	196.0
3450000	198.0
3460000	198.0
3470000	196.0
3480000	199.0
3490000	198.0
3500000	194.0
3510000	196.0
3520000	200.0
3530000	199.0
3540000	199.0
3550000	198.0
3560000	196.0
3570000	196.0
3580000	198.0
3590000	197.0
3600000	197.0
3610000	196.0
3620000	194.0
3630000	198.0
3640000	197.0
3650000	197.0
3660000	200.0
3670000	199.0
3680000	195.0
3690000	199.0
3700000	203.0
3710000	196.0
3720000	201.0
3730000	199.0
3740000	188.0
3750000	198.0
3760000	197.0
3770000	194.0
3780000	198.0
3790000	197.0
3800000	194.0
3810000	199.0
3820000	199.0
3830000	196.0
3840000	195.0
3850000	200.0
3860000	198.0
3870000	198.0
3880000	197.0
3890000	194.0
3900000	201.0
3910000	197.0
3920000	196.0
3930000	199.0
3940000	196.0
3950000	197.0
3960000	192.0
3970000	192.0
3980000	194.0
3990000	197.0
4000000	197.0
4010000	201.0
4020000	194.0
4030000	198.0
4040000	197.0
4050000	199.0
4060000	197.0
4070000	195.0
4080000	195.0
4090000	199.0
4100000	196.0
4110000	199.0
4120000	198.0
4130000	198.0
4140000	197.0
4150000	197.0
4160000	197.0
4170000	197.0
4180000	197.0
4190000	196.0
4200000	192.0
4210000	198.0
4220000	199.0
4230000	195.0
4240000	198.0
4250000	199.0
4260000	197.0
4270000	197.0
4280000	196.0
4290000	194.0
4300000	198.0
4310000	197.0
4320000	198.0
4330000	186.0
4340000	197.0
4350000	196.0
4360000	200.0
4370000	196.0
4380000	196.0
4390000	195.0
4400000	198.0
4410000	197.0
4420000	196.0
4430000	197.0
4440000	197.0
4450000	198.0
4460000	200.0
4470000	196.0
4480000	196.0
4490000	198.0
4500000	198.0
4510000	198.0
4520000	198.0
4530000	196.0
4540000	198.0
4550000	196.0
4560000	196.0
4570000	199.0
4580000	202.0
4590000	197.0
4600000	201.0
4610000	200.0
4620000	198.0
4630000	199.0
4640000	198.0
4650000	194.0
4660000	198.0
4670000	198.0
4680000	198.0
4690000	199.0
4700000	195.0
4710000	197.0
4720000	196.0
4730000	198.0
4740000	198.0
4750000	199.0
4760000	198.0
4770000	199.0
4780000	196.0
4790000	194.0
4800000	199.0
4810000	195.0
4820000	198.0
4830000	196.0
4840000	196.0
4850000	199.0
4860000	200.0
4870000	200.0
4880000	195.0
4890000	196.0
4900000	195.0
4910000	198.0
4920000	196.0
4930000	197.0
4940000	198.0
4950000	196.0
4960000	196.0
4970000	200.0
4980000	198.0
4990000	196.0
5000000	197.0
