10000	3.0
20000	3.0
30000	2.0
40000	3.0
50000	2.0
60000	2.0
70000	3.0
80000	2.0
90000	4.0
100000	2.0
110000	0.0
120000	4.0
130000	2.0
140000	3.0
150000	1.0
160000	1.0
170000	4.0
180000	2.0
190000	3.0
200000	3.0
210000	2.0
220000	3.0
230000	2.0
240000	2.0
250000	2.0
260000	2.0
270000	2.0
280000	1.0
290000	2.0
300000	0.0
310000	1.0
320000	1.0
330000	2.0
340000	5.0
350000	22.0
360000	15.0
370000	55.0
380000	97.0
390000	135.0
400000	138.0
410000	138.0
420000	134.0
430000	146.0
440000	135.0
450000	148.0
460000	151.0
470000	163.0
480000	155.0
490000	149.0
500000	155.0
510000	164.0
520000	163.0
530000	167.0
540000	172.0
550000	174.0
560000	172.0
570000	167.0
580000	172.0
590000	165.0
600000	179.0
610000	174.0
620000	176.0
630000	173.0
640000	175.0
650000	174.0
660000	164.0
670000	179.0
680000	181.0
690000	182.0
700000	174.0
710000	176.0
720000	178.0
730000	175.0
740000	179.0
750000	180.0
760000	185.0
770000	181.0
780000	186.0
790000	186.0
800000	189.0
810000	183.0
820000	186.0
830000	184.0
840000	184.0
850000	187.0
860000	179.0
870000	183.0
880000	185.0
890000	186.0
900000	177.0
910000	184.0
920000	183.0
930000	186.0
940000	189.0
950000	190.0
960000	189.0
970000	190.0
980000	190.0
990000	188.0
1000000	191.0
1010000	193.0
1020000	190.0
1030000	192.0
1040000	187.0
1050000	189.0
1060000	192.0
1070000	191.0
1080000	189.0
1090000	194.0
1100000	191.0
1110000	189.0
1120000	196.0
1130000	195.0
1140000	191.0
1150000	192.0
1160000	192.0
1170000	191.0
1180000	195.0
1190000	193.0
1200000	192.0
1210000	192.0
1220000	193.0
1230000	189.0
1240000	191.0
1250000	190.0
1260000	192.0
1270000	188.0
1280000	190.0
1290000	195.0
1300000	196.0
1310000	192.0
1320000	194.0
1330000	193.0
1340000	194.0
1350000	193.0
1360000	189.0
1370000	196.0
1380000	194.0
1390000	196.0
1400000	196.0
1410000	194.0
1420000	194.0
1430000	193.0
1440000	191.0
1450000	195.0
1460000	190.0
1470000	192.0
1480000	196.0
1490000	193.0
1500000	192.0
1510000	194.0
1520000	197.0
1530000	192.0
1540000	197.0
1550000	196.0
1560000	197.0
1570000	195.0
1580000	196.0
1590000	197.0
1600000	195.0
1610000	197.0
1620000	192.0
1630000	197.0
1640000	196.0
1650000	197.0
1660000	202.0
1670000	192.0
1680000	193.0
1690000	198.0
1700000	192.0
1710000	195.0
1720000	192.0
1730000	196.0
1740000	194.0
1750000	196.0
1760000	197.0
1770000	199.0
1780000	198.0
1790000	199.0
1800000	199.0
1810000	195.0
1820000	197.0
1830000	195.0
1840000	198.0
1850000	197.0
1860000	200.0
1870000	194.0
1880000	195.0
1890000	194.0
1900000	200.0
1910000	191.0
1920000	194.0
1930000	198.0
1940000	199.0
1950000	197.0
1960000	198.0
1970000	196.0
1980000	197.0
1990000	196.0
2000000	196.0
2010000	200.0
2020000	197.0
2030000	199.0
2040000	200.0
2050000	195.0
2060000	198.0
2070000	194.0
2080000	195.0
2090000	196.0
2100000	194.0
2110000	198.0
2120000	199.0
2130000	196.0
2140000	196.0
2150000	200.0
2160000	198.0
2170000	194.0
2180000	195.0
2190000	194.0
2200000	194.0
2210000	199.0
2220000	199.0
2230000	200.0
2240000	195.0
2250000	198.0
2260000	199.0
2270000	192.0
2280000	194.0
2290000	196.0
2300000	192.0
2310000	195.0
2320000	198.0
2330000	194.0
2340000	199.0
2350000	196.0
2360000	197.0
2370000	104.0
2380000	172.0
2390000	189.0
2400000	194.0
2410000	193.0
2420000	197.0
2430000	197.0
2440000	193.0
2450000	198.0
2460000	196.0
2470000	191.0
2480000	198.0
2490000	198.0
2500000	195.0
2510000	195.0
2520000	197.0
2530000	195.0
2540000	189.0
2550000	199.0
2560000	198.0
2570000	188.0
2580000	194.0
2590000	195.0
2600000	197.0
2610000	194.0
2620000	194.0
2630000	193.0
2640000	200.0
2650000	200.0
2660000	198.0
2670000	198.0
2680000	196.0
2690000	195.0
2700000	198.0
2710000	195.0
2720000	200.0
2730000	194.0
2740000	195.0
2750000	197.0
2760000	194.0
2770000	193.0
2780000	200.0
2790000	199.0
2800000	198.0
2810000	193.0
2820000	194.0
2830000	197.0
2840000	201.0
2850000	197.0
2860000	195.0
2870000	195.0
2880000	195.0
2890000	196.0
2900000	199.0
2910000	198.0
2920000	197.0
2930000	197.0
2940000	197.0
2950000	199.0
2960000	198.0
2970000	197.0
2980000	197.0
2990000	196.0
3000000	197.0
3010000	196.0
3020000	197.0
3030000	197.0
3040000	198.0
3050000	198.0
3060000	196.0
3070000	195.0
3080000	196.0
3090000	198.0
3100000	202.0
3110000	201.0
3120000	198.0
3130000	201.0
3140000	199.0
3150000	199.0
3160000	200.0
3170000	202.0
3180000	196.0
3190000	192.0
3200000	198.0
3210000	198.0
3220000	195.0
3230000	195.0
3240000	196.0
3250000	200.0
3260000	198.0
3270000	199.0
3280000	196.0
3290000	195.0
3300000	200.0
3310000	197.0
3320000	201.0
3330000	197.0
3340000	193.0
3350000	200.0
3360000	198.0
3370000	197.0
3380000	195.0
3390000	196.0
3400000	198.0
3410000	198.0
3420000	197.0
3430000	198.0
3440000	196.0
3450000	202.0
3460000	198.0
3470000	197.0
3480000	197.0
3490000	196.0
3500000	196.0
3510000	197.0
3520000	199.0
3530000	199.0
3540000	201.0
3550000	197.0
3560000	196.0
3570000	199.0
3580000	199.0
3590000	195.0
3600000	202.0
3610000	195.0
3620000	198.0
3630000	197.0
3640000	199.0
3650000	200.0
3660000	195.0
3670000	199.0
3680000	174.0
3690000	198.0
3700000	196.0
3710000	197.0
3720000	200.0
3730000	199.0
3740000	202.0
3750000	199.0
3760000	199.0
3770000	200.0
3780000	199.0
3790000	197.0
3800000	202.0
3810000	198.0
3820000	192.0
3830000	199.0
3840000	195.0
3850000	200.0
3860000	200.0
3870000	200.0
3880000	200.0
3890000	197.0
3900000	200.0
3910000	197.0
3920000	201.0
3930000	195.0
3940000	200.0
3950000	198.0
3960000	200.0
3970000	196.0
3980000	200.0
3990000	199.0
4000000	198.0
4010000	195.0
4020000	196.0
4030000	197.0
4040000	201.0
4050000	200.0
4060000	197.0
4070000	201.0
4080000	200.0
4090000	201.0
4100000	198.0
4110000	199.0
4120000	201.0
4130000	201.0
4140000	202.0
4150000	201.0
4160000	198.0
4170000	197.0
4180000	197.0
4190000	199.0
4200000	198.0
4210000	199.0
4220000	197.0
4230000	198.0
4240000	202.0
4250000	199.0
4260000	198.0
4270000	197.0
4280000	192.0
4290000	198.0
4300000	196.0
4310000	198.0
4320000	201.0
4330000	199.0
4340000	200.0
4350000	198.0
4360000	197.0
4370000	201.0
4380000	198.0
4390000	199.0
4400000	201.0
4410000	201.0
4420000	202.0
4430000	200.0
4440000	199.0
4450000	195.0
4460000	199.0
4470000	198.0
4480000	199.0
4490000	199.0
4500000	197.0
4510000	201.0
4520000	200.0
4530000	199.0
4540000	201.0
4550000	198.0
4560000	199.0
4570000	200.0
4580000	201.0
4590000	199.0
4600000	199.0
4610000	199.0
4620000	200.0
4630000	201.0
4640000	198.0
4650000	198.0
4660000	200.0
4670000	198.0
4680000	199.0
4690000	197.0
4700000	200.0
4710000	201.0
4720000	202.0
4730000	197.0
4740000	199.0
4750000	196.0
4760000	200.0
4770000	200.0
4780000	199.0
4790000	201.0
4800000	200.0
4810000	195.0
4820000	201.0
4830000	197.0
4840000	199.0
4850000	199.0
4860000	197.0
4870000	198.0
4880000	196.0
4890000	199.0
4900000	200.0
4910000	200.0
4920000	199.0
4930000	200.0
4940000	199.0
4950000	200.0
4960000	200.0
4970000	197.0
4980000	197.0
4990000	203.0
5000000	199.0
