10000	4.0
20000	1.0
30000	2.0
40000	0.0
50000	3.0
60000	0.0
70000	2.0
80000	3.0
90000	3.0
100000	2.0
110000	2.0
120000	1.0
130000	3.0
140000	2.0
150000	2.0
160000	1.0
170000	3.0
180000	4.0
190000	1.0
200000	2.0
210000	1.0
220000	3.0
230000	4.0
240000	2.0
250000	2.0
260000	2.0
270000	3.0
280000	3.0
290000	2.0
300000	1.0
310000	3.0
320000	4.0
330000	1.0
340000	0.0
350000	2.0
360000	0.0
370000	1.0
380000	15.0
390000	4.0
400000	6.0
410000	70.0
420000	131.0
430000	123.0
440000	109.0
450000	129.0
460000	132.0
470000	140.0
480000	155.0
490000	146.0
500000	150.0
510000	154.0
520000	142.0
530000	148.0
540000	162.0
550000	156.0
560000	156.0
570000	134.0
580000	164.0
590000	166.0
600000	159.0
610000	156.0
620000	171.0
630000	174.0
640000	170.0
650000	174.0
660000	176.0
670000	175.0
680000	169.0
690000	166.0
700000	173.0
710000	171.0
720000	176.0
730000	179.0
740000	178.0
750000	180.0
760000	182.0
770000	183.0
780000	181.0
790000	181.0
800000	181.0
810000	182.0
820000	186.0
830000	192.0
840000	184.0
850000	182.0
860000	187.0
870000	181.0
880000	184.0
890000	180.0
900000	186.0
910000	186.0
920000	187.0
930000	179.0
940000	181.0
950000	185.0
960000	186.0
970000	186.0
980000	185.0
990000	185.0
1000000	192.0
1010000	189.0
1020000	191.0
1030000	184.0
1040000	189.0
1050000	192.0
1060000	189.0
1070000	187.0
1080000	191.0
1090000	187.0
1100000	189.0
1110000	187.0
1120000	191.0
1130000	193.0
1140000	188.0
1150000	197.0
1160000	189.0
1170000	189.0
1180000	189.0
1190000	189.0
1200000	195.0
1210000	191.0
1220000	190.0
1230000	192.0
1240000	183.0
1250000	189.0
1260000	187.0
1270000	192.0
1280000	190.0
1290000	190.0
1300000	192.0
1310000	193.0
1320000	194.0
1330000	193.0
1340000	198.0
1350000	193.0
1360000	196.0
1370000	190.0
1380000	192.0
1390000	189.0
1400000	194.0
1410000	195.0
1420000	192.0
1430000	192.0
1440000	192.0
1450000	195.0
1460000	193.0
1470000	188.0
1480000	190.0
1490000	192.0
1500000	191.0
1510000	196.0
1520000	194.0
1530000	194.0
1540000	197.0
1550000	194.0
1560000	192.0
1570000	193.0
1580000	191.0
1590000	195.0
1600000	194.0
1610000	197.0
1620000	195.0
1630000	195.0
1640000	195.0
1650000	189.0
1660000	194.0
1670000	199.0
1680000	197.0
1690000	197.0
1700000	197.0
1710000	199.0
1720000	193.0
1730000	197.0
1740000	194.0
1750000	196.0
1760000	193.0
1770000	195.0
1780000	193.0
1790000	195.0
1800000	199.0
1810000	194.0
1820000	194.0
1830000	196.0
1840000	193.0
1850000	195.0
1860000	194.0
1870000	195.0
1880000	191.0
1890000	196.0
1900000	199.0
1910000	197.0
1920000	196.0
1930000	198.0
1940000	189.0
1950000	193.0
1960000	193.0
1970000	195.0
1980000	197.0
1990000	199.0
2000000	196.0
2010000	199.0
2020000	192.0
2030000	196.0
2040000	195.0
2050000	197.0
2060000	193.0
2070000	197.0
2080000	198.0
2090000	198.0
2100000	197.0
2110000	196.0
2120000	198.0
2130000	195.0
2140000	194.0
2150000	194.0
2160000	194.0
2170000	198.0
2180000	196.0
2190000	196.0
2200000	199.0
2210000	194.0
2220000	197.0
2230000	196.0
2240000	198.0
2250000	197.0
2260000	201.0
2270000	196.0
2280000	197.0
2290000	195.0
2300000	195.0
2310000	201.0
2320000	198.0
2330000	195.0
2340000	200.0
2350000	197.0
2360000	193.0
2370000	196.0
2380000	197.0
2390000	198.0
2400000	200.0
2410000	194.0
2420000	198.0
2430000	195.0
2440000	197.0
2450000	198.0
2460000	198.0
2470000	199.0
2480000	200.0
2490000	197.0
2500000	197.0
2510000	198.0
2520000	200.0
2530000	197.0
2540000	195.0
2550000	199.0
2560000	198.0
2570000	201.0
2580000	196.0
2590000	196.0
2600000	200.0
2610000	197.0
2620000	201.0
2630000	193.0
2640000	201.0
2650000	198.0
2660000	196.0
2670000	198.0
2680000	199.0
2690000	195.0
2700000	198.0
2710000	196.0
2720000	196.0
2730000	193.0
2740000	195.0
2750000	199.0
2760000	197.0
2770000	198.0
2780000	196.0
2790000	200.0
2800000	196.0
2810000	197.0
2820000	197.0
2830000	200.0
2840000	199.0
2850000	199.0
2860000	197.0
2870000	202.0
2880000	196.0
2890000	199.0
2900000	196.0
2910000	193.0
2920000	198.0
2930000	197.0
2940000	198.0
2950000	199.0
2960000	199.0
2970000	199.0
2980000	194.0
2990000	200.0
3000000	197.0
3010000	198.0
3020000	197.0
3030000	197.0
3040000	198.0
3050000	202.0
3060000	202.0
3070000	196.0
3080000	196.0
3090000	196.0
3100000	198.0
3110000	198.0
3120000	201.0
3130000	198.0
3140000	196.0
3150000	201.0
3160000	199.0
3170000	198.0
3180000	198.0
3190000	197.0
3200000	198.0
3210000	197.0
3220000	197.0
3230000	199.0
3240000	194.0
3250000	195.0
3260000	195.0
3270000	198.0
3280000	200.0
3290000	195.0
3300000	195.0
3310000	196.0
3320000	199.0
3330000	197.0
3340000	196.0
3350000	195.0
3360000	195.0
3370000	198.0
3380000	199.0
3390000	196.0
3400000	198.0
3410000	199.0
3420000	198.0
3430000	203.0
3440000	199.0
3450000	199.0
3460000	197.0
3470000	200.0
3480000	196.0
3490000	199.0
3500000	198.0
3510000	201.0
3520000	199.0
3530000	196.0
3540000	199.0
3550000	201.0
3560000	200.0
3570000	199.0
3580000	197.0
3590000	197.0
3600000	198.0
3610000	197.0
3620000	199.0
3630000	198.0
3640000	198.0
3650000	202.0
3660000	198.0
3670000	199.0
3680000	195.0
3690000	201.0
3700000	196.0
3710000	198.0
3720000	197.0
3730000	199.0
3740000	197.0
3750000	200.0
3760000	200.0
3770000	199.0
3780000	202.0
3790000	196.0
3800000	198.0
3810000	199.0
3820000	198.0
3830000	199.0
3840000	200.0
3850000	200.0
3860000	199.0
3870000	197.0
3880000	197.0
3890000	196.0
3900000	198.0
3910000	200.0
3920000	200.0
3930000	199.0
3940000	197.0
3950000	199.0
3960000	196.0
3970000	198.0
3980000	202.0
3990000	197.0
4000000	198.0
4010000	199.0
4020000	199.0
4030000	201.0
4040000	196.0
4050000	200.0
4060000	199.0
4070000	197.0
4080000	201.0
4090000	198.0
4100000	196.0
4110000	201.0
4120000	199.0
4130000	199.0
4140000	195.0
4150000	201.0
4160000	197.0
4170000	199.0
4180000	202.0
4190000	198.0
4200000	196.0
4210000	199.0
4220000	197.0
4230000	201.0
4240000	201.0
4250000	201.0
4260000	199.0
4270000	199.0
4280000	200.0
4290000	197.0
4300000	198.0
4310000	200.0
4320000	200.0
4330000	200.0
4340000	196.0
4350000	200.0
4360000	201.0
4370000	201.0
4380000	200.0
4390000	201.0
4400000	200.0
4410000	199.0
4420000	200.0
4430000	198.0
4440000	199.0
4450000	199.0
4460000	198.0
4470000	199.0
4480000	200.0
4490000	202.0
4500000	198.0
4510000	198.0
4520000	199.0
4530000	199.0
4540000	199.0
4550000	199.0
4560000	201.0
4570000	195.0
4580000	200.0
4590000	201.0
4600000	201.0
4610000	198.0
4620000	198.0
4630000	197.0
4640000	196.0
4650000	198.0
4660000	200.0
4670000	199.0
4680000	202.0
4690000	199.0
4700000	199.0
4710000	199.0
4720000	200.0
4730000	200.0
4740000	197.0
4750000	200.0
4760000	202.0
4770000	200.0
4780000	200.0
4790000	196.0
4800000	197.0
4810000	195.0
4820000	196.0
4830000	198.0
4840000	197.0
4850000	198.0
4860000	196.0
4870000	201.0
4880000	196.0
4890000	198.0
4900000	199.0
4910000	196.0
4920000	199.0
4930000	198.0
4940000	199.0
4950000	202.0
4960000	198.0
4970000	196.0
4980000	199.0
4990000	199.0
5000000	202.0
