10000	2.0
20000	1.0
30000	1.0
40000	2.0
50000	1.0
60000	1.0
70000	0.0
80000	1.0
90000	1.0
100000	2.0
110000	0.0
120000	2.0
130000	3.0
140000	1.0
150000	0.0
160000	2.0
170000	4.0
180000	1.0
190000	1.0
200000	1.0
210000	3.0
220000	1.0
230000	2.0
240000	2.0
250000	0.0
260000	2.0
270000	4.0
280000	2.0
290000	0.0
300000	3.0
310000	0.0
320000	3.0
330000	0.0
340000	3.0
350000	4.0
360000	1.0
370000	0.0
380000	1.0
390000	3.0
400000	3.0
410000	8.0
420000	13.0
430000	22.0
440000	23.0
450000	35.0
460000	39.0
470000	33.0
480000	25.0
490000	30.0
500000	33.0
510000	51.0
520000	54.0
530000	43.0
540000	56.0
550000	54.0
560000	47.0
570000	48.0
580000	38.0
590000	58.0
600000	51.0
610000	54.0
620000	93.0
630000	57.0
640000	79.0
650000	83.0
660000	88.0
670000	58.0
680000	60.0
690000	81.0
700000	95.0
710000	83.0
720000	59.0
730000	51.0
740000	73.0
750000	75.0
760000	71.0
770000	93.0
780000	81.0
790000	71.0
800000	90.0
810000	87.0
820000	80.0
830000	87.0
840000	97.0
850000	84.0
860000	109.0
870000	87.0
880000	73.0
890000	99.0
900000	79.0
910000	108.0
920000	95.0
930000	41.0
940000	86.0
950000	91.0
960000	82.0
970000	104.0
980000	95.0
990000	98.0
1000000	69.0
1010000	96.0
1020000	97.0
1030000	108.0
1040000	87.0
1050000	84.0
1060000	91.0
1070000	85.0
1080000	90.0
1090000	109.0
1100000	107.0
1110000	104.0
1120000	104.0
1130000	91.0
1140000	104.0
1150000	85.0
1160000	71.0
1170000	22.0
1180000	73.0
1190000	107.0
1200000	102.0
1210000	105.0
1220000	104.0
1230000	102.0
1240000	112.0
1250000	98.0
1260000	105.0
1270000	99.0
1280000	102.0
1290000	73.0
1300000	35.0
1310000	116.0
1320000	117.0
1330000	97.0
1340000	70.0
1350000	99.0
1360000	104.0
1370000	114.0
1380000	115.0
1390000	80.0
1400000	108.0
1410000	101.0
1420000	101.0
1430000	97.0
1440000	98.0
1450000	108.0
1460000	99.0
1470000	111.0
1480000	97.0
1490000	87.0
1500000	102.0
1510000	110.0
1520000	110.0
1530000	107.0
1540000	107.0
1550000	110.0
1560000	101.0
1570000	77.0
1580000	98.0
1590000	113.0
1600000	86.0
1610000	97.0
1620000	98.0
1630000	114.0
1640000	109.0
1650000	105.0
1660000	118.0
1670000	116.0
1680000	121.0
1690000	107.0
1700000	114.0
1710000	120.0
1720000	88.0
1730000	90.0
1740000	103.0
1750000	107.0
1760000	84.0
1770000	108.0
1780000	117.0
1790000	113.0
1800000	106.0
1810000	108.0
1820000	122.0
1830000	96.0
1840000	98.0
1850000	95.0
1860000	120.0
1870000	114.0
1880000	109.0
1890000	96.0
1900000	81.0
1910000	117.0
1920000	121.0
1930000	122.0
1940000	111.0
1950000	104.0
1960000	120.0
1970000	119.0
1980000	119.0
1990000	95.0
2000000	87.0
2010000	106.0
2020000	117.0
2030000	121.0
2040000	118.0
2050000	119.0
2060000	120.0
2070000	120.0
2080000	118.0
2090000	118.0
2100000	118.0
2110000	119.0
2120000	97.0
2130000	108.0
2140000	114.0
2150000	117.0
2160000	107.0
2170000	117.0
2180000	104.0
2190000	117.0
2200000	115.0
2210000	121.0
2220000	102.0
2230000	109.0
2240000	115.0
2250000	103.0
2260000	110.0
2270000	61.0
2280000	116.0
2290000	109.0
2300000	97.0
2310000	114.0
2320000	117.0
2330000	113.0
2340000	99.0
2350000	122.0
2360000	125.0
2370000	112.0
2380000	66.0
2390000	112.0
2400000	120.0
2410000	103.0
2420000	80.0
2430000	117.0
2440000	113.0
2450000	109.0
2460000	120.0
2470000	99.0
2480000	115.0
2490000	116.0
2500000	119.0
2510000	115.0
2520000	121.0
2530000	125.0
2540000	108.0
2550000	110.0
2560000	111.0
2570000	113.0
2580000	119.0
2590000	117.0
2600000	112.0
2610000	117.0
2620000	122.0
2630000	105.0
2640000	121.0
2650000	94.0
2660000	120.0
2670000	116.0
2680000	117.0
2690000	118.0
2700000	123.0
2710000	117.0
2720000	114.0
2730000	106.0
2740000	120.0
2750000	118.0
2760000	121.0
2770000	119.0
2780000	122.0
2790000	122.0
2800000	122.0
2810000	119.0
2820000	120.0
2830000	121.0
2840000	121.0
2850000	114.0
2860000	124.0
2870000	118.0
2880000	110.0
2890000	121.0
2900000	127.0
2910000	117.0
2920000	122.0
2930000	125.0
2940000	118.0
2950000	125.0
2960000	114.0
2970000	122.0
2980000	117.0
2990000	120.0
3000000	123.0
3010000	127.0
3020000	125.0
3030000	120.0
3040000	122.0
3050000	118.0
3060000	122.0
3070000	125.0
3080000	119.0
3090000	115.0
3100000	123.0
3110000	120.0
3120000	128.0
3130000	123.0
3140000	113.0
3150000	118.0
3160000	121.0
3170000	125.0
3180000	127.0
3190000	124.0
3200000	121.0
3210000	112.0
3220000	107.0
3230000	122.0
3240000	108.0
3250000	110.0
3260000	105.0
3270000	122.0
3280000	101.0
3290000	122.0
3300000	116.0
3310000	107.0
3320000	110.0
3330000	120.0
3340000	126.0
3350000	115.0
3360000	119.0
3370000	127.0
3380000	124.0
3390000	112.0
3400000	116.0
3410000	115.0
3420000	117.0
3430000	123.0
3440000	114.0
3450000	119.0
3460000	117.0
3470000	114.0
3480000	129.0
3490000	122.0
3500000	130.0
3510000	127.0
3520000	129.0
3530000	127.0
3540000	120.0
3550000	127.0
3560000	122.0
3570000	125.0
3580000	126.0
3590000	120.0
3600000	125.0
3610000	123.0
3620000	123.0
3630000	127.0
3640000	125.0
3650000	115.0
3660000	128.0
3670000	118.0
3680000	125.0
3690000	120.0
3700000	125.0
3710000	119.0
3720000	130.0
3730000	122.0
3740000	125.0
3750000	122.0
3760000	121.0
3770000	122.0
3780000	126.0
3790000	121.0
3800000	86.0
3810000	103.0
3820000	129.0
3830000	117.0
3840000	124.0
3850000	119.0
3860000	127.0
3870000	126.0
3880000	126.0
3890000	122.0
3900000	124.0
3910000	122.0
3920000	90.0
3930000	98.0
3940000	126.0
3950000	131.0
3960000	114.0
3970000	118.0
3980000	65.0
3990000	126.0
4000000	122.0
