10000	1.0
20000	1.0
30000	2.0
40000	1.0
50000	0.0
60000	0.0
70000	1.0
80000	4.0
90000	1.0
100000	3.0
110000	3.0
120000	1.0
130000	1.0
140000	2.0
150000	1.0
160000	3.0
170000	0.0
180000	1.0
190000	2.0
200000	2.0
210000	1.0
220000	1.0
230000	2.0
240000	2.0
250000	3.0
260000	2.0
270000	2.0
280000	3.0
290000	3.0
300000	2.0
310000	1.0
320000	0.0
330000	0.0
340000	3.0
350000	5.0
360000	9.0
370000	9.0
380000	16.0
390000	15.0
400000	25.0
410000	21.0
420000	19.0
430000	15.0
440000	33.0
450000	17.0
460000	34.0
470000	26.0
480000	27.0
490000	26.0
500000	34.0
510000	31.0
520000	42.0
530000	45.0
540000	62.0
550000	41.0
560000	54.0
570000	39.0
580000	40.0
590000	49.0
600000	44.0
610000	60.0
620000	47.0
630000	62.0
640000	43.0
650000	56.0
660000	48.0
670000	36.0
680000	40.0
690000	49.0
700000	57.0
710000	44.0
720000	50.0
730000	57.0
740000	48.0
750000	39.0
760000	39.0
770000	67.0
780000	64.0
790000	79.0
800000	39.0
810000	62.0
820000	29.0
830000	66.0
840000	59.0
850000	66.0
860000	74.0
870000	49.0
880000	63.0
890000	53.0
900000	48.0
910000	64.0
920000	29.0
930000	48.0
940000	61.0
950000	82.0
960000	67.0
970000	45.0
980000	56.0
990000	54.0
1000000	51.0
1010000	76.0
1020000	56.0
1030000	71.0
1040000	63.0
1050000	69.0
1060000	67.0
1070000	77.0
1080000	67.0
1090000	65.0
1100000	65.0
1110000	51.0
1120000	68.0
1130000	84.0
1140000	60.0
1150000	84.0
1160000	66.0
1170000	73.0
1180000	57.0
1190000	79.0
1200000	57.0
1210000	63.0
1220000	66.0
1230000	68.0
1240000	77.0
1250000	87.0
1260000	81.0
1270000	77.0
1280000	78.0
1290000	69.0
1300000	68.0
1310000	43.0
1320000	86.0
1330000	65.0
1340000	77.0
1350000	82.0
1360000	83.0
1370000	68.0
1380000	80.0
1390000	82.0
1400000	88.0
1410000	69.0
1420000	66.0
1430000	76.0
1440000	80.0
1450000	88.0
1460000	71.0
1470000	88.0
1480000	84.0
1490000	57.0
1500000	78.0
1510000	59.0
1520000	74.0
1530000	75.0
1540000	87.0
1550000	72.0
1560000	89.0
1570000	82.0
1580000	88.0
1590000	93.0
1600000	94.0
1610000	74.0
1620000	69.0
1630000	84.0
1640000	45.0
1650000	75.0
1660000	63.0
1670000	76.0
1680000	83.0
1690000	72.0
1700000	87.0
1710000	86.0
1720000	74.0
1730000	73.0
1740000	93.0
1750000	51.0
1760000	101.0
1770000	92.0
1780000	60.0
1790000	84.0
1800000	84.0
1810000	85.0
1820000	71.0
1830000	84.0
1840000	88.0
1850000	66.0
1860000	74.0
1870000	76.0
1880000	72.0
1890000	95.0
1900000	93.0
1910000	96.0
1920000	85.0
1930000	67.0
1940000	93.0
1950000	86.0
1960000	90.0
1970000	98.0
1980000	83.0
1990000	78.0
2000000	80.0
2010000	75.0
2020000	83.0
2030000	94.0
2040000	70.0
2050000	94.0
2060000	102.0
2070000	90.0
2080000	93.0
2090000	93.0
2100000	73.0
2110000	81.0
2120000	95.0
2130000	82.0
2140000	79.0
2150000	82.0
2160000	85.0
2170000	44.0
2180000	88.0
2190000	91.0
2200000	86.0
2210000	97.0
2220000	105.0
2230000	99.0
2240000	83.0
2250000	91.0
2260000	81.0
2270000	89.0
2280000	95.0
2290000	102.0
2300000	94.0
2310000	92.0
2320000	97.0
2330000	102.0
2340000	95.0
2350000	93.0
2360000	87.0
2370000	75.0
2380000	93.0
2390000	88.0
2400000	92.0
2410000	93.0
2420000	94.0
2430000	96.0
2440000	102.0
2450000	96.0
2460000	102.0
2470000	91.0
2480000	92.0
2490000	92.0
2500000	89.0
2510000	92.0
2520000	80.0
2530000	97.0
2540000	93.0
2550000	94.0
2560000	91.0
2570000	94.0
2580000	104.0
2590000	98.0
2600000	106.0
2610000	83.0
2620000	101.0
2630000	84.0
2640000	102.0
2650000	96.0
2660000	102.0
2670000	85.0
2680000	69.0
2690000	89.0
2700000	89.0
2710000	93.0
2720000	85.0
2730000	94.0
2740000	95.0
2750000	90.0
2760000	62.0
2770000	57.0
2780000	35.0
2790000	75.0
2800000	102.0
2810000	97.0
2820000	86.0
2830000	88.0
2840000	81.0
2850000	105.0
2860000	77.0
2870000	86.0
2880000	91.0
2890000	59.0
2900000	79.0
2910000	71.0
2920000	110.0
2930000	101.0
2940000	73.0
2950000	87.0
2960000	81.0
2970000	85.0
2980000	82.0
2990000	81.0
3000000	87.0
3010000	97.0
3020000	92.0
3030000	83.0
3040000	85.0
3050000	82.0
3060000	87.0
3070000	103.0
3080000	91.0
3090000	92.0
3100000	87.0
3110000	100.0
3120000	99.0
3130000	93.0
3140000	89.0
3150000	98.0
3160000	92.0
3170000	79.0
3180000	85.0
3190000	99.0
3200000	104.0
3210000	113.0
3220000	100.0
3230000	94.0
3240000	102.0
3250000	103.0
3260000	85.0
3270000	85.0
3280000	101.0
3290000	89.0
3300000	95.0
3310000	91.0
3320000	90.0
3330000	99.0
3340000	98.0
3350000	109.0
3360000	103.0
3370000	108.0
3380000	84.0
3390000	95.0
3400000	96.0
3410000	104.0
3420000	96.0
3430000	79.0
3440000	97.0
3450000	87.0
3460000	97.0
3470000	106.0
3480000	101.0
3490000	90.0
3500000	99.0
3510000	105.0
3520000	109.0
3530000	111.0
3540000	110.0
3550000	78.0
3560000	99.0
3570000	97.0
3580000	99.0
3590000	102.0
3600000	103.0
3610000	95.0
3620000	91.0
3630000	106.0
3640000	82.0
3650000	91.0
3660000	80.0
3670000	88.0
3680000	96.0
3690000	112.0
3700000	106.0
3710000	115.0
3720000	102.0
3730000	107.0
3740000	111.0
3750000	108.0
3760000	99.0
3770000	90.0
3780000	105.0
3790000	66.0
3800000	87.0
3810000	90.0
3820000	72.0
3830000	78.0
3840000	103.0
3850000	90.0
3860000	102.0
3870000	105.0
3880000	92.0
3890000	103.0
3900000	102.0
3910000	96.0
3920000	111.0
3930000	92.0
3940000	73.0
3950000	99.0
3960000	90.0
3970000	109.0
3980000	82.0
3990000	83.0
4000000	96.0
