10000	1.0
20000	1.0
30000	1.0
40000	4.0
50000	2.0
60000	2.0
70000	4.0
80000	1.0
90000	0.0
100000	1.0
110000	1.0
120000	1.0
130000	1.0
140000	2.0
150000	0.0
160000	1.0
170000	2.0
180000	1.0
190000	1.0
200000	1.0
210000	0.0
220000	3.0
230000	1.0
240000	2.0
250000	2.0
260000	2.0
270000	2.0
280000	2.0
290000	0.0
300000	0.0
310000	1.0
320000	2.0
330000	4.0
340000	8.0
350000	9.0
360000	9.0
370000	6.0
380000	14.0
390000	20.0
400000	36.0
410000	20.0
420000	49.0
430000	45.0
440000	72.0
450000	67.0
460000	43.0
470000	21.0
480000	59.0
490000	82.0
500000	64.0
510000	72.0
520000	96.0
530000	86.0
540000	69.0
550000	58.0
560000	82.0
570000	78.0
580000	66.0
590000	39.0
600000	44.0
610000	65.0
620000	88.0
630000	77.0
640000	94.0
650000	78.0
660000	104.0
670000	66.0
680000	58.0
690000	96.0
700000	102.0
710000	82.0
720000	73.0
730000	70.0
740000	102.0
750000	102.0
760000	95.0
770000	105.0
780000	92.0
790000	112.0
800000	106.0
810000	112.0
820000	84.0
830000	111.0
840000	102.0
850000	99.0
860000	94.0
870000	116.0
880000	98.0
890000	104.0
900000	78.0
910000	41.0
920000	92.0
930000	109.0
940000	114.0
950000	120.0
960000	112.0
970000	115.0
980000	114.0
990000	89.0
1000000	109.0
1010000	89.0
1020000	120.0
1030000	107.0
1040000	99.0
1050000	110.0
1060000	84.0
1070000	120.0
1080000	116.0
1090000	111.0
1100000	76.0
1110000	115.0
1120000	112.0
1130000	120.0
1140000	118.0
1150000	119.0
1160000	92.0
1170000	93.0
1180000	117.0
1190000	115.0
1200000	55.0
1210000	116.0
1220000	99.0
1230000	114.0
1240000	119.0
1250000	120.0
1260000	121.0
1270000	79.0
1280000	106.0
1290000	110.0
1300000	116.0
1310000	109.0
1320000	115.0
1330000	99.0
1340000	122.0
1350000	98.0
1360000	108.0
1370000	74.0
1380000	8.0
1390000	108.0
1400000	64.0
1410000	126.0
1420000	126.0
1430000	111.0
1440000	125.0
1450000	128.0
1460000	117.0
1470000	121.0
1480000	119.0
1490000	117.0
1500000	122.0
1510000	114.0
1520000	64.0
1530000	109.0
1540000	111.0
1550000	107.0
1560000	119.0
1570000	116.0
1580000	113.0
1590000	117.0
1600000	123.0
1610000	121.0
1620000	122.0
1630000	109.0
1640000	123.0
1650000	125.0
1660000	123.0
1670000	126.0
1680000	115.0
1690000	58.0
1700000	71.0
1710000	110.0
1720000	124.0
1730000	86.0
1740000	88.0
1750000	22.0
1760000	122.0
1770000	124.0
1780000	126.0
1790000	121.0
1800000	41.0
1810000	109.0
1820000	120.0
1830000	126.0
1840000	110.0
1850000	126.0
1860000	115.0
1870000	127.0
1880000	97.0
1890000	113.0
1900000	127.0
1910000	122.0
1920000	77.0
1930000	123.0
1940000	127.0
1950000	120.0
1960000	127.0
1970000	128.0
1980000	125.0
1990000	43.0
2000000	130.0
2010000	126.0
2020000	128.0
2030000	126.0
2040000	101.0
2050000	50.0
2060000	101.0
2070000	121.0
2080000	129.0
2090000	126.0
2100000	121.0
2110000	105.0
2120000	37.0
2130000	129.0
2140000	106.0
2150000	118.0
2160000	63.0
2170000	126.0
2180000	128.0
2190000	127.0
2200000	128.0
2210000	127.0
2220000	117.0
2230000	97.0
2240000	67.0
2250000	128.0
2260000	125.0
2270000	128.0
2280000	127.0
2290000	130.0
2300000	98.0
2310000	108.0
2320000	130.0
2330000	124.0
2340000	94.0
2350000	65.0
2360000	128.0
2370000	128.0
2380000	127.0
2390000	108.0
2400000	127.0
2410000	124.0
2420000	128.0
2430000	130.0
2440000	130.0
2450000	127.0
2460000	128.0
2470000	120.0
2480000	128.0
2490000	130.0
2500000	104.0
2510000	122.0
2520000	126.0
2530000	126.0
2540000	122.0
2550000	127.0
2560000	126.0
2570000	124.0
2580000	128.0
2590000	128.0
2600000	127.0
2610000	123.0
2620000	125.0
2630000	78.0
2640000	88.0
2650000	130.0
2660000	116.0
2670000	127.0
2680000	130.0
2690000	132.0
2700000	128.0
2710000	127.0
2720000	129.0
2730000	127.0
2740000	116.0
2750000	129.0
2760000	128.0
2770000	99.0
2780000	89.0
2790000	13.0
2800000	117.0
2810000	128.0
2820000	128.0
2830000	127.0
2840000	65.0
2850000	132.0
2860000	128.0
2870000	111.0
2880000	104.0
2890000	120.0
2900000	103.0
2910000	15.0
2920000	84.0
2930000	131.0
2940000	133.0
2950000	132.0
2960000	129.0
2970000	132.0
2980000	126.0
2990000	121.0
3000000	129.0
3010000	123.0
3020000	2.0
3030000	102.0
3040000	128.0
3050000	84.0
3060000	94.0
3070000	129.0
3080000	131.0
3090000	124.0
3100000	76.0
3110000	84.0
3120000	118.0
3130000	128.0
3140000	131.0
3150000	122.0
3160000	131.0
3170000	61.0
3180000	2.0
3190000	2.0
3200000	2.0
3210000	2.0
3220000	0.0
3230000	2.0
3240000	1.0
3250000	0.0
3260000	4.0
3270000	4.0
3280000	1.0
3290000	0.0
3300000	0.0
3310000	1.0
3320000	2.0
3330000	9.0
3340000	11.0
3350000	10.0
3360000	14.0
3370000	23.0
3380000	26.0
3390000	48.0
3400000	42.0
3410000	67.0
3420000	60.0
3430000	80.0
3440000	72.0
3450000	56.0
3460000	75.0
3470000	52.0
3480000	66.0
3490000	75.0
3500000	93.0
3510000	63.0
3520000	1.0
3530000	1.0
3540000	2.0
3550000	0.0
3560000	1.0
3570000	1.0
3580000	3.0
3590000	1.0
3600000	2.0
3610000	1.0
3620000	0.0
3630000	0.0
3640000	0.0
3650000	0.0
3660000	1.0
3670000	2.0
3680000	5.0
3690000	1.0
3700000	1.0
3710000	0.0
3720000	3.0
3730000	0.0
3740000	2.0
3750000	1.0
3760000	0.0
3770000	0.0
3780000	4.0
3790000	10.0
3800000	10.0
3810000	1.0
3820000	1.0
3830000	2.0
3840000	1.0
3850000	1.0
3860000	1.0
3870000	0.0
3880000	4.0
3890000	3.0
3900000	1.0
3910000	4.0
3920000	4.0
3930000	16.0
3940000	11.0
3950000	23.0
3960000	38.0
3970000	42.0
3980000	50.0
3990000	56.0
4000000	68.0
