10000	0.0
20000	0.0
30000	0.0
40000	1.0
50000	2.0
60000	1.0
70000	1.0
80000	1.0
90000	0.0
100000	0.0
110000	1.0
120000	1.0
130000	1.0
140000	1.0
150000	2.0
160000	0.0
170000	2.0
180000	1.0
190000	1.0
200000	2.0
210000	1.0
220000	1.0
230000	2.0
240000	2.0
250000	1.0
260000	0.0
270000	0.0
280000	4.0
290000	2.0
300000	9.0
310000	11.0
320000	6.0
330000	7.0
340000	1.0
350000	1.0
360000	3.0
370000	2.0
380000	0.0
390000	1.0
400000	1.0
410000	0.0
420000	0.0
430000	1.0
440000	0.0
450000	1.0
460000	1.0
470000	3.0
480000	2.0
490000	4.0
500000	2.0
510000	1.0
520000	5.0
530000	2.0
540000	0.0
550000	0.0
560000	1.0
570000	0.0
580000	1.0
590000	1.0
600000	1.0
610000	0.0
620000	0.0
630000	0.0
640000	0.0
650000	3.0
660000	2.0
670000	3.0
680000	3.0
690000	2.0
700000	5.0
710000	7.0
720000	5.0
730000	5.0
740000	7.0
750000	1.0
760000	9.0
770000	15.0
780000	9.0
790000	7.0
800000	10.0
810000	5.0
820000	7.0
830000	6.0
840000	16.0
850000	22.0
860000	5.0
870000	14.0
880000	12.0
890000	12.0
900000	18.0
910000	14.0
920000	15.0
930000	19.0
940000	28.0
950000	20.0
960000	26.0
970000	27.0
980000	15.0
990000	8.0
1000000	24.0
1010000	20.0
1020000	14.0
1030000	20.0
1040000	20.0
1050000	22.0
1060000	22.0
1070000	26.0
1080000	10.0
1090000	13.0
1100000	20.0
1110000	15.0
1120000	15.0
1130000	8.0
1140000	16.0
1150000	22.0
1160000	17.0
1170000	11.0
1180000	17.0
1190000	11.0
1200000	14.0
1210000	15.0
1220000	15.0
1230000	13.0
1240000	28.0
1250000	13.0
1260000	17.0
1270000	14.0
1280000	16.0
1290000	21.0
1300000	16.0
1310000	15.0
1320000	11.0
1330000	15.0
1340000	13.0
1350000	15.0
1360000	23.0
1370000	7.0
1380000	15.0
1390000	9.0
1400000	17.0
1410000	22.0
1420000	14.0
1430000	2.0
1440000	2.0
1450000	1.0
1460000	3.0
1470000	0.0
1480000	0.0
1490000	1.0
1500000	0.0
1510000	0.0
1520000	2.0
1530000	0.0
1540000	2.0
1550000	1.0
1560000	0.0
1570000	1.0
1580000	0.0
1590000	0.0
1600000	0.0
1610000	2.0
1620000	3.0
1630000	1.0
1640000	2.0
1650000	0.0
1660000	0.0
1670000	0.0
1680000	2.0
1690000	1.0
1700000	3.0
1710000	2.0
1720000	1.0
1730000	2.0
1740000	1.0
1750000	2.0
1760000	1.0
1770000	1.0
1780000	2.0
1790000	1.0
1800000	2.0
1810000	0.0
1820000	1.0
1830000	1.0
1840000	0.0
1850000	1.0
1860000	5.0
1870000	4.0
1880000	8.0
1890000	0.0
1900000	2.0
1910000	3.0
1920000	0.0
1930000	1.0
1940000	2.0
1950000	1.0
1960000	1.0
1970000	0.0
1980000	1.0
1990000	1.0
2000000	3.0
2010000	4.0
2020000	6.0
2030000	10.0
2040000	6.0
2050000	1.0
2060000	0.0
2070000	1.0
2080000	1.0
2090000	0.0
2100000	1.0
2110000	3.0
2120000	0.0
2130000	1.0
2140000	0.0
2150000	0.0
2160000	0.0
2170000	1.0
2180000	3.0
2190000	2.0
2200000	0.0
2210000	2.0
2220000	1.0
2230000	0.0
2240000	3.0
2250000	1.0
2260000	1.0
2270000	2.0
2280000	1.0
2290000	0.0
2300000	2.0
2310000	0.0
2320000	1.0
2330000	1.0
2340000	0.0
2350000	2.0
2360000	0.0
2370000	1.0
2380000	0.0
2390000	2.0
2400000	3.0
2410000	2.0
2420000	6.0
2430000	5.0
2440000	7.0
2450000	20.0
2460000	14.0
2470000	30.0
2480000	29.0
2490000	51.0
2500000	39.0
2510000	58.0
2520000	68.0
2530000	70.0
2540000	43.0
2550000	53.0
2560000	48.0
2570000	41.0
2580000	70.0
2590000	64.0
2600000	76.0
2610000	70.0
2620000	75.0
2630000	63.0
2640000	57.0
2650000	93.0
2660000	83.0
2670000	61.0
2680000	76.0
2690000	80.0
2700000	77.0
2710000	50.0
2720000	71.0
2730000	82.0
2740000	81.0
2750000	89.0
2760000	88.0
2770000	84.0
2780000	79.0
2790000	87.0
2800000	65.0
2810000	79.0
2820000	84.0
2830000	88.0
2840000	81.0
2850000	91.0
2860000	100.0
2870000	111.0
2880000	99.0
2890000	74.0
2900000	67.0
2910000	108.0
2920000	78.0
2930000	57.0
2940000	84.0
2950000	89.0
2960000	108.0
2970000	82.0
2980000	109.0
2990000	106.0
3000000	108.0
3010000	96.0
3020000	78.0
3030000	72.0
3040000	92.0
3050000	74.0
3060000	94.0
3070000	102.0
3080000	98.0
3090000	106.0
3100000	60.0
3110000	98.0
3120000	78.0
3130000	109.0
3140000	112.0
3150000	106.0
3160000	108.0
3170000	64.0
3180000	75.0
3190000	110.0
3200000	62.0
3210000	86.0
3220000	90.0
3230000	124.0
3240000	119.0
3250000	113.0
3260000	121.0
3270000	113.0
3280000	116.0
3290000	118.0
3300000	110.0
3310000	100.0
3320000	80.0
3330000	101.0
3340000	115.0
3350000	113.0
3360000	109.0
3370000	98.0
3380000	117.0
3390000	111.0
3400000	113.0
3410000	90.0
3420000	99.0
3430000	92.0
3440000	98.0
3450000	80.0
3460000	57.0
3470000	118.0
3480000	117.0
3490000	114.0
3500000	106.0
3510000	118.0
3520000	119.0
3530000	110.0
3540000	114.0
3550000	113.0
3560000	90.0
3570000	95.0
3580000	110.0
3590000	105.0
3600000	99.0
3610000	114.0
3620000	105.0
3630000	98.0
3640000	70.0
3650000	121.0
3660000	110.0
3670000	106.0
3680000	114.0
3690000	105.0
3700000	110.0
3710000	121.0
3720000	81.0
3730000	91.0
3740000	114.0
3750000	123.0
3760000	113.0
3770000	105.0
3780000	109.0
3790000	125.0
3800000	114.0
3810000	104.0
3820000	80.0
3830000	123.0
3840000	109.0
3850000	122.0
3860000	108.0
3870000	107.0
3880000	119.0
3890000	74.0
3900000	122.0
3910000	119.0
3920000	120.0
3930000	113.0
3940000	116.0
3950000	112.0
3960000	125.0
3970000	105.0
3980000	108.0
3990000	116.0
4000000	111.0
