10000	1.0
20000	2.0
30000	3.0
40000	0.0
50000	2.0
60000	3.0
70000	0.0
80000	1.0
90000	1.0
100000	0.0
110000	2.0
120000	1.0
130000	0.0
140000	3.0
150000	1.0
160000	0.0
170000	1.0
180000	0.0
190000	2.0
200000	1.0
210000	3.0
220000	0.0
230000	1.0
240000	1.0
250000	1.0
260000	2.0
270000	0.0
280000	1.0
290000	4.0
300000	1.0
310000	2.0
320000	1.0
330000	2.0
340000	0.0
350000	0.0
360000	1.0
370000	2.0
380000	3.0
390000	8.0
400000	4.0
410000	10.0
420000	12.0
430000	17.0
440000	32.0
450000	29.0
460000	16.0
470000	7.0
480000	17.0
490000	13.0
500000	23.0
510000	35.0
520000	33.0
530000	49.0
540000	30.0
550000	34.0
560000	50.0
570000	39.0
580000	32.0
590000	35.0
600000	27.0
610000	42.0
620000	50.0
630000	52.0
640000	62.0
650000	59.0
660000	65.0
670000	55.0
680000	64.0
690000	49.0
700000	38.0
710000	36.0
720000	44.0
730000	55.0
740000	53.0
750000	65.0
760000	89.0
770000	46.0
780000	63.0
790000	47.0
800000	61.0
810000	49.0
820000	67.0
830000	23.0
840000	74.0
850000	43.0
860000	63.0
870000	50.0
880000	60.0
890000	73.0
900000	74.0
910000	78.0
920000	65.0
930000	45.0
940000	69.0
950000	63.0
960000	86.0
970000	89.0
980000	72.0
990000	86.0
1000000	80.0
1010000	84.0
1020000	74.0
1030000	65.0
1040000	82.0
1050000	100.0
1060000	94.0
1070000	67.0
1080000	79.0
1090000	79.0
1100000	70.0
1110000	70.0
1120000	89.0
1130000	107.0
1140000	85.0
1150000	77.0
1160000	81.0
1170000	89.0
1180000	89.0
1190000	99.0
1200000	89.0
1210000	81.0
1220000	99.0
1230000	92.0
1240000	87.0
1250000	83.0
1260000	97.0
1270000	59.0
1280000	90.0
1290000	102.0
1300000	42.0
1310000	43.0
1320000	96.0
1330000	105.0
1340000	98.0
1350000	96.0
1360000	75.0
1370000	86.0
1380000	97.0
1390000	104.0
1400000	99.0
1410000	97.0
1420000	77.0
1430000	94.0
1440000	109.0
1450000	95.0
1460000	95.0
1470000	88.0
1480000	94.0
1490000	78.0
1500000	75.0
1510000	101.0
1520000	101.0
1530000	102.0
1540000	103.0
1550000	89.0
1560000	99.0
1570000	92.0
1580000	103.0
1590000	83.0
1600000	78.0
1610000	95.0
1620000	89.0
1630000	98.0
1640000	56.0
1650000	87.0
1660000	95.0
1670000	98.0
1680000	102.0
1690000	99.0
1700000	100.0
1710000	109.0
1720000	96.0
1730000	100.0
1740000	98.0
1750000	93.0
1760000	109.0
1770000	91.0
1780000	87.0
1790000	79.0
1800000	81.0
1810000	112.0
1820000	99.0
1830000	106.0
1840000	101.0
1850000	94.0
1860000	109.0
1870000	108.0
1880000	105.0
1890000	108.0
1900000	105.0
1910000	103.0
1920000	60.0
1930000	85.0
1940000	94.0
1950000	101.0
1960000	94.0
1970000	83.0
1980000	68.0
1990000	112.0
2000000	97.0
2010000	82.0
2020000	114.0
2030000	99.0
2040000	113.0
2050000	112.0
2060000	106.0
2070000	71.0
2080000	104.0
2090000	93.0
2100000	107.0
2110000	109.0
2120000	109.0
2130000	100.0
2140000	90.0
2150000	85.0
2160000	95.0
2170000	109.0
2180000	110.0
2190000	105.0
2200000	108.0
2210000	103.0
2220000	104.0
2230000	113.0
2240000	117.0
2250000	111.0
2260000	107.0
2270000	106.0
2280000	117.0
2290000	102.0
2300000	100.0
2310000	110.0
2320000	93.0
2330000	102.0
2340000	112.0
2350000	116.0
2360000	105.0
2370000	113.0
2380000	117.0
2390000	120.0
2400000	97.0
2410000	107.0
2420000	110.0
2430000	116.0
2440000	105.0
2450000	107.0
2460000	109.0
2470000	102.0
2480000	89.0
2490000	107.0
2500000	101.0
2510000	110.0
2520000	100.0
2530000	92.0
2540000	108.0
2550000	99.0
2560000	113.0
2570000	106.0
2580000	111.0
2590000	110.0
2600000	94.0
2610000	104.0
2620000	84.0
2630000	97.0
2640000	118.0
2650000	110.0
2660000	103.0
2670000	117.0
2680000	105.0
2690000	113.0
2700000	89.0
2710000	111.0
2720000	116.0
2730000	108.0
2740000	111.0
2750000	100.0
2760000	61.0
2770000	68.0
2780000	87.0
2790000	114.0
2800000	122.0
2810000	120.0
2820000	114.0
2830000	117.0
2840000	113.0
2850000	110.0
2860000	121.0
2870000	97.0
2880000	94.0
2890000	105.0
2900000	117.0
2910000	116.0
2920000	116.0
2930000	120.0
2940000	108.0
2950000	108.0
2960000	117.0
2970000	102.0
2980000	107.0
2990000	112.0
3000000	113.0
3010000	113.0
3020000	112.0
3030000	110.0
3040000	123.0
3050000	116.0
3060000	100.0
3070000	116.0
3080000	84.0
3090000	99.0
3100000	111.0
3110000	123.0
3120000	122.0
3130000	108.0
3140000	122.0
3150000	105.0
3160000	114.0
3170000	121.0
3180000	101.0
3190000	106.0
3200000	122.0
3210000	89.0
3220000	115.0
3230000	78.0
3240000	112.0
3250000	104.0
3260000	108.0
3270000	122.0
3280000	118.0
3290000	124.0
3300000	125.0
3310000	113.0
3320000	121.0
3330000	122.0
3340000	112.0
3350000	113.0
3360000	66.0
3370000	28.0
3380000	89.0
3390000	99.0
3400000	99.0
3410000	108.0
3420000	114.0
3430000	115.0
3440000	113.0
3450000	113.0
3460000	120.0
3470000	109.0
3480000	107.0
3490000	95.0
3500000	118.0
3510000	120.0
3520000	117.0
3530000	120.0
3540000	120.0
3550000	101.0
3560000	113.0
3570000	114.0
3580000	94.0
3590000	103.0
3600000	77.0
3610000	106.0
3620000	117.0
3630000	113.0
3640000	118.0
3650000	113.0
3660000	110.0
3670000	114.0
3680000	105.0
3690000	114.0
3700000	124.0
3710000	94.0
3720000	111.0
3730000	114.0
3740000	120.0
3750000	127.0
3760000	125.0
3770000	109.0
3780000	124.0
3790000	114.0
3800000	84.0
3810000	102.0
3820000	98.0
3830000	105.0
3840000	96.0
3850000	99.0
3860000	107.0
3870000	103.0
3880000	99.0
3890000	94.0
3900000	101.0
3910000	100.0
3920000	102.0
3930000	104.0
3940000	107.0
3950000	103.0
3960000	107.0
3970000	63.0
3980000	109.0
3990000	121.0
4000000	108.0
