10000	2.0
20000	1.0
30000	1.0
40000	2.0
50000	1.0
60000	2.0
70000	1.0
80000	2.0
90000	1.0
100000	0.0
110000	1.0
120000	0.0
130000	1.0
140000	3.0
150000	2.0
160000	2.0
170000	0.0
180000	4.0
190000	2.0
200000	1.0
210000	2.0
220000	1.0
230000	1.0
240000	0.0
250000	0.0
260000	2.0
270000	2.0
280000	2.0
290000	1.0
300000	0.0
310000	0.0
320000	4.0
330000	1.0
340000	3.0
350000	8.0
360000	10.0
370000	19.0
380000	16.0
390000	17.0
400000	39.0
410000	39.0
420000	57.0
430000	58.0
440000	79.0
450000	61.0
460000	79.0
470000	74.0
480000	68.0
490000	52.0
500000	65.0
510000	77.0
520000	81.0
530000	93.0
540000	99.0
550000	77.0
560000	92.0
570000	101.0
580000	109.0
590000	114.0
600000	117.0
610000	95.0
620000	105.0
630000	116.0
640000	112.0
650000	111.0
660000	112.0
670000	105.0
680000	105.0
690000	117.0
700000	119.0
710000	112.0
720000	117.0
730000	117.0
740000	103.0
750000	115.0
760000	115.0
770000	119.0
780000	119.0
790000	115.0
800000	108.0
810000	124.0
820000	123.0
830000	122.0
840000	121.0
850000	116.0
860000	124.0
870000	124.0
880000	121.0
890000	120.0
900000	121.0
910000	122.0
920000	119.0
930000	120.0
940000	125.0
950000	119.0
960000	117.0
970000	130.0
980000	127.0
990000	126.0
1000000	127.0
1010000	124.0
1020000	128.0
1030000	127.0
1040000	120.0
1050000	129.0
1060000	128.0
1070000	123.0
1080000	126.0
1090000	127.0
1100000	129.0
1110000	124.0
1120000	124.0
1130000	127.0
1140000	126.0
1150000	123.0
1160000	130.0
1170000	122.0
1180000	128.0
1190000	130.0
1200000	119.0
1210000	125.0
1220000	129.0
1230000	127.0
1240000	128.0
1250000	126.0
1260000	126.0
1270000	131.0
1280000	129.0
1290000	129.0
1300000	126.0
1310000	124.0
1320000	128.0
1330000	128.0
1340000	122.0
1350000	126.0
1360000	127.0
1370000	132.0
1380000	125.0
1390000	124.0
1400000	128.0
1410000	129.0
1420000	132.0
1430000	132.0
1440000	124.0
1450000	131.0
1460000	126.0
1470000	127.0
1480000	130.0
1490000	126.0
1500000	130.0
1510000	129.0
1520000	125.0
1530000	130.0
1540000	131.0
1550000	127.0
1560000	130.0
1570000	126.0
1580000	131.0
1590000	129.0
1600000	125.0
1610000	128.0
1620000	128.0
1630000	130.0
1640000	131.0
1650000	127.0
1660000	135.0
1670000	126.0
1680000	123.0
1690000	131.0
1700000	130.0
1710000	127.0
1720000	132.0
1730000	118.0
1740000	128.0
1750000	126.0
1760000	127.0
1770000	129.0
1780000	127.0
1790000	131.0
1800000	125.0
1810000	127.0
1820000	130.0
1830000	128.0
1840000	131.0
1850000	133.0
1860000	131.0
1870000	129.0
1880000	131.0
1890000	131.0
1900000	130.0
1910000	130.0
1920000	131.0
1930000	132.0
1940000	129.0
1950000	129.0
1960000	129.0
1970000	132.0
1980000	131.0
1990000	126.0
2000000	131.0
2010000	126.0
2020000	127.0
2030000	132.0
2040000	128.0
2050000	132.0
2060000	131.0
2070000	131.0
2080000	132.0
2090000	128.0
2100000	131.0
2110000	131.0
2120000	133.0
2130000	129.0
2140000	134.0
2150000	130.0
2160000	134.0
2170000	132.0
2180000	127.0
2190000	130.0
2200000	130.0
2210000	130.0
2220000	130.0
2230000	128.0
2240000	132.0
2250000	133.0
2260000	129.0
2270000	129.0
2280000	130.0
2290000	117.0
2300000	121.0
2310000	123.0
2320000	135.0
2330000	132.0
2340000	130.0
2350000	131.0
2360000	130.0
2370000	129.0
2380000	131.0
2390000	129.0
2400000	133.0
2410000	128.0
2420000	131.0
2430000	128.0
2440000	132.0
2450000	109.0
2460000	132.0
2470000	122.0
2480000	129.0
2490000	131.0
2500000	133.0
2510000	134.0
2520000	133.0
2530000	133.0
2540000	134.0
2550000	130.0
2560000	134.0
2570000	135.0
2580000	129.0
2590000	131.0
2600000	136.0
2610000	133.0
2620000	132.0
2630000	124.0
2640000	127.0
2650000	133.0
2660000	132.0
2670000	130.0
2680000	131.0
2690000	128.0
2700000	129.0
2710000	134.0
2720000	134.0
2730000	134.0
2740000	131.0
2750000	133.0
2760000	132.0
2770000	133.0
2780000	133.0
2790000	130.0
2800000	133.0
2810000	132.0
2820000	133.0
2830000	131.0
2840000	129.0
2850000	131.0
2860000	133.0
2870000	134.0
2880000	132.0
2890000	135.0
2900000	132.0
2910000	133.0
2920000	132.0
2930000	131.0
2940000	129.0
2950000	133.0
2960000	132.0
2970000	130.0
2980000	133.0
2990000	130.0
3000000	134.0
3010000	119.0
3020000	131.0
3030000	133.0
3040000	132.0
3050000	129.0
3060000	133.0
3070000	133.0
3080000	131.0
3090000	133.0
3100000	136.0
3110000	111.0
3120000	103.0
3130000	91.0
3140000	120.0
3150000	128.0
3160000	129.0
3170000	130.0
3180000	134.0
3190000	134.0
3200000	134.0
3210000	131.0
3220000	134.0
3230000	132.0
3240000	133.0
3250000	134.0
3260000	132.0
3270000	134.0
3280000	130.0
3290000	131.0
3300000	134.0
3310000	130.0
3320000	132.0
3330000	128.0
3340000	113.0
3350000	125.0
3360000	110.0
3370000	133.0
3380000	134.0
3390000	134.0
3400000	133.0
3410000	132.0
3420000	133.0
3430000	132.0
3440000	133.0
3450000	135.0
3460000	134.0
3470000	130.0
3480000	129.0
3490000	133.0
3500000	134.0
3510000	133.0
3520000	132.0
3530000	133.0
3540000	129.0
3550000	133.0
3560000	112.0
3570000	122.0
3580000	125.0
3590000	132.0
3600000	133.0
3610000	133.0
3620000	132.0
3630000	132.0
3640000	134.0
3650000	124.0
3660000	135.0
3670000	134.0
3680000	125.0
3690000	130.0
3700000	136.0
3710000	132.0
3720000	128.0
3730000	133.0
3740000	132.0
3750000	122.0
3760000	127.0
3770000	131.0
3780000	131.0
3790000	133.0
3800000	123.0
3810000	131.0
3820000	135.0
3830000	105.0
3840000	133.0
3850000	132.0
3860000	132.0
3870000	134.0
3880000	134.0
3890000	135.0
3900000	133.0
3910000	134.0
3920000	126.0
3930000	130.0
3940000	134.0
3950000	136.0
3960000	135.0
3970000	134.0
3980000	135.0
3990000	131.0
4000000	129.0
