10000	1.0
20000	1.0
30000	3.0
40000	2.0
50000	2.0
60000	3.0
70000	1.0
80000	2.0
90000	1.0
100000	1.0
110000	0.0
120000	1.0
130000	3.0
140000	1.0
150000	1.0
160000	1.0
170000	1.0
180000	2.0
190000	0.0
200000	1.0
210000	1.0
220000	1.0
230000	0.0
240000	2.0
250000	1.0
260000	1.0
270000	0.0
280000	4.0
290000	2.0
300000	2.0
310000	3.0
320000	1.0
330000	3.0
340000	0.0
350000	0.0
360000	1.0
370000	3.0
380000	2.0
390000	0.0
400000	2.0
410000	1.0
420000	1.0
430000	1.0
440000	1.0
450000	2.0
460000	0.0
470000	1.0
480000	1.0
490000	0.0
500000	0.0
510000	2.0
520000	10.0
530000	6.0
540000	5.0
550000	6.0
560000	9.0
570000	8.0
580000	6.0
590000	11.0
600000	2.0
610000	0.0
620000	0.0
630000	1.0
640000	2.0
650000	1.0
660000	1.0
670000	2.0
680000	2.0
690000	0.0
700000	3.0
710000	1.0
720000	3.0
730000	3.0
740000	1.0
750000	3.0
760000	0.0
770000	1.0
780000	1.0
790000	1.0
800000	2.0
810000	2.0
820000	1.0
830000	3.0
840000	1.0
850000	3.0
860000	3.0
870000	2.0
880000	3.0
890000	1.0
900000	2.0
910000	0.0
920000	2.0
930000	2.0
940000	0.0
950000	0.0
960000	1.0
970000	1.0
980000	0.0
990000	0.0
1000000	0.0
1010000	2.0
1020000	0.0
1030000	2.0
1040000	2.0
1050000	1.0
1060000	1.0
1070000	0.0
1080000	4.0
1090000	2.0
1100000	2.0
1110000	6.0
1120000	7.0
1130000	17.0
1140000	31.0
1150000	16.0
1160000	12.0
1170000	20.0
1180000	27.0
1190000	37.0
1200000	43.0
1210000	53.0
1220000	56.0
1230000	60.0
1240000	64.0
1250000	58.0
1260000	70.0
1270000	57.0
1280000	56.0
1290000	87.0
1300000	81.0
1310000	78.0
1320000	70.0
1330000	68.0
1340000	84.0
1350000	84.0
1360000	72.0
1370000	76.0
1380000	68.0
1390000	55.0
1400000	73.0
1410000	97.0
1420000	111.0
1430000	92.0
1440000	81.0
1450000	100.0
1460000	101.0
1470000	115.0
1480000	98.0
1490000	105.0
1500000	106.0
1510000	82.0
1520000	81.0
1530000	105.0
1540000	87.0
1550000	89.0
1560000	88.0
1570000	89.0
1580000	116.0
1590000	118.0
1600000	92.0
1610000	108.0
1620000	79.0
1630000	108.0
1640000	87.0
1650000	102.0
1660000	108.0
1670000	104.0
1680000	89.0
1690000	107.0
1700000	117.0
1710000	118.0
1720000	116.0
1730000	110.0
1740000	104.0
1750000	100.0
1760000	118.0
1770000	99.0
1780000	109.0
1790000	115.0
1800000	117.0
1810000	86.0
1820000	109.0
1830000	104.0
1840000	105.0
1850000	120.0
1860000	104.0
1870000	117.0
1880000	107.0
1890000	89.0
1900000	96.0
1910000	91.0
1920000	101.0
1930000	120.0
1940000	122.0
1950000	124.0
1960000	121.0
1970000	107.0
1980000	116.0
1990000	104.0
2000000	114.0
2010000	12.0
2020000	72.0
2030000	117.0
2040000	86.0
2050000	123.0
2060000	115.0
2070000	125.0
2080000	112.0
2090000	98.0
2100000	123.0
2110000	123.0
2120000	122.0
2130000	112.0
2140000	118.0
2150000	103.0
2160000	79.0
2170000	106.0
2180000	111.0
2190000	109.0
2200000	121.0
2210000	122.0
2220000	112.0
2230000	80.0
2240000	112.0
2250000	116.0
2260000	122.0
2270000	119.0
2280000	69.0
2290000	113.0
2300000	109.0
2310000	100.0
2320000	120.0
2330000	123.0
2340000	94.0
2350000	121.0
2360000	117.0
2370000	64.0
2380000	122.0
2390000	63.0
2400000	81.0
2410000	96.0
2420000	103.0
2430000	93.0
2440000	122.0
2450000	89.0
2460000	63.0
2470000	112.0
2480000	123.0
2490000	115.0
2500000	84.0
2510000	111.0
2520000	122.0
2530000	129.0
2540000	123.0
2550000	118.0
2560000	119.0
2570000	111.0
2580000	112.0
2590000	113.0
2600000	120.0
2610000	118.0
2620000	113.0
2630000	121.0
2640000	67.0
2650000	77.0
2660000	104.0
2670000	109.0
2680000	123.0
2690000	96.0
2700000	110.0
2710000	40.0
2720000	100.0
2730000	110.0
2740000	106.0
2750000	96.0
2760000	119.0
2770000	108.0
2780000	121.0
2790000	131.0
2800000	118.0
2810000	121.0
2820000	124.0
2830000	130.0
2840000	125.0
2850000	119.0
2860000	126.0
2870000	124.0
2880000	122.0
2890000	111.0
2900000	118.0
2910000	99.0
2920000	117.0
2930000	108.0
2940000	123.0
2950000	124.0
2960000	123.0
2970000	118.0
2980000	126.0
2990000	125.0
3000000	121.0
3010000	119.0
3020000	123.0
3030000	125.0
3040000	126.0
3050000	116.0
3060000	130.0
3070000	114.0
3080000	97.0
3090000	114.0
3100000	129.0
3110000	127.0
3120000	127.0
3130000	118.0
3140000	106.0
3150000	121.0
3160000	99.0
3170000	106.0
3180000	128.0
3190000	131.0
3200000	130.0
3210000	124.0
3220000	128.0
3230000	129.0
3240000	125.0
3250000	126.0
3260000	123.0
3270000	121.0
3280000	105.0
3290000	115.0
3300000	114.0
3310000	114.0
3320000	127.0
3330000	124.0
3340000	125.0
3350000	120.0
3360000	118.0
3370000	126.0
3380000	122.0
3390000	127.0
3400000	101.0
3410000	127.0
3420000	99.0
3430000	125.0
3440000	132.0
3450000	129.0
3460000	110.0
3470000	132.0
3480000	126.0
3490000	115.0
3500000	114.0
3510000	129.0
3520000	111.0
3530000	119.0
3540000	120.0
3550000	128.0
3560000	99.0
3570000	100.0
3580000	124.0
3590000	128.0
3600000	118.0
3610000	126.0
3620000	123.0
3630000	24.0
3640000	62.0
3650000	91.0
3660000	125.0
3670000	124.0
3680000	114.0
3690000	111.0
3700000	129.0
3710000	126.0
3720000	125.0
3730000	121.0
3740000	128.0
3750000	115.0
3760000	128.0
3770000	131.0
3780000	124.0
3790000	129.0
3800000	128.0
3810000	124.0
3820000	108.0
3830000	123.0
3840000	116.0
3850000	120.0
3860000	126.0
3870000	99.0
3880000	128.0
3890000	126.0
3900000	122.0
3910000	119.0
3920000	117.0
3930000	124.0
3940000	132.0
3950000	62.0
3960000	107.0
3970000	124.0
3980000	122.0
3990000	132.0
4000000	63.0
