10000	1.0
20000	0.0
30000	0.0
40000	1.0
50000	1.0
60000	1.0
70000	1.0
80000	0.0
90000	3.0
100000	2.0
110000	1.0
120000	1.0
130000	2.0
140000	1.0
150000	2.0
160000	1.0
170000	2.0
180000	2.0
190000	0.0
200000	3.0
210000	3.0
220000	1.0
230000	0.0
240000	2.0
250000	0.0
260000	2.0
270000	0.0
280000	1.0
290000	3.0
300000	1.0
310000	2.0
320000	3.0
330000	2.0
340000	3.0
350000	1.0
360000	1.0
370000	3.0
380000	1.0
390000	1.0
400000	2.0
410000	1.0
420000	3.0
430000	0.0
440000	0.0
450000	1.0
460000	1.0
470000	0.0
480000	0.0
490000	1.0
500000	2.0
510000	0.0
520000	1.0
530000	1.0
540000	4.0
550000	0.0
560000	0.0
570000	0.0
580000	0.0
590000	1.0
600000	6.0
610000	8.0
620000	7.0
630000	11.0
640000	3.0
650000	1.0
660000	1.0
670000	1.0
680000	1.0
690000	0.0
700000	1.0
710000	0.0
720000	1.0
730000	1.0
740000	0.0
750000	5.0
760000	4.0
770000	5.0
780000	5.0
790000	7.0
800000	3.0
810000	7.0
820000	6.0
830000	4.0
840000	0.0
850000	3.0
860000	0.0
870000	0.0
880000	1.0
890000	1.0
900000	0.0
910000	0.0
920000	4.0
930000	3.0
940000	2.0
950000	5.0
960000	5.0
970000	15.0
980000	21.0
990000	26.0
1000000	59.0
1010000	61.0
1020000	64.0
1030000	77.0
1040000	75.0
1050000	84.0
1060000	71.0
1070000	87.0
1080000	69.0
1090000	93.0
1100000	90.0
1110000	85.0
1120000	86.0
1130000	86.0
1140000	96.0
1150000	104.0
1160000	100.0
1170000	86.0
1180000	109.0
1190000	91.0
1200000	96.0
1210000	106.0
1220000	107.0
1230000	104.0
1240000	107.0
1250000	96.0
1260000	112.0
1270000	115.0
1280000	113.0
1290000	112.0
1300000	102.0
1310000	115.0
1320000	111.0
1330000	111.0
1340000	120.0
1350000	100.0
1360000	111.0
1370000	113.0
1380000	108.0
1390000	106.0
1400000	112.0
1410000	111.0
1420000	114.0
1430000	117.0
1440000	120.0
1450000	123.0
1460000	114.0
1470000	121.0
1480000	120.0
1490000	122.0
1500000	122.0
1510000	119.0
1520000	120.0
1530000	119.0
1540000	123.0
1550000	125.0
1560000	122.0
1570000	119.0
1580000	117.0
1590000	125.0
1600000	118.0
1610000	123.0
1620000	117.0
1630000	121.0
1640000	126.0
1650000	124.0
1660000	123.0
1670000	118.0
1680000	123.0
1690000	119.0
1700000	127.0
1710000	122.0
1720000	121.0
1730000	123.0
1740000	126.0
1750000	118.0
1760000	123.0
1770000	124.0
1780000	126.0
1790000	125.0
1800000	123.0
1810000	124.0
1820000	124.0
1830000	125.0
1840000	127.0
1850000	126.0
1860000	123.0
1870000	126.0
1880000	127.0
1890000	125.0
1900000	128.0
1910000	125.0
1920000	126.0
1930000	130.0
1940000	129.0
1950000	130.0
1960000	128.0
1970000	128.0
1980000	128.0
1990000	132.0
2000000	125.0
2010000	126.0
2020000	125.0
2030000	127.0
2040000	129.0
2050000	126.0
2060000	125.0
2070000	125.0
2080000	127.0
2090000	128.0
2100000	127.0
2110000	124.0
2120000	130.0
2130000	124.0
2140000	126.0
2150000	128.0
2160000	128.0
2170000	124.0
2180000	126.0
2190000	127.0
2200000	130.0
2210000	130.0
2220000	129.0
2230000	126.0
2240000	128.0
2250000	126.0
2260000	127.0
2270000	129.0
2280000	126.0
2290000	129.0
2300000	130.0
2310000	130.0
2320000	127.0
2330000	132.0
2340000	128.0
2350000	129.0
2360000	130.0
2370000	132.0
2380000	128.0
2390000	128.0
2400000	131.0
2410000	128.0
2420000	129.0
2430000	121.0
2440000	130.0
2450000	130.0
2460000	127.0
2470000	130.0
2480000	131.0
2490000	131.0
2500000	130.0
2510000	132.0
2520000	127.0
2530000	130.0
2540000	128.0
2550000	129.0
2560000	127.0
2570000	127.0
2580000	131.0
2590000	126.0
2600000	130.0
2610000	131.0
2620000	132.0
2630000	129.0
2640000	130.0
2650000	132.0
2660000	127.0
2670000	132.0
2680000	131.0
2690000	131.0
2700000	129.0
2710000	129.0
2720000	132.0
2730000	130.0
2740000	129.0
2750000	125.0
2760000	131.0
2770000	132.0
2780000	126.0
2790000	129.0
2800000	129.0
2810000	133.0
2820000	129.0
2830000	129.0
2840000	126.0
2850000	131.0
2860000	129.0
2870000	134.0
2880000	131.0
2890000	133.0
2900000	134.0
2910000	128.0
2920000	126.0
2930000	130.0
2940000	129.0
2950000	130.0
2960000	132.0
2970000	131.0
2980000	134.0
2990000	129.0
3000000	131.0
3010000	128.0
3020000	130.0
3030000	132.0
3040000	128.0
3050000	130.0
3060000	132.0
3070000	131.0
3080000	131.0
3090000	132.0
3100000	131.0
3110000	134.0
3120000	130.0
3130000	132.0
3140000	134.0
3150000	132.0
3160000	132.0
3170000	129.0
3180000	132.0
3190000	132.0
3200000	131.0
3210000	132.0
3220000	129.0
3230000	132.0
3240000	133.0
3250000	128.0
3260000	135.0
3270000	130.0
3280000	133.0
3290000	133.0
3300000	130.0
3310000	135.0
3320000	128.0
3330000	133.0
3340000	130.0
3350000	129.0
3360000	134.0
3370000	132.0
3380000	130.0
3390000	132.0
3400000	131.0
3410000	132.0
3420000	134.0
3430000	134.0
3440000	130.0
3450000	133.0
3460000	134.0
3470000	129.0
3480000	131.0
3490000	132.0
3500000	133.0
3510000	133.0
3520000	134.0
3530000	122.0
3540000	134.0
3550000	132.0
3560000	131.0
3570000	133.0
3580000	134.0
3590000	132.0
3600000	133.0
3610000	133.0
3620000	134.0
3630000	132.0
3640000	133.0
3650000	131.0
3660000	133.0
3670000	132.0
3680000	133.0
3690000	130.0
3700000	131.0
3710000	133.0
3720000	129.0
3730000	131.0
3740000	136.0
3750000	134.0
3760000	130.0
3770000	133.0
3780000	133.0
3790000	134.0
3800000	133.0
3810000	134.0
3820000	135.0
3830000	132.0
3840000	131.0
3850000	132.0
3860000	133.0
3870000	134.0
3880000	132.0
3890000	134.0
3900000	133.0
3910000	132.0
3920000	135.0
3930000	133.0
3940000	133.0
3950000	133.0
3960000	136.0
3970000	134.0
3980000	133.0
3990000	131.0
4000000	131.0
