10000	1.0
20000	1.0
30000	1.0
40000	1.0
50000	2.0
60000	1.0
70000	1.0
80000	0.0
90000	2.0
100000	2.0
110000	1.0
120000	2.0
130000	1.0
140000	3.0
150000	1.0
160000	3.0
170000	1.0
180000	1.0
190000	2.0
200000	1.0
210000	0.0
220000	1.0
230000	1.0
240000	1.0
250000	2.0
260000	3.0
270000	1.0
280000	1.0
290000	2.0
300000	2.0
310000	1.0
320000	1.0
330000	0.0
340000	0.0
350000	0.0
360000	3.0
370000	3.0
380000	1.0
390000	1.0
400000	3.0
410000	1.0
420000	1.0
430000	1.0
440000	1.0
450000	2.0
460000	1.0
470000	1.0
480000	1.0
490000	2.0
500000	2.0
510000	4.0
520000	5.0
530000	19.0
540000	13.0
550000	26.0
560000	28.0
570000	20.0
580000	27.0
590000	8.0
600000	19.0
610000	42.0
620000	22.0
630000	26.0
640000	25.0
650000	25.0
660000	25.0
670000	37.0
680000	36.0
690000	35.0
700000	16.0
710000	40.0
720000	63.0
730000	52.0
740000	45.0
750000	45.0
760000	28.0
770000	58.0
780000	32.0
790000	51.0
800000	47.0
810000	41.0
820000	60.0
830000	70.0
840000	29.0
850000	48.0
860000	56.0
870000	60.0
880000	76.0
890000	59.0
900000	64.0
910000	62.0
920000	51.0
930000	89.0
940000	60.0
950000	55.0
960000	56.0
970000	55.0
980000	38.0
990000	52.0
1000000	66.0
1010000	77.0
1020000	58.0
1030000	81.0
1040000	94.0
1050000	74.0
1060000	67.0
1070000	67.0
1080000	68.0
1090000	35.0
1100000	22.0
1110000	71.0
1120000	59.0
1130000	52.0
1140000	97.0
1150000	80.0
1160000	76.0
1170000	92.0
1180000	73.0
1190000	63.0
1200000	84.0
1210000	74.0
1220000	69.0
1230000	88.0
1240000	88.0
1250000	70.0
1260000	82.0
1270000	78.0
1280000	65.0
1290000	90.0
1300000	64.0
1310000	80.0
1320000	80.0
1330000	79.0
1340000	88.0
1350000	76.0
1360000	83.0
1370000	94.0
1380000	68.0
1390000	92.0
1400000	85.0
1410000	74.0
1420000	68.0
1430000	84.0
1440000	72.0
1450000	73.0
1460000	92.0
1470000	91.0
1480000	61.0
1490000	92.0
1500000	56.0
1510000	71.0
1520000	46.0
1530000	77.0
1540000	89.0
1550000	95.0
1560000	96.0
1570000	91.0
1580000	81.0
1590000	28.0
1600000	80.0
1610000	91.0
1620000	83.0
1630000	99.0
1640000	89.0
1650000	84.0
1660000	77.0
1670000	91.0
1680000	95.0
1690000	84.0
1700000	59.0
1710000	84.0
1720000	70.0
1730000	56.0
1740000	78.0
1750000	84.0
1760000	97.0
1770000	96.0
1780000	90.0
1790000	100.0
1800000	72.0
1810000	101.0
1820000	91.0
1830000	114.0
1840000	71.0
1850000	94.0
1860000	91.0
1870000	112.0
1880000	88.0
1890000	112.0
1900000	90.0
1910000	109.0
1920000	93.0
1930000	97.0
1940000	62.0
1950000	85.0
1960000	94.0
1970000	74.0
1980000	66.0
1990000	67.0
2000000	64.0
2010000	16.0
2020000	98.0
2030000	98.0
2040000	83.0
2050000	61.0
2060000	89.0
2070000	108.0
2080000	99.0
2090000	97.0
2100000	96.0
2110000	97.0
2120000	96.0
2130000	89.0
2140000	93.0
2150000	102.0
2160000	97.0
2170000	79.0
2180000	83.0
2190000	108.0
2200000	92.0
2210000	83.0
2220000	92.0
2230000	58.0
2240000	53.0
2250000	106.0
2260000	84.0
2270000	107.0
2280000	105.0
2290000	99.0
2300000	87.0
2310000	91.0
2320000	101.0
2330000	100.0
2340000	100.0
2350000	71.0
2360000	112.0
2370000	99.0
2380000	102.0
2390000	104.0
2400000	80.0
2410000	99.0
2420000	94.0
2430000	113.0
2440000	110.0
2450000	99.0
2460000	84.0
2470000	107.0
2480000	101.0
2490000	93.0
2500000	86.0
2510000	92.0
2520000	88.0
2530000	101.0
2540000	62.0
2550000	81.0
2560000	101.0
2570000	106.0
2580000	73.0
2590000	106.0
2600000	87.0
2610000	104.0
2620000	105.0
2630000	82.0
2640000	108.0
2650000	102.0
2660000	74.0
2670000	70.0
2680000	47.0
2690000	81.0
2700000	106.0
2710000	94.0
2720000	88.0
2730000	90.0
2740000	121.0
2750000	119.0
2760000	90.0
2770000	97.0
2780000	101.0
2790000	95.0
2800000	94.0
2810000	89.0
2820000	118.0
2830000	93.0
2840000	93.0
2850000	79.0
2860000	106.0
2870000	96.0
2880000	82.0
2890000	95.0
2900000	102.0
2910000	105.0
2920000	94.0
2930000	96.0
2940000	122.0
2950000	107.0
2960000	102.0
2970000	74.0
2980000	91.0
2990000	111.0
3000000	84.0
3010000	92.0
3020000	98.0
3030000	100.0
3040000	116.0
3050000	107.0
3060000	113.0
3070000	97.0
3080000	86.0
3090000	95.0
3100000	96.0
3110000	82.0
3120000	80.0
3130000	75.0
3140000	102.0
3150000	106.0
3160000	99.0
3170000	90.0
3180000	113.0
3190000	115.0
3200000	75.0
3210000	92.0
3220000	117.0
3230000	117.0
3240000	118.0
3250000	115.0
3260000	117.0
3270000	117.0
3280000	109.0
3290000	117.0
3300000	93.0
3310000	47.0
3320000	79.0
3330000	110.0
3340000	92.0
3350000	93.0
3360000	106.0
3370000	94.0
3380000	103.0
3390000	111.0
3400000	109.0
3410000	108.0
3420000	103.0
3430000	105.0
3440000	99.0
3450000	118.0
3460000	102.0
3470000	104.0
3480000	104.0
3490000	96.0
3500000	108.0
3510000	124.0
3520000	105.0
3530000	98.0
3540000	106.0
3550000	113.0
3560000	117.0
3570000	118.0
3580000	108.0
3590000	116.0
3600000	113.0
3610000	94.0
3620000	98.0
3630000	112.0
3640000	98.0
3650000	109.0
3660000	115.0
3670000	107.0
3680000	108.0
3690000	114.0
3700000	72.0
3710000	120.0
3720000	121.0
3730000	117.0
3740000	109.0
3750000	109.0
3760000	106.0
3770000	106.0
3780000	88.0
3790000	106.0
3800000	121.0
3810000	117.0
3820000	114.0
3830000	86.0
3840000	113.0
3850000	103.0
3860000	100.0
3870000	113.0
3880000	103.0
3890000	121.0
3900000	103.0
3910000	115.0
3920000	112.0
3930000	104.0
3940000	86.0
3950000	109.0
3960000	110.0
3970000	104.0
3980000	105.0
3990000	97.0
4000000	111.0
