10000	2.0
20000	2.0
30000	1.0
40000	2.0
50000	1.0
60000	1.0
70000	3.0
80000	3.0
90000	1.0
100000	0.0
110000	2.0
120000	1.0
130000	1.0
140000	1.0
150000	0.0
160000	2.0
170000	2.0
180000	1.0
190000	1.0
200000	1.0
210000	3.0
220000	2.0
230000	2.0
240000	0.0
250000	1.0
260000	1.0
270000	2.0
280000	3.0
290000	2.0
300000	3.0
310000	3.0
320000	15.0
330000	12.0
340000	21.0
350000	18.0
360000	33.0
370000	9.0
380000	26.0
390000	3.0
400000	1.0
410000	1.0
420000	1.0
430000	1.0
440000	1.0
450000	2.0
460000	0.0
470000	2.0
480000	5.0
490000	5.0
500000	8.0
510000	4.0
520000	5.0
530000	8.0
540000	15.0
550000	34.0
560000	39.0
570000	66.0
580000	56.0
590000	90.0
600000	70.0
610000	89.0
620000	81.0
630000	73.0
640000	95.0
650000	81.0
660000	75.0
670000	94.0
680000	100.0
690000	85.0
700000	78.0
710000	85.0
720000	91.0
730000	86.0
740000	99.0
750000	108.0
760000	98.0
770000	100.0
780000	100.0
790000	108.0
800000	116.0
810000	111.0
820000	103.0
830000	101.0
840000	107.0
850000	103.0
860000	105.0
870000	108.0
880000	111.0
890000	111.0
900000	118.0
910000	113.0
920000	111.0
930000	108.0
940000	112.0
950000	108.0
960000	115.0
970000	115.0
980000	119.0
990000	117.0
1000000	115.0
1010000	116.0
1020000	109.0
1030000	109.0
1040000	111.0
1050000	115.0
1060000	110.0
1070000	112.0
1080000	118.0
1090000	110.0
1100000	118.0
1110000	115.0
1120000	117.0
1130000	118.0
1140000	113.0
1150000	117.0
1160000	116.0
1170000	114.0
1180000	120.0
1190000	119.0
1200000	116.0
1210000	119.0
1220000	116.0
1230000	120.0
1240000	123.0
1250000	119.0
1260000	119.0
1270000	122.0
1280000	119.0
1290000	115.0
1300000	123.0
1310000	119.0
1320000	115.0
1330000	118.0
1340000	116.0
1350000	119.0
1360000	120.0
1370000	121.0
1380000	121.0
1390000	122.0
1400000	122.0
1410000	122.0
1420000	121.0
1430000	119.0
1440000	125.0
1450000	119.0
1460000	127.0
1470000	120.0
1480000	121.0
1490000	124.0
1500000	124.0
1510000	106.0
1520000	125.0
1530000	124.0
1540000	117.0
1550000	127.0
1560000	116.0
1570000	119.0
1580000	118.0
1590000	118.0
1600000	119.0
1610000	124.0
1620000	123.0
1630000	124.0
1640000	119.0
1650000	126.0
1660000	120.0
1670000	120.0
1680000	115.0
1690000	117.0
1700000	126.0
1710000	123.0
1720000	118.0
1730000	128.0
1740000	122.0
1750000	123.0
1760000	129.0
1770000	124.0
1780000	123.0
1790000	124.0
1800000	120.0
1810000	129.0
1820000	128.0
1830000	123.0
1840000	124.0
1850000	128.0
1860000	123.0
1870000	128.0
1880000	126.0
1890000	122.0
1900000	125.0
1910000	127.0
1920000	127.0
1930000	129.0
1940000	125.0
1950000	126.0
1960000	126.0
1970000	125.0
1980000	128.0
1990000	130.0
2000000	126.0
2010000	122.0
2020000	128.0
2030000	127.0
2040000	131.0
2050000	126.0
2060000	127.0
2070000	129.0
2080000	127.0
2090000	125.0
2100000	126.0
2110000	130.0
2120000	124.0
2130000	127.0
2140000	121.0
2150000	127.0
2160000	126.0
2170000	122.0
2180000	126.0
2190000	124.0
2200000	130.0
2210000	127.0
2220000	126.0
2230000	126.0
2240000	127.0
2250000	126.0
2260000	125.0
2270000	129.0
2280000	128.0
2290000	127.0
2300000	121.0
2310000	121.0
2320000	127.0
2330000	127.0
2340000	123.0
2350000	122.0
2360000	125.0
2370000	127.0
2380000	128.0
2390000	129.0
2400000	127.0
2410000	128.0
2420000	127.0
2430000	128.0
2440000	126.0
2450000	126.0
2460000	129.0
2470000	127.0
2480000	125.0
2490000	126.0
2500000	128.0
2510000	128.0
2520000	129.0
2530000	126.0
2540000	123.0
2550000	127.0
2560000	129.0
2570000	126.0
2580000	130.0
2590000	130.0
2600000	124.0
2610000	129.0
2620000	130.0
2630000	126.0
2640000	130.0
2650000	129.0
2660000	131.0
2670000	130.0
2680000	129.0
2690000	129.0
2700000	129.0
2710000	129.0
2720000	127.0
2730000	129.0
2740000	127.0
2750000	130.0
2760000	126.0
2770000	126.0
2780000	129.0
2790000	131.0
2800000	130.0
2810000	127.0
2820000	127.0
2830000	129.0
2840000	129.0
2850000	129.0
2860000	128.0
2870000	127.0
2880000	129.0
2890000	130.0
2900000	127.0
2910000	130.0
2920000	130.0
2930000	131.0
2940000	132.0
2950000	126.0
2960000	122.0
2970000	130.0
2980000	129.0
2990000	131.0
3000000	127.0
3010000	129.0
3020000	125.0
3030000	127.0
3040000	130.0
3050000	125.0
3060000	127.0
3070000	124.0
3080000	130.0
3090000	130.0
3100000	129.0
3110000	130.0
3120000	130.0
3130000	130.0
3140000	132.0
3150000	129.0
3160000	131.0
3170000	130.0
3180000	126.0
3190000	127.0
3200000	130.0
3210000	131.0
3220000	128.0
3230000	131.0
3240000	130.0
3250000	128.0
3260000	128.0
3270000	131.0
3280000	107.0
3290000	128.0
3300000	129.0
3310000	131.0
3320000	130.0
3330000	132.0
3340000	129.0
3350000	129.0
3360000	129.0
3370000	131.0
3380000	130.0
3390000	129.0
3400000	134.0
3410000	131.0
3420000	131.0
3430000	130.0
3440000	131.0
3450000	129.0
3460000	131.0
3470000	129.0
3480000	130.0
3490000	128.0
3500000	129.0
3510000	131.0
3520000	131.0
3530000	126.0
3540000	123.0
3550000	131.0
3560000	130.0
3570000	130.0
3580000	131.0
3590000	127.0
3600000	129.0
3610000	129.0
3620000	132.0
3630000	125.0
3640000	132.0
3650000	132.0
3660000	127.0
3670000	129.0
3680000	126.0
3690000	132.0
3700000	128.0
3710000	121.0
3720000	131.0
3730000	133.0
3740000	130.0
3750000	132.0
3760000	130.0
3770000	130.0
3780000	130.0
3790000	132.0
3800000	129.0
3810000	131.0
3820000	132.0
3830000	133.0
3840000	132.0
3850000	130.0
3860000	127.0
3870000	129.0
3880000	133.0
3890000	129.0
3900000	129.0
3910000	130.0
3920000	131.0
3930000	132.0
3940000	131.0
3950000	130.0
3960000	130.0
3970000	128.0
3980000	132.0
3990000	133.0
4000000	131.0
