10000	1.0
20000	3.0
30000	4.0
40000	0.0
50000	1.0
60000	3.0
70000	1.0
80000	3.0
90000	1.0
100000	2.0
110000	2.0
120000	3.0
130000	1.0
140000	2.0
150000	1.0
160000	1.0
170000	1.0
180000	3.0
190000	1.0
200000	2.0
210000	2.0
220000	2.0
230000	1.0
240000	2.0
250000	3.0
260000	1.0
270000	1.0
280000	4.0
290000	3.0
300000	4.0
310000	16.0
320000	12.0
330000	20.0
340000	14.0
350000	40.0
360000	29.0
370000	33.0
380000	56.0
390000	33.0
400000	50.0
410000	52.0
420000	41.0
430000	56.0
440000	75.0
450000	69.0
460000	74.0
470000	70.0
480000	80.0
490000	71.0
500000	95.0
510000	99.0
520000	93.0
530000	84.0
540000	75.0
550000	99.0
560000	101.0
570000	102.0
580000	81.0
590000	98.0
600000	99.0
610000	87.0
620000	99.0
630000	88.0
640000	92.0
650000	110.0
660000	97.0
670000	78.0
680000	97.0
690000	110.0
700000	102.0
710000	101.0
720000	85.0
730000	106.0
740000	103.0
750000	102.0
760000	111.0
770000	112.0
780000	110.0
790000	106.0
800000	103.0
810000	107.0
820000	74.0
830000	114.0
840000	99.0
850000	114.0
860000	107.0
870000	101.0
880000	111.0
890000	106.0
900000	108.0
910000	113.0
920000	81.0
930000	98.0
940000	117.0
950000	87.0
960000	96.0
970000	104.0
980000	93.0
990000	113.0
1000000	112.0
1010000	114.0
1020000	104.0
1030000	99.0
1040000	101.0
1050000	114.0
1060000	114.0
1070000	108.0
1080000	102.0
1090000	109.0
1100000	113.0
1110000	95.0
1120000	110.0
1130000	110.0
1140000	102.0
1150000	113.0
1160000	106.0
1170000	119.0
1180000	116.0
1190000	117.0
1200000	120.0
1210000	114.0
1220000	101.0
1230000	114.0
1240000	104.0
1250000	108.0
1260000	102.0
1270000	108.0
1280000	112.0
1290000	100.0
1300000	113.0
1310000	113.0
1320000	114.0
1330000	119.0
1340000	99.0
1350000	111.0
1360000	114.0
1370000	99.0
1380000	91.0
1390000	108.0
1400000	109.0
1410000	117.0
1420000	116.0
1430000	103.0
1440000	111.0
1450000	117.0
1460000	116.0
1470000	106.0
1480000	110.0
1490000	102.0
1500000	116.0
1510000	115.0
1520000	103.0
1530000	94.0
1540000	120.0
1550000	112.0
1560000	124.0
1570000	111.0
1580000	99.0
1590000	114.0
1600000	113.0
1610000	119.0
1620000	110.0
1630000	116.0
1640000	117.0
1650000	110.0
1660000	112.0
1670000	117.0
1680000	119.0
1690000	109.0
1700000	106.0
1710000	124.0
1720000	115.0
1730000	113.0
1740000	118.0
1750000	106.0
1760000	109.0
1770000	109.0
1780000	112.0
1790000	98.0
1800000	102.0
1810000	113.0
1820000	102.0
1830000	115.0
1840000	120.0
1850000	119.0
1860000	114.0
1870000	107.0
1880000	113.0
1890000	97.0
1900000	112.0
1910000	120.0
1920000	112.0
1930000	118.0
1940000	117.0
1950000	105.0
1960000	115.0
1970000	106.0
1980000	105.0
1990000	111.0
2000000	109.0
2010000	110.0
2020000	114.0
2030000	110.0
2040000	117.0
2050000	115.0
2060000	126.0
2070000	111.0
2080000	118.0
2090000	112.0
2100000	112.0
2110000	123.0
2120000	123.0
2130000	110.0
2140000	121.0
2150000	113.0
2160000	118.0
2170000	118.0
2180000	121.0
2190000	109.0
2200000	118.0
2210000	115.0
2220000	102.0
2230000	122.0
2240000	115.0
2250000	119.0
2260000	127.0
2270000	105.0
2280000	122.0
2290000	113.0
2300000	117.0
2310000	116.0
2320000	112.0
2330000	113.0
2340000	119.0
2350000	119.0
2360000	123.0
2370000	104.0
2380000	119.0
2390000	122.0
2400000	126.0
2410000	122.0
2420000	127.0
2430000	113.0
2440000	121.0
2450000	123.0
2460000	104.0
2470000	126.0
2480000	120.0
2490000	119.0
2500000	118.0
2510000	108.0
2520000	113.0
2530000	124.0
2540000	127.0
2550000	123.0
2560000	124.0
2570000	120.0
2580000	118.0
2590000	123.0
2600000	117.0
2610000	124.0
2620000	113.0
2630000	120.0
2640000	119.0
2650000	119.0
2660000	125.0
2670000	117.0
2680000	101.0
2690000	120.0
2700000	123.0
2710000	120.0
2720000	122.0
2730000	125.0
2740000	120.0
2750000	120.0
2760000	125.0
2770000	122.0
2780000	117.0
2790000	125.0
2800000	125.0
2810000	125.0
2820000	125.0
2830000	122.0
2840000	126.0
2850000	121.0
2860000	129.0
2870000	120.0
2880000	120.0
2890000	125.0
2900000	126.0
2910000	120.0
2920000	116.0
2930000	116.0
2940000	118.0
2950000	121.0
2960000	123.0
2970000	121.0
2980000	121.0
2990000	119.0
3000000	121.0
3010000	122.0
3020000	120.0
3030000	117.0
3040000	117.0
3050000	125.0
3060000	124.0
3070000	127.0
3080000	121.0
3090000	126.0
3100000	126.0
3110000	128.0
3120000	110.0
3130000	125.0
3140000	128.0
3150000	126.0
3160000	117.0
3170000	123.0
3180000	122.0
3190000	122.0
3200000	121.0
3210000	125.0
3220000	123.0
3230000	115.0
3240000	124.0
3250000	117.0
3260000	119.0
3270000	123.0
3280000	124.0
3290000	126.0
3300000	125.0
3310000	114.0
3320000	117.0
3330000	126.0
3340000	120.0
3350000	122.0
3360000	118.0
3370000	124.0
3380000	125.0
3390000	128.0
3400000	117.0
3410000	121.0
3420000	121.0
3430000	120.0
3440000	117.0
3450000	117.0
3460000	119.0
3470000	119.0
3480000	125.0
3490000	127.0
3500000	129.0
3510000	121.0
3520000	129.0
3530000	125.0
3540000	123.0
3550000	112.0
3560000	128.0
3570000	123.0
3580000	112.0
3590000	116.0
3600000	127.0
3610000	121.0
3620000	127.0
3630000	113.0
3640000	116.0
3650000	89.0
3660000	123.0
3670000	103.0
3680000	121.0
3690000	130.0
3700000	120.0
3710000	125.0
3720000	116.0
3730000	128.0
3740000	124.0
3750000	121.0
3760000	124.0
3770000	122.0
3780000	119.0
3790000	117.0
3800000	123.0
3810000	123.0
3820000	128.0
3830000	127.0
3840000	125.0
3850000	129.0
3860000	128.0
3870000	124.0
3880000	124.0
3890000	122.0
3900000	126.0
3910000	122.0
3920000	123.0
3930000	126.0
3940000	126.0
3950000	126.0
3960000	129.0
3970000	124.0
3980000	122.0
3990000	125.0
4000000	124.0
