10000	2.0
20000	1.0
30000	2.0
40000	0.0
50000	2.0
60000	1.0
70000	1.0
80000	1.0
90000	2.0
100000	1.0
110000	3.0
120000	1.0
130000	1.0
140000	1.0
150000	1.0
160000	1.0
170000	2.0
180000	2.0
190000	2.0
200000	1.0
210000	0.0
220000	1.0
230000	1.0
240000	2.0
250000	2.0
260000	0.0
270000	0.0
280000	3.0
290000	1.0
300000	3.0
310000	1.0
320000	1.0
330000	0.0
340000	1.0
350000	1.0
360000	1.0
370000	1.0
380000	1.0
390000	0.0
400000	0.0
410000	4.0
420000	2.0
430000	1.0
440000	2.0
450000	7.0
460000	21.0
470000	23.0
480000	1.0
490000	1.0
500000	1.0
510000	1.0
520000	2.0
530000	2.0
540000	0.0
550000	2.0
560000	1.0
570000	1.0
580000	1.0
590000	2.0
600000	1.0
610000	1.0
620000	0.0
630000	0.0
640000	1.0
650000	3.0
660000	5.0
670000	4.0
680000	6.0
690000	9.0
700000	4.0
710000	1.0
720000	1.0
730000	2.0
740000	1.0
750000	2.0
760000	0.0
770000	0.0
780000	0.0
790000	1.0
800000	8.0
810000	2.0
820000	2.0
830000	2.0
840000	0.0
850000	2.0
860000	1.0
870000	0.0
880000	0.0
890000	2.0
900000	2.0
910000	11.0
920000	25.0
930000	2.0
940000	3.0
950000	3.0
960000	1.0
970000	0.0
980000	2.0
990000	0.0
1000000	0.0
1010000	1.0
1020000	1.0
1030000	5.0
1040000	4.0
1050000	3.0
1060000	2.0
1070000	1.0
1080000	1.0
1090000	2.0
1100000	1.0
1110000	0.0
1120000	0.0
1130000	1.0
1140000	1.0
1150000	0.0
1160000	1.0
1170000	4.0
1180000	5.0
1190000	7.0
1200000	7.0
1210000	2.0
1220000	8.0
1230000	6.0
1240000	4.0
1250000	7.0
1260000	6.0
1270000	2.0
1280000	5.0
1290000	3.0
1300000	2.0
1310000	1.0
1320000	2.0
1330000	2.0
1340000	4.0
1350000	0.0
1360000	1.0
1370000	1.0
1380000	1.0
1390000	2.0
1400000	3.0
1410000	1.0
1420000	0.0
1430000	3.0
1440000	2.0
1450000	6.0
1460000	4.0
1470000	3.0
1480000	1.0
1490000	3.0
1500000	2.0
1510000	1.0
1520000	1.0
1530000	0.0
1540000	1.0
1550000	1.0
1560000	7.0
1570000	3.0
1580000	8.0
1590000	10.0
1600000	20.0
1610000	31.0
1620000	34.0
1630000	57.0
1640000	54.0
1650000	40.0
1660000	33.0
1670000	49.0
1680000	64.0
1690000	48.0
1700000	62.0
1710000	66.0
1720000	58.0
1730000	84.0
1740000	78.0
1750000	91.0
1760000	108.0
1770000	70.0
1780000	84.0
1790000	85.0
1800000	74.0
1810000	94.0
1820000	98.0
1830000	87.0
1840000	93.0
1850000	89.0
1860000	97.0
1870000	107.0
1880000	95.0
1890000	101.0
1900000	100.0
1910000	107.0
1920000	94.0
1930000	115.0
1940000	88.0
1950000	113.0
1960000	109.0
1970000	94.0
1980000	118.0
1990000	99.0
2000000	108.0
2010000	107.0
2020000	103.0
2030000	96.0
2040000	114.0
2050000	110.0
2060000	115.0
2070000	118.0
2080000	102.0
2090000	111.0
2100000	97.0
2110000	111.0
2120000	109.0
2130000	97.0
2140000	93.0
2150000	123.0
2160000	120.0
2170000	114.0
2180000	113.0
2190000	117.0
2200000	119.0
2210000	106.0
2220000	107.0
2230000	97.0
2240000	111.0
2250000	104.0
2260000	111.0
2270000	120.0
2280000	102.0
2290000	118.0
2300000	114.0
2310000	119.0
2320000	119.0
2330000	84.0
2340000	96.0
2350000	113.0
2360000	112.0
2370000	103.0
2380000	122.0
2390000	109.0
2400000	128.0
2410000	109.0
2420000	121.0
2430000	115.0
2440000	118.0
2450000	84.0
2460000	114.0
2470000	114.0
2480000	118.0
2490000	105.0
2500000	118.0
2510000	123.0
2520000	123.0
2530000	96.0
2540000	118.0
2550000	113.0
2560000	102.0
2570000	105.0
2580000	112.0
2590000	117.0
2600000	107.0
2610000	126.0
2620000	105.0
2630000	120.0
2640000	122.0
2650000	91.0
2660000	111.0
2670000	112.0
2680000	117.0
2690000	120.0
2700000	123.0
2710000	106.0
2720000	115.0
2730000	112.0
2740000	122.0
2750000	119.0
2760000	104.0
2770000	96.0
2780000	108.0
2790000	116.0
2800000	124.0
2810000	100.0
2820000	109.0
2830000	122.0
2840000	127.0
2850000	130.0
2860000	128.0
2870000	126.0
2880000	85.0
2890000	122.0
2900000	113.0
2910000	123.0
2920000	110.0
2930000	114.0
2940000	127.0
2950000	101.0
2960000	131.0
2970000	123.0
2980000	112.0
2990000	114.0
3000000	101.0
3010000	110.0
3020000	114.0
3030000	120.0
3040000	117.0
3050000	114.0
3060000	106.0
3070000	117.0
3080000	124.0
3090000	117.0
3100000	114.0
3110000	103.0
3120000	107.0
3130000	101.0
3140000	125.0
3150000	117.0
3160000	123.0
3170000	120.0
3180000	118.0
3190000	125.0
3200000	129.0
3210000	116.0
3220000	117.0
3230000	112.0
3240000	129.0
3250000	77.0
3260000	125.0
3270000	123.0
3280000	124.0
3290000	120.0
3300000	116.0
3310000	129.0
3320000	117.0
3330000	129.0
3340000	116.0
3350000	122.0
3360000	64.0
3370000	123.0
3380000	126.0
3390000	125.0
3400000	117.0
3410000	123.0
3420000	119.0
3430000	129.0
3440000	119.0
3450000	115.0
3460000	120.0
3470000	99.0
3480000	126.0
3490000	113.0
3500000	106.0
3510000	111.0
3520000	108.0
3530000	124.0
3540000	131.0
3550000	125.0
3560000	107.0
3570000	116.0
3580000	126.0
3590000	121.0
3600000	86.0
3610000	122.0
3620000	115.0
3630000	108.0
3640000	128.0
3650000	130.0
3660000	126.0
3670000	118.0
3680000	116.0
3690000	129.0
3700000	93.0
3710000	126.0
3720000	127.0
3730000	112.0
3740000	119.0
3750000	125.0
3760000	124.0
3770000	113.0
3780000	126.0
3790000	104.0
3800000	122.0
3810000	106.0
3820000	110.0
3830000	123.0
3840000	126.0
3850000	127.0
3860000	123.0
3870000	123.0
3880000	117.0
3890000	114.0
3900000	122.0
3910000	120.0
3920000	98.0
3930000	103.0
3940000	117.0
3950000	129.0
3960000	124.0
3970000	130.0
3980000	123.0
3990000	120.0
4000000	124.0
