10000	2.0
20000	0.0
30000	0.0
40000	3.0
50000	0.0
60000	0.0
70000	2.0
80000	3.0
90000	2.0
100000	1.0
110000	1.0
120000	0.0
130000	1.0
140000	3.0
150000	0.0
160000	0.0
170000	0.0
180000	3.0
190000	4.0
200000	1.0
210000	0.0
220000	2.0
230000	3.0
240000	2.0
250000	1.0
260000	1.0
270000	1.0
280000	2.0
290000	2.0
300000	2.0
310000	1.0
320000	1.0
330000	0.0
340000	1.0
350000	0.0
360000	1.0
370000	0.0
380000	1.0
390000	10.0
400000	4.0
410000	6.0
420000	9.0
430000	4.0
440000	16.0
450000	8.0
460000	16.0
470000	15.0
480000	13.0
490000	2.0
500000	2.0
510000	2.0
520000	1.0
530000	1.0
540000	0.0
550000	0.0
560000	2.0
570000	1.0
580000	2.0
590000	1.0
600000	3.0
610000	2.0
620000	1.0
630000	0.0
640000	1.0
650000	1.0
660000	0.0
670000	1.0
680000	0.0
690000	0.0
700000	3.0
710000	2.0
720000	4.0
730000	13.0
740000	7.0
750000	15.0
760000	16.0
770000	20.0
780000	17.0
790000	64.0
800000	51.0
810000	54.0
820000	42.0
830000	74.0
840000	44.0
850000	51.0
860000	51.0
870000	37.0
880000	44.0
890000	49.0
900000	55.0
910000	84.0
920000	70.0
930000	71.0
940000	80.0
950000	71.0
960000	53.0
970000	36.0
980000	93.0
990000	79.0
1000000	87.0
1010000	71.0
1020000	93.0
1030000	89.0
1040000	94.0
1050000	75.0
1060000	101.0
1070000	94.0
1080000	69.0
1090000	82.0
1100000	88.0
1110000	60.0
1120000	77.0
1130000	75.0
1140000	99.0
1150000	93.0
1160000	83.0
1170000	88.0
1180000	82.0
1190000	99.0
1200000	81.0
1210000	100.0
1220000	97.0
1230000	87.0
1240000	91.0
1250000	80.0
1260000	91.0
1270000	78.0
1280000	106.0
1290000	93.0
1300000	89.0
1310000	90.0
1320000	89.0
1330000	93.0
1340000	76.0
1350000	100.0
1360000	99.0
1370000	102.0
1380000	102.0
1390000	84.0
1400000	98.0
1410000	109.0
1420000	96.0
1430000	95.0
1440000	65.0
1450000	91.0
1460000	110.0
1470000	99.0
1480000	107.0
1490000	72.0
1500000	15.0
1510000	94.0
1520000	113.0
1530000	112.0
1540000	102.0
1550000	114.0
1560000	113.0
1570000	116.0
1580000	109.0
1590000	105.0
1600000	108.0
1610000	99.0
1620000	104.0
1630000	109.0
1640000	81.0
1650000	84.0
1660000	102.0
1670000	103.0
1680000	102.0
1690000	98.0
1700000	84.0
1710000	94.0
1720000	89.0
1730000	111.0
1740000	109.0
1750000	109.0
1760000	94.0
1770000	114.0
1780000	116.0
1790000	110.0
1800000	108.0
1810000	119.0
1820000	100.0
1830000	103.0
1840000	22.0
1850000	73.0
1860000	113.0
1870000	105.0
1880000	74.0
1890000	101.0
1900000	109.0
1910000	108.0
1920000	97.0
1930000	112.0
1940000	110.0
1950000	114.0
1960000	115.0
1970000	120.0
1980000	103.0
1990000	96.0
2000000	111.0
2010000	87.0
2020000	94.0
2030000	111.0
2040000	108.0
2050000	118.0
2060000	109.0
2070000	115.0
2080000	110.0
2090000	99.0
2100000	110.0
2110000	110.0
2120000	106.0
2130000	110.0
2140000	108.0
2150000	112.0
2160000	111.0
2170000	105.0
2180000	100.0
2190000	98.0
2200000	97.0
2210000	119.0
2220000	113.0
2230000	115.0
2240000	118.0
2250000	102.0
2260000	113.0
2270000	111.0
2280000	118.0
2290000	115.0
2300000	109.0
2310000	111.0
2320000	95.0
2330000	98.0
2340000	122.0
2350000	105.0
2360000	96.0
2370000	118.0
2380000	115.0
2390000	122.0
2400000	97.0
2410000	115.0
2420000	117.0
2430000	116.0
2440000	99.0
2450000	104.0
2460000	120.0
2470000	116.0
2480000	119.0
2490000	107.0
2500000	108.0
2510000	105.0
2520000	101.0
2530000	123.0
2540000	116.0
2550000	106.0
2560000	101.0
2570000	120.0
2580000	114.0
2590000	117.0
2600000	103.0
2610000	119.0
2620000	111.0
2630000	119.0
2640000	120.0
2650000	102.0
2660000	98.0
2670000	102.0
2680000	112.0
2690000	110.0
2700000	100.0
2710000	116.0
2720000	108.0
2730000	110.0
2740000	117.0
2750000	103.0
2760000	107.0
2770000	101.0
2780000	112.0
2790000	111.0
2800000	118.0
2810000	119.0
2820000	87.0
2830000	115.0
2840000	112.0
2850000	118.0
2860000	105.0
2870000	105.0
2880000	100.0
2890000	123.0
2900000	79.0
2910000	117.0
2920000	125.0
2930000	112.0
2940000	109.0
2950000	126.0
2960000	99.0
2970000	120.0
2980000	112.0
2990000	102.0
3000000	106.0
3010000	119.0
3020000	95.0
3030000	108.0
3040000	129.0
3050000	112.0
3060000	125.0
3070000	116.0
3080000	126.0
3090000	104.0
3100000	114.0
3110000	113.0
3120000	96.0
3130000	114.0
3140000	118.0
3150000	106.0
3160000	99.0
3170000	119.0
3180000	118.0
3190000	107.0
3200000	121.0
3210000	109.0
3220000	103.0
3230000	107.0
3240000	115.0
3250000	108.0
3260000	109.0
3270000	112.0
3280000	121.0
3290000	102.0
3300000	95.0
3310000	102.0
3320000	112.0
3330000	126.0
3340000	117.0
3350000	98.0
3360000	125.0
3370000	115.0
3380000	123.0
3390000	103.0
3400000	123.0
3410000	110.0
3420000	114.0
3430000	119.0
3440000	99.0
3450000	112.0
3460000	83.0
3470000	113.0
3480000	107.0
3490000	17.0
3500000	91.0
3510000	118.0
3520000	111.0
3530000	117.0
3540000	127.0
3550000	129.0
3560000	124.0
3570000	120.0
3580000	124.0
3590000	124.0
3600000	120.0
3610000	105.0
3620000	116.0
3630000	116.0
3640000	110.0
3650000	118.0
3660000	112.0
3670000	115.0
3680000	113.0
3690000	117.0
3700000	121.0
3710000	109.0
3720000	120.0
3730000	108.0
3740000	125.0
3750000	119.0
3760000	120.0
3770000	131.0
3780000	127.0
3790000	108.0
3800000	115.0
3810000	106.0
3820000	125.0
3830000	36.0
3840000	0.0
3850000	77.0
3860000	124.0
3870000	124.0
3880000	113.0
3890000	104.0
3900000	127.0
3910000	125.0
3920000	111.0
3930000	117.0
3940000	100.0
3950000	121.0
3960000	123.0
3970000	120.0
3980000	96.0
3990000	119.0
4000000	107.0
