10000	1.0
20000	0.0
30000	1.0
40000	3.0
50000	3.0
60000	0.0
70000	2.0
80000	1.0
90000	1.0
100000	1.0
110000	1.0
120000	1.0
130000	2.0
140000	0.0
150000	2.0
160000	2.0
170000	4.0
180000	1.0
190000	1.0
200000	1.0
210000	0.0
220000	3.0
230000	2.0
240000	2.0
250000	1.0
260000	0.0
270000	0.0
280000	1.0
290000	3.0
300000	6.0
310000	3.0
320000	8.0
330000	8.0
340000	9.0
350000	11.0
360000	2.0
370000	2.0
380000	2.0
390000	3.0
400000	1.0
410000	1.0
420000	1.0
430000	0.0
440000	1.0
450000	1.0
460000	0.0
470000	1.0
480000	1.0
490000	2.0
500000	3.0
510000	1.0
520000	5.0
530000	1.0
540000	6.0
550000	6.0
560000	3.0
570000	1.0
580000	1.0
590000	1.0
600000	0.0
610000	0.0
620000	0.0
630000	0.0
640000	2.0
650000	6.0
660000	3.0
670000	11.0
680000	15.0
690000	18.0
700000	20.0
710000	19.0
720000	22.0
730000	21.0
740000	25.0
750000	21.0
760000	2.0
770000	0.0
780000	3.0
790000	0.0
800000	1.0
810000	2.0
820000	3.0
830000	1.0
840000	1.0
850000	0.0
860000	0.0
870000	1.0
880000	5.0
890000	0.0
900000	2.0
910000	1.0
920000	1.0
930000	1.0
940000	1.0
950000	2.0
960000	1.0
970000	0.0
980000	1.0
990000	2.0
1000000	1.0
1010000	0.0
1020000	0.0
1030000	1.0
1040000	2.0
1050000	2.0
1060000	1.0
1070000	3.0
1080000	2.0
1090000	1.0
1100000	4.0
1110000	12.0
1120000	1.0
1130000	6.0
1140000	16.0
1150000	8.0
1160000	8.0
1170000	12.0
1180000	10.0
1190000	9.0
1200000	2.0
1210000	7.0
1220000	18.0
1230000	8.0
1240000	16.0
1250000	30.0
1260000	16.0
1270000	3.0
1280000	10.0
1290000	7.0
1300000	20.0
1310000	49.0
1320000	43.0
1330000	38.0
1340000	29.0
1350000	5.0
1360000	19.0
1370000	14.0
1380000	4.0
1390000	20.0
1400000	18.0
1410000	26.0
1420000	45.0
1430000	26.0
1440000	30.0
1450000	29.0
1460000	24.0
1470000	38.0
1480000	36.0
1490000	39.0
1500000	39.0
1510000	17.0
1520000	22.0
1530000	34.0
1540000	49.0
1550000	29.0
1560000	25.0
1570000	19.0
1580000	39.0
1590000	46.0
1600000	36.0
1610000	27.0
1620000	18.0
1630000	23.0
1640000	30.0
1650000	10.0
1660000	21.0
1670000	19.0
1680000	9.0
1690000	34.0
1700000	29.0
1710000	31.0
1720000	38.0
1730000	23.0
1740000	9.0
1750000	23.0
1760000	12.0
1770000	23.0
1780000	45.0
1790000	20.0
1800000	6.0
1810000	26.0
1820000	30.0
1830000	41.0
1840000	46.0
1850000	31.0
1860000	48.0
1870000	43.0
1880000	35.0
1890000	29.0
1900000	10.0
1910000	26.0
1920000	10.0
1930000	35.0
1940000	39.0
1950000	53.0
1960000	45.0
1970000	46.0
1980000	52.0
1990000	34.0
2000000	49.0
2010000	42.0
2020000	25.0
2030000	33.0
2040000	41.0
2050000	28.0
2060000	24.0
2070000	43.0
2080000	33.0
2090000	39.0
2100000	57.0
2110000	44.0
2120000	40.0
2130000	31.0
2140000	18.0
2150000	32.0
2160000	35.0
2170000	37.0
2180000	50.0
2190000	33.0
2200000	32.0
2210000	12.0
2220000	35.0
2230000	52.0
2240000	38.0
2250000	35.0
2260000	42.0
2270000	18.0
2280000	32.0
2290000	32.0
2300000	20.0
2310000	14.0
2320000	13.0
2330000	13.0
2340000	53.0
2350000	43.0
2360000	15.0
2370000	24.0
2380000	60.0
2390000	27.0
2400000	16.0
2410000	42.0
2420000	30.0
2430000	24.0
2440000	23.0
2450000	14.0
2460000	21.0
2470000	19.0
2480000	36.0
2490000	27.0
2500000	38.0
2510000	31.0
2520000	53.0
2530000	43.0
2540000	47.0
2550000	43.0
2560000	40.0
2570000	31.0
2580000	36.0
2590000	29.0
2600000	43.0
2610000	30.0
2620000	33.0
2630000	52.0
2640000	50.0
2650000	37.0
2660000	46.0
2670000	36.0
2680000	72.0
2690000	39.0
2700000	43.0
2710000	34.0
2720000	39.0
2730000	30.0
2740000	44.0
2750000	34.0
2760000	34.0
2770000	58.0
2780000	48.0
2790000	43.0
2800000	51.0
2810000	49.0
2820000	43.0
2830000	35.0
2840000	27.0
2850000	50.0
2860000	53.0
2870000	33.0
2880000	37.0
2890000	35.0
2900000	43.0
2910000	60.0
2920000	38.0
2930000	68.0
2940000	42.0
2950000	48.0
2960000	33.0
2970000	35.0
2980000	33.0
2990000	9.0
3000000	30.0
3010000	39.0
3020000	42.0
3030000	16.0
3040000	45.0
3050000	52.0
3060000	45.0
3070000	63.0
3080000	48.0
3090000	30.0
3100000	44.0
3110000	34.0
3120000	28.0
3130000	41.0
3140000	19.0
3150000	21.0
3160000	24.0
3170000	55.0
3180000	57.0
3190000	38.0
3200000	44.0
3210000	49.0
3220000	29.0
3230000	30.0
3240000	56.0
3250000	49.0
3260000	38.0
3270000	50.0
3280000	35.0
3290000	44.0
3300000	26.0
3310000	24.0
3320000	24.0
3330000	32.0
3340000	33.0
3350000	47.0
3360000	47.0
3370000	48.0
3380000	39.0
3390000	20.0
3400000	35.0
3410000	41.0
3420000	13.0
3430000	54.0
3440000	42.0
3450000	35.0
3460000	36.0
3470000	43.0
3480000	36.0
3490000	49.0
3500000	50.0
3510000	38.0
3520000	27.0
3530000	2.0
3540000	3.0
3550000	19.0
3560000	18.0
3570000	24.0
3580000	50.0
3590000	34.0
3600000	43.0
3610000	28.0
3620000	33.0
3630000	62.0
3640000	48.0
3650000	42.0
3660000	32.0
3670000	49.0
3680000	25.0
3690000	52.0
3700000	57.0
3710000	39.0
3720000	48.0
3730000	31.0
3740000	33.0
3750000	50.0
3760000	37.0
3770000	47.0
3780000	37.0
3790000	29.0
3800000	65.0
3810000	59.0
3820000	31.0
3830000	30.0
3840000	43.0
3850000	29.0
3860000	38.0
3870000	53.0
3880000	44.0
3890000	54.0
3900000	40.0
3910000	43.0
3920000	45.0
3930000	43.0
3940000	20.0
3950000	25.0
3960000	24.0
3970000	36.0
3980000	38.0
3990000	37.0
4000000	32.0
