10000	1.0
20000	2.0
30000	1.0
40000	2.0
50000	1.0
60000	2.0
70000	3.0
80000	2.0
90000	1.0
100000	1.0
110000	0.0
120000	3.0
130000	1.0
140000	1.0
150000	2.0
160000	2.0
170000	0.0
180000	1.0
190000	0.0
200000	0.0
210000	1.0
220000	2.0
230000	3.0
240000	2.0
250000	1.0
260000	0.0
270000	2.0
280000	3.0
290000	2.0
300000	1.0
310000	1.0
320000	2.0
330000	1.0
340000	2.0
350000	0.0
360000	1.0
370000	0.0
380000	3.0
390000	3.0
400000	6.0
410000	8.0
420000	6.0
430000	6.0
440000	8.0
450000	13.0
460000	16.0
470000	8.0
480000	2.0
490000	3.0
500000	0.0
510000	3.0
520000	3.0
530000	0.0
540000	0.0
550000	1.0
560000	2.0
570000	2.0
580000	3.0
590000	1.0
600000	1.0
610000	3.0
620000	1.0
630000	0.0
640000	2.0
650000	2.0
660000	2.0
670000	0.0
680000	0.0
690000	3.0
700000	3.0
710000	0.0
720000	0.0
730000	1.0
740000	4.0
750000	1.0
760000	1.0
770000	0.0
780000	3.0
790000	1.0
800000	0.0
810000	2.0
820000	2.0
830000	0.0
840000	1.0
850000	10.0
860000	18.0
870000	30.0
880000	49.0
890000	50.0
900000	48.0
910000	50.0
920000	60.0
930000	82.0
940000	79.0
950000	68.0
960000	90.0
970000	73.0
980000	84.0
990000	92.0
1000000	86.0
1010000	94.0
1020000	99.0
1030000	98.0
1040000	83.0
1050000	97.0
1060000	84.0
1070000	106.0
1080000	105.0
1090000	101.0
1100000	101.0
1110000	112.0
1120000	103.0
1130000	109.0
1140000	100.0
1150000	97.0
1160000	106.0
1170000	105.0
1180000	103.0
1190000	108.0
1200000	110.0
1210000	111.0
1220000	112.0
1230000	115.0
1240000	114.0
1250000	111.0
1260000	118.0
1270000	104.0
1280000	108.0
1290000	120.0
1300000	123.0
1310000	113.0
1320000	114.0
1330000	117.0
1340000	118.0
1350000	37.0
1360000	0.0
1370000	0.0
1380000	1.0
1390000	0.0
1400000	1.0
1410000	0.0
1420000	1.0
1430000	0.0
1440000	2.0
1450000	2.0
1460000	3.0
1470000	2.0
1480000	5.0
1490000	1.0
1500000	3.0
1510000	4.0
1520000	2.0
1530000	1.0
1540000	2.0
1550000	6.0
1560000	4.0
1570000	2.0
1580000	6.0
1590000	4.0
1600000	1.0
1610000	7.0
1620000	3.0
1630000	6.0
1640000	2.0
1650000	8.0
1660000	6.0
1670000	7.0
1680000	5.0
1690000	2.0
1700000	6.0
1710000	9.0
1720000	8.0
1730000	7.0
1740000	3.0
1750000	10.0
1760000	0.0
1770000	0.0
1780000	1.0
1790000	2.0
1800000	1.0
1810000	0.0
1820000	0.0
1830000	2.0
1840000	3.0
1850000	4.0
1860000	1.0
1870000	9.0
1880000	1.0
1890000	5.0
1900000	22.0
1910000	22.0
1920000	32.0
1930000	25.0
1940000	46.0
1950000	46.0
1960000	53.0
1970000	57.0
1980000	65.0
1990000	56.0
2000000	48.0
2010000	62.0
2020000	60.0
2030000	59.0
2040000	44.0
2050000	47.0
2060000	60.0
2070000	56.0
2080000	69.0
2090000	69.0
2100000	75.0
2110000	72.0
2120000	60.0
2130000	86.0
2140000	79.0
2150000	70.0
2160000	76.0
2170000	70.0
2180000	85.0
2190000	86.0
2200000	74.0
2210000	72.0
2220000	58.0
2230000	83.0
2240000	72.0
2250000	92.0
2260000	102.0
2270000	91.0
2280000	93.0
2290000	95.0
2300000	81.0
2310000	84.0
2320000	59.0
2330000	59.0
2340000	80.0
2350000	80.0
2360000	89.0
2370000	96.0
2380000	84.0
2390000	101.0
2400000	102.0
2410000	103.0
2420000	109.0
2430000	97.0
2440000	89.0
2450000	80.0
2460000	93.0
2470000	95.0
2480000	97.0
2490000	102.0
2500000	104.0
2510000	107.0
2520000	101.0
2530000	93.0
2540000	96.0
2550000	101.0
2560000	99.0
2570000	57.0
2580000	91.0
2590000	84.0
2600000	97.0
2610000	104.0
2620000	102.0
2630000	107.0
2640000	107.0
2650000	101.0
2660000	108.0
2670000	103.0
2680000	80.0
2690000	87.0
2700000	94.0
2710000	100.0
2720000	97.0
2730000	98.0
2740000	104.0
2750000	94.0
2760000	91.0
2770000	106.0
2780000	89.0
2790000	101.0
2800000	89.0
2810000	96.0
2820000	102.0
2830000	111.0
2840000	101.0
2850000	109.0
2860000	95.0
2870000	101.0
2880000	102.0
2890000	71.0
2900000	86.0
2910000	90.0
2920000	103.0
2930000	111.0
2940000	107.0
2950000	104.0
2960000	107.0
2970000	99.0
2980000	107.0
2990000	111.0
3000000	98.0
3010000	96.0
3020000	87.0
3030000	90.0
3040000	112.0
3050000	108.0
3060000	108.0
3070000	98.0
3080000	110.0
3090000	111.0
3100000	109.0
3110000	108.0
3120000	95.0
3130000	82.0
3140000	103.0
3150000	105.0
3160000	111.0
3170000	115.0
3180000	106.0
3190000	105.0
3200000	112.0
3210000	102.0
3220000	105.0
3230000	97.0
3240000	76.0
3250000	94.0
3260000	111.0
3270000	110.0
3280000	93.0
3290000	108.0
3300000	119.0
3310000	113.0
3320000	101.0
3330000	114.0
3340000	111.0
3350000	107.0
3360000	108.0
3370000	104.0
3380000	116.0
3390000	112.0
3400000	112.0
3410000	114.0
3420000	113.0
3430000	116.0
3440000	103.0
3450000	112.0
3460000	109.0
3470000	62.0
3480000	90.0
3490000	109.0
3500000	106.0
3510000	103.0
3520000	95.0
3530000	103.0
3540000	120.0
3550000	114.0
3560000	111.0
3570000	115.0
3580000	113.0
3590000	116.0
3600000	85.0
3610000	106.0
3620000	91.0
3630000	102.0
3640000	112.0
3650000	108.0
3660000	115.0
3670000	107.0
3680000	118.0
3690000	107.0
3700000	115.0
3710000	119.0
3720000	116.0
3730000	113.0
3740000	125.0
3750000	122.0
3760000	119.0
3770000	93.0
3780000	78.0
3790000	82.0
3800000	113.0
3810000	116.0
3820000	110.0
3830000	101.0
3840000	109.0
3850000	119.0
3860000	115.0
3870000	118.0
3880000	111.0
3890000	115.0
3900000	85.0
3910000	106.0
3920000	114.0
3930000	113.0
3940000	107.0
3950000	115.0
3960000	123.0
3970000	120.0
3980000	120.0
3990000	123.0
4000000	119.0
