10000	2.0
20000	2.0
30000	1.0
40000	2.0
50000	1.0
60000	1.0
70000	3.0
80000	3.0
90000	1.0
100000	0.0
110000	2.0
120000	1.0
130000	1.0
140000	1.0
150000	0.0
160000	2.0
170000	2.0
180000	1.0
190000	1.0
200000	1.0
210000	3.0
220000	1.0
230000	1.0
240000	0.0
250000	1.0
260000	0.0
270000	0.0
280000	0.0
290000	0.0
300000	0.0
310000	0.0
320000	1.0
330000	0.0
340000	3.0
350000	1.0
360000	2.0
370000	0.0
380000	0.0
390000	2.0
400000	2.0
410000	2.0
420000	2.0
430000	0.0
440000	2.0
450000	2.0
460000	3.0
470000	2.0
480000	4.0
490000	3.0
500000	7.0
510000	4.0
520000	2.0
530000	12.0
540000	5.0
550000	6.0
560000	9.0
570000	21.0
580000	8.0
590000	28.0
600000	21.0
610000	10.0
620000	28.0
630000	22.0
640000	18.0
650000	10.0
660000	29.0
670000	37.0
680000	36.0
690000	23.0
700000	31.0
710000	20.0
720000	21.0
730000	41.0
740000	38.0
750000	18.0
760000	36.0
770000	44.0
780000	31.0
790000	34.0
800000	29.0
810000	34.0
820000	50.0
830000	40.0
840000	42.0
850000	55.0
860000	48.0
870000	43.0
880000	31.0
890000	46.0
900000	70.0
910000	33.0
920000	64.0
930000	39.0
940000	51.0
950000	64.0
960000	46.0
970000	34.0
980000	49.0
990000	68.0
1000000	65.0
1010000	47.0
1020000	72.0
1030000	54.0
1040000	46.0
1050000	51.0
1060000	45.0
1070000	62.0
1080000	53.0
1090000	47.0
1100000	63.0
1110000	53.0
1120000	65.0
1130000	51.0
1140000	67.0
1150000	60.0
1160000	57.0
1170000	51.0
1180000	57.0
1190000	63.0
1200000	76.0
1210000	55.0
1220000	68.0
1230000	47.0
1240000	45.0
1250000	53.0
1260000	56.0
1270000	55.0
1280000	59.0
1290000	45.0
1300000	67.0
1310000	68.0
1320000	58.0
1330000	64.0
1340000	64.0
1350000	71.0
1360000	56.0
1370000	50.0
1380000	59.0
1390000	55.0
1400000	54.0
1410000	86.0
1420000	53.0
1430000	80.0
1440000	64.0
1450000	70.0
1460000	61.0
1470000	68.0
1480000	68.0
1490000	79.0
1500000	67.0
1510000	74.0
1520000	64.0
1530000	68.0
1540000	68.0
1550000	56.0
1560000	69.0
1570000	78.0
1580000	71.0
1590000	46.0
1600000	57.0
1610000	53.0
1620000	76.0
1630000	59.0
1640000	66.0
1650000	65.0
1660000	54.0
1670000	65.0
1680000	80.0
1690000	76.0
1700000	69.0
1710000	63.0
1720000	67.0
1730000	61.0
1740000	71.0
1750000	90.0
1760000	69.0
1770000	56.0
1780000	79.0
1790000	77.0
1800000	92.0
1810000	76.0
1820000	75.0
1830000	83.0
1840000	66.0
1850000	63.0
1860000	76.0
1870000	72.0
1880000	72.0
1890000	70.0
1900000	80.0
1910000	78.0
1920000	80.0
1930000	91.0
1940000	77.0
1950000	85.0
1960000	79.0
1970000	86.0
1980000	81.0
1990000	82.0
2000000	75.0
2010000	73.0
2020000	76.0
2030000	84.0
2040000	61.0
2050000	75.0
2060000	70.0
2070000	75.0
2080000	85.0
2090000	86.0
2100000	64.0
2110000	64.0
2120000	72.0
2130000	79.0
2140000	77.0
2150000	84.0
2160000	87.0
2170000	65.0
2180000	79.0
2190000	90.0
2200000	85.0
2210000	81.0
2220000	61.0
2230000	81.0
2240000	77.0
2250000	87.0
2260000	70.0
2270000	93.0
2280000	78.0
2290000	81.0
2300000	79.0
2310000	76.0
2320000	86.0
2330000	86.0
2340000	71.0
2350000	77.0
2360000	89.0
2370000	85.0
2380000	91.0
2390000	75.0
2400000	84.0
2410000	76.0
2420000	76.0
2430000	91.0
2440000	73.0
2450000	80.0
2460000	88.0
2470000	84.0
2480000	91.0
2490000	80.0
2500000	81.0
2510000	77.0
2520000	82.0
2530000	80.0
2540000	84.0
2550000	58.0
2560000	94.0
2570000	92.0
2580000	81.0
2590000	79.0
2600000	83.0
2610000	89.0
2620000	94.0
2630000	87.0
2640000	70.0
2650000	94.0
2660000	94.0
2670000	70.0
2680000	69.0
2690000	69.0
2700000	96.0
2710000	74.0
2720000	99.0
2730000	75.0
2740000	56.0
2750000	94.0
2760000	105.0
2770000	95.0
2780000	102.0
2790000	76.0
2800000	93.0
2810000	94.0
2820000	93.0
2830000	91.0
2840000	86.0
2850000	98.0
2860000	82.0
2870000	88.0
2880000	89.0
2890000	86.0
2900000	98.0
2910000	74.0
2920000	88.0
2930000	95.0
2940000	101.0
2950000	98.0
2960000	73.0
2970000	93.0
2980000	83.0
2990000	93.0
3000000	101.0
3010000	101.0
3020000	100.0
3030000	87.0
3040000	94.0
3050000	95.0
3060000	102.0
3070000	99.0
3080000	78.0
3090000	79.0
3100000	81.0
3110000	96.0
3120000	83.0
3130000	89.0
3140000	101.0
3150000	93.0
3160000	76.0
3170000	84.0
3180000	93.0
3190000	98.0
3200000	84.0
3210000	100.0
3220000	86.0
3230000	92.0
3240000	77.0
3250000	100.0
3260000	68.0
3270000	99.0
3280000	98.0
3290000	101.0
3300000	91.0
3310000	87.0
3320000	82.0
3330000	80.0
3340000	90.0
3350000	77.0
3360000	88.0
3370000	102.0
3380000	101.0
3390000	79.0
3400000	90.0
3410000	85.0
3420000	91.0
3430000	92.0
3440000	98.0
3450000	95.0
3460000	95.0
3470000	103.0
3480000	95.0
3490000	92.0
3500000	83.0
3510000	94.0
3520000	86.0
3530000	104.0
3540000	97.0
3550000	88.0
3560000	107.0
3570000	94.0
3580000	78.0
3590000	73.0
3600000	108.0
3610000	87.0
3620000	100.0
3630000	59.0
3640000	88.0
3650000	76.0
3660000	97.0
3670000	97.0
3680000	100.0
3690000	109.0
3700000	101.0
3710000	102.0
3720000	94.0
3730000	84.0
3740000	90.0
3750000	88.0
3760000	87.0
3770000	103.0
3780000	100.0
3790000	85.0
3800000	99.0
3810000	77.0
3820000	109.0
3830000	91.0
3840000	94.0
3850000	100.0
3860000	109.0
3870000	88.0
3880000	81.0
3890000	97.0
3900000	98.0
3910000	105.0
3920000	91.0
3930000	71.0
3940000	77.0
3950000	62.0
3960000	90.0
3970000	100.0
3980000	89.0
3990000	103.0
4000000	112.0
4010000	90.0
4020000	107.0
4030000	101.0
4040000	86.0
4050000	83.0
4060000	98.0
4070000	103.0
4080000	91.0
4090000	80.0
4100000	77.0
4110000	64.0
4120000	102.0
4130000	109.0
4140000	99.0
4150000	94.0
4160000	92.0
4170000	96.0
4180000	93.0
4190000	90.0
4200000	88.0
4210000	76.0
4220000	75.0
4230000	95.0
4240000	114.0
4250000	76.0
4260000	103.0
4270000	83.0
4280000	89.0
4290000	96.0
4300000	108.0
4310000	73.0
4320000	91.0
4330000	92.0
4340000	87.0
4350000	90.0
4360000	100.0
4370000	84.0
4380000	67.0
4390000	104.0
4400000	98.0
4410000	94.0
4420000	50.0
4430000	1.0
4440000	1.0
4450000	3.0
4460000	1.0
4470000	0.0
4480000	0.0
4490000	0.0
4500000	0.0
4510000	0.0
4520000	0.0
4530000	0.0
4540000	1.0
4550000	0.0
4560000	1.0
4570000	0.0
4580000	0.0
4590000	1.0
4600000	2.0
4610000	2.0
4620000	1.0
4630000	4.0
4640000	3.0
4650000	4.0
4660000	2.0
4670000	4.0
4680000	4.0
4690000	1.0
4700000	1.0
4710000	3.0
4720000	1.0
4730000	1.0
4740000	0.0
4750000	0.0
4760000	0.0
4770000	0.0
4780000	0.0
4790000	0.0
4800000	0.0
4810000	1.0
4820000	3.0
4830000	2.0
4840000	6.0
4850000	5.0
4860000	6.0
4870000	7.0
4880000	10.0
4890000	2.0
4900000	14.0
4910000	13.0
4920000	9.0
4930000	12.0
4940000	2.0
4950000	10.0
4960000	11.0
4970000	9.0
4980000	21.0
4990000	10.0
5000000	39.0
