10000	1.0
20000	1.0
30000	0.0
40000	1.0
50000	0.0
60000	0.0
70000	2.0
80000	2.0
90000	2.0
100000	2.0
110000	0.0
120000	3.0
130000	0.0
140000	1.0
150000	1.0
160000	1.0
170000	3.0
180000	2.0
190000	1.0
200000	2.0
210000	2.0
220000	1.0
230000	2.0
240000	0.0
250000	2.0
260000	0.0
270000	0.0
280000	1.0
290000	0.0
300000	1.0
310000	4.0
320000	0.0
330000	0.0
340000	1.0
350000	2.0
360000	0.0
370000	0.0
380000	0.0
390000	1.0
400000	2.0
410000	1.0
420000	1.0
430000	2.0
440000	3.0
450000	1.0
460000	2.0
470000	2.0
480000	1.0
490000	2.0
500000	2.0
510000	6.0
520000	12.0
530000	5.0
540000	11.0
550000	2.0
560000	6.0
570000	4.0
580000	8.0
590000	12.0
600000	17.0
610000	20.0
620000	26.0
630000	33.0
640000	36.0
650000	19.0
660000	38.0
670000	44.0
680000	36.0
690000	29.0
700000	26.0
710000	1.0
720000	0.0
730000	3.0
740000	2.0
750000	3.0
760000	2.0
770000	1.0
780000	1.0
790000	0.0
800000	0.0
810000	0.0
820000	0.0
830000	0.0
840000	1.0
850000	2.0
860000	3.0
870000	5.0
880000	1.0
890000	0.0
900000	0.0
910000	3.0
920000	13.0
930000	9.0
940000	1.0
950000	1.0
960000	0.0
970000	1.0
980000	3.0
990000	0.0
1000000	3.0
1010000	2.0
1020000	2.0
1030000	0.0
1040000	0.0
1050000	0.0
1060000	0.0
1070000	0.0
1080000	0.0
1090000	4.0
1100000	3.0
1110000	2.0
1120000	1.0
1130000	3.0
1140000	4.0
1150000	2.0
1160000	2.0
1170000	3.0
1180000	2.0
1190000	2.0
1200000	2.0
1210000	2.0
1220000	0.0
1230000	2.0
1240000	1.0
1250000	3.0
1260000	2.0
1270000	1.0
1280000	0.0
1290000	2.0
1300000	1.0
1310000	0.0
1320000	1.0
1330000	2.0
1340000	0.0
1350000	0.0
1360000	0.0
1370000	0.0
1380000	0.0
1390000	0.0
1400000	1.0
1410000	0.0
1420000	0.0
1430000	1.0
1440000	0.0
1450000	0.0
1460000	0.0
1470000	3.0
1480000	2.0
1490000	2.0
1500000	4.0
1510000	3.0
1520000	2.0
1530000	6.0
1540000	3.0
1550000	13.0
1560000	17.0
1570000	10.0
1580000	16.0
1590000	14.0
1600000	18.0
1610000	11.0
1620000	24.0
1630000	18.0
1640000	25.0
1650000	34.0
1660000	22.0
1670000	19.0
1680000	7.0
1690000	36.0
1700000	24.0
1710000	26.0
1720000	26.0
1730000	50.0
1740000	29.0
1750000	42.0
1760000	37.0
1770000	36.0
1780000	41.0
1790000	44.0
1800000	31.0
1810000	41.0
1820000	44.0
1830000	36.0
1840000	40.0
1850000	41.0
1860000	47.0
1870000	31.0
1880000	48.0
1890000	53.0
1900000	39.0
1910000	41.0
1920000	43.0
1930000	41.0
1940000	34.0
1950000	53.0
1960000	63.0
1970000	72.0
1980000	45.0
1990000	47.0
2000000	52.0
2010000	55.0
2020000	48.0
2030000	66.0
2040000	52.0
2050000	68.0
2060000	62.0
2070000	58.0
2080000	50.0
2090000	48.0
2100000	61.0
2110000	57.0
2120000	61.0
2130000	65.0
2140000	59.0
2150000	56.0
2160000	53.0
2170000	76.0
2180000	59.0
2190000	47.0
2200000	67.0
2210000	64.0
2220000	73.0
2230000	64.0
2240000	71.0
2250000	55.0
2260000	70.0
2270000	58.0
2280000	53.0
2290000	79.0
2300000	57.0
2310000	60.0
2320000	62.0
2330000	69.0
2340000	63.0
2350000	71.0
2360000	56.0
2370000	60.0
2380000	56.0
2390000	51.0
2400000	74.0
2410000	70.0
2420000	64.0
2430000	78.0
2440000	71.0
2450000	59.0
2460000	77.0
2470000	68.0
2480000	64.0
2490000	68.0
2500000	76.0
2510000	67.0
2520000	65.0
2530000	64.0
2540000	85.0
2550000	64.0
2560000	52.0
2570000	74.0
2580000	81.0
2590000	61.0
2600000	79.0
2610000	59.0
2620000	65.0
2630000	60.0
2640000	54.0
2650000	58.0
2660000	68.0
2670000	80.0
2680000	77.0
2690000	69.0
2700000	81.0
2710000	61.0
2720000	74.0
2730000	64.0
2740000	72.0
2750000	86.0
2760000	71.0
2770000	77.0
2780000	86.0
2790000	67.0
2800000	70.0
2810000	65.0
2820000	65.0
2830000	76.0
2840000	71.0
2850000	70.0
2860000	80.0
2870000	84.0
2880000	73.0
2890000	75.0
2900000	74.0
2910000	93.0
2920000	88.0
2930000	71.0
2940000	79.0
2950000	85.0
2960000	64.0
2970000	77.0
2980000	75.0
2990000	75.0
3000000	76.0
3010000	76.0
3020000	69.0
3030000	67.0
3040000	67.0
3050000	79.0
3060000	87.0
3070000	77.0
3080000	87.0
3090000	69.0
3100000	74.0
3110000	68.0
3120000	81.0
3130000	86.0
3140000	86.0
3150000	84.0
3160000	96.0
3170000	71.0
3180000	85.0
3190000	73.0
3200000	72.0
3210000	59.0
3220000	74.0
3230000	82.0
3240000	80.0
3250000	44.0
3260000	80.0
3270000	70.0
3280000	78.0
3290000	86.0
3300000	87.0
3310000	96.0
3320000	62.0
3330000	92.0
3340000	57.0
3350000	67.0
3360000	86.0
3370000	72.0
3380000	80.0
3390000	78.0
3400000	65.0
3410000	89.0
3420000	78.0
3430000	79.0
3440000	92.0
3450000	85.0
3460000	86.0
3470000	56.0
3480000	56.0
3490000	63.0
3500000	60.0
3510000	84.0
3520000	74.0
3530000	68.0
3540000	70.0
3550000	82.0
3560000	75.0
3570000	90.0
3580000	84.0
3590000	76.0
3600000	50.0
3610000	86.0
3620000	92.0
3630000	88.0
3640000	74.0
3650000	75.0
3660000	81.0
3670000	90.0
3680000	82.0
3690000	84.0
3700000	59.0
3710000	59.0
3720000	77.0
3730000	81.0
3740000	84.0
3750000	78.0
3760000	81.0
3770000	62.0
3780000	86.0
3790000	91.0
3800000	80.0
3810000	81.0
3820000	92.0
3830000	84.0
3840000	100.0
3850000	72.0
3860000	81.0
3870000	77.0
3880000	70.0
3890000	75.0
3900000	65.0
3910000	72.0
3920000	90.0
3930000	86.0
3940000	49.0
3950000	82.0
3960000	88.0
3970000	95.0
3980000	94.0
3990000	72.0
4000000	87.0
4010000	79.0
4020000	94.0
4030000	85.0
4040000	76.0
4050000	86.0
4060000	84.0
4070000	87.0
4080000	81.0
4090000	91.0
4100000	87.0
4110000	69.0
4120000	69.0
4130000	88.0
4140000	80.0
4150000	69.0
4160000	87.0
4170000	75.0
4180000	86.0
4190000	82.0
4200000	93.0
4210000	89.0
4220000	93.0
4230000	85.0
4240000	91.0
4250000	81.0
4260000	96.0
4270000	77.0
4280000	76.0
4290000	75.0
4300000	81.0
4310000	74.0
4320000	81.0
4330000	97.0
4340000	80.0
4350000	71.0
4360000	79.0
4370000	95.0
4380000	91.0
4390000	85.0
4400000	95.0
4410000	82.0
4420000	97.0
4430000	70.0
4440000	94.0
4450000	82.0
4460000	87.0
4470000	75.0
4480000	91.0
4490000	83.0
4500000	83.0
4510000	86.0
4520000	68.0
4530000	85.0
4540000	86.0
4550000	82.0
4560000	69.0
4570000	91.0
4580000	90.0
4590000	88.0
4600000	94.0
4610000	90.0
4620000	83.0
4630000	91.0
4640000	99.0
4650000	84.0
4660000	90.0
4670000	92.0
4680000	89.0
4690000	90.0
4700000	84.0
4710000	88.0
4720000	73.0
4730000	87.0
4740000	92.0
4750000	101.0
4760000	93.0
4770000	96.0
4780000	77.0
4790000	90.0
4800000	76.0
4810000	71.0
4820000	99.0
4830000	89.0
4840000	84.0
4850000	65.0
4860000	56.0
4870000	90.0
4880000	83.0
4890000	70.0
4900000	97.0
4910000	88.0
4920000	98.0
4930000	88.0
4940000	81.0
4950000	76.0
4960000	89.0
4970000	82.0
4980000	84.0
4990000	81.0
5000000	92.0
