10000	2.0
20000	2.0
30000	0.0
40000	1.0
50000	1.0
60000	3.0
70000	1.0
80000	3.0
90000	0.0
100000	1.0
110000	3.0
120000	3.0
130000	2.0
140000	2.0
150000	0.0
160000	3.0
170000	3.0
180000	1.0
190000	2.0
200000	1.0
210000	0.0
220000	1.0
230000	1.0
240000	1.0
250000	0.0
260000	2.0
270000	2.0
280000	1.0
290000	1.0
300000	1.0
310000	1.0
320000	3.0
330000	2.0
340000	1.0
350000	2.0
360000	2.0
370000	0.0
380000	0.0
390000	1.0
400000	2.0
410000	1.0
420000	1.0
430000	6.0
440000	4.0
450000	2.0
460000	2.0
470000	0.0
480000	6.0
490000	5.0
500000	2.0
510000	3.0
520000	5.0
530000	7.0
540000	3.0
550000	5.0
560000	31.0
570000	10.0
580000	10.0
590000	12.0
600000	14.0
610000	11.0
620000	23.0
630000	25.0
640000	19.0
650000	23.0
660000	47.0
670000	36.0
680000	29.0
690000	31.0
700000	32.0
710000	34.0
720000	46.0
730000	31.0
740000	28.0
750000	32.0
760000	31.0
770000	32.0
780000	47.0
790000	32.0
800000	38.0
810000	20.0
820000	30.0
830000	45.0
840000	39.0
850000	37.0
860000	43.0
870000	49.0
880000	64.0
890000	48.0
900000	46.0
910000	51.0
920000	44.0
930000	62.0
940000	49.0
950000	48.0
960000	39.0
970000	54.0
980000	65.0
990000	25.0
1000000	39.0
1010000	52.0
1020000	33.0
1030000	19.0
1040000	50.0
1050000	61.0
1060000	62.0
1070000	41.0
1080000	44.0
1090000	37.0
1100000	54.0
1110000	46.0
1120000	70.0
1130000	58.0
1140000	50.0
1150000	73.0
1160000	44.0
1170000	65.0
1180000	51.0
1190000	63.0
1200000	66.0
1210000	47.0
1220000	63.0
1230000	71.0
1240000	44.0
1250000	48.0
1260000	55.0
1270000	56.0
1280000	51.0
1290000	45.0
1300000	70.0
1310000	66.0
1320000	63.0
1330000	50.0
1340000	59.0
1350000	77.0
1360000	67.0
1370000	67.0
1380000	73.0
1390000	63.0
1400000	57.0
1410000	69.0
1420000	59.0
1430000	69.0
1440000	72.0
1450000	74.0
1460000	62.0
1470000	67.0
1480000	67.0
1490000	77.0
1500000	64.0
1510000	80.0
1520000	63.0
1530000	63.0
1540000	66.0
1550000	64.0
1560000	50.0
1570000	67.0
1580000	78.0
1590000	71.0
1600000	69.0
1610000	51.0
1620000	66.0
1630000	49.0
1640000	41.0
1650000	79.0
1660000	72.0
1670000	77.0
1680000	60.0
1690000	78.0
1700000	82.0
1710000	63.0
1720000	65.0
1730000	66.0
1740000	33.0
1750000	69.0
1760000	79.0
1770000	81.0
1780000	89.0
1790000	64.0
1800000	84.0
1810000	84.0
1820000	90.0
1830000	69.0
1840000	61.0
1850000	66.0
1860000	72.0
1870000	71.0
1880000	76.0
1890000	82.0
1900000	90.0
1910000	70.0
1920000	69.0
1930000	86.0
1940000	80.0
1950000	86.0
1960000	74.0
1970000	84.0
1980000	83.0
1990000	75.0
2000000	71.0
2010000	65.0
2020000	65.0
2030000	76.0
2040000	70.0
2050000	73.0
2060000	70.0
2070000	79.0
2080000	73.0
2090000	80.0
2100000	69.0
2110000	67.0
2120000	74.0
2130000	96.0
2140000	82.0
2150000	92.0
2160000	73.0
2170000	48.0
2180000	57.0
2190000	79.0
2200000	73.0
2210000	57.0
2220000	79.0
2230000	100.0
2240000	95.0
2250000	76.0
2260000	81.0
2270000	88.0
2280000	83.0
2290000	73.0
2300000	74.0
2310000	94.0
2320000	88.0
2330000	86.0
2340000	76.0
2350000	94.0
2360000	95.0
2370000	65.0
2380000	82.0
2390000	56.0
2400000	73.0
2410000	72.0
2420000	75.0
2430000	75.0
2440000	73.0
2450000	96.0
2460000	64.0
2470000	78.0
2480000	93.0
2490000	75.0
2500000	99.0
2510000	81.0
2520000	89.0
2530000	91.0
2540000	97.0
2550000	83.0
2560000	90.0
2570000	87.0
2580000	86.0
2590000	84.0
2600000	77.0
2610000	78.0
2620000	79.0
2630000	75.0
2640000	92.0
2650000	74.0
2660000	84.0
2670000	87.0
2680000	73.0
2690000	81.0
2700000	83.0
2710000	87.0
2720000	80.0
2730000	86.0
2740000	77.0
2750000	80.0
2760000	86.0
2770000	89.0
2780000	82.0
2790000	84.0
2800000	87.0
2810000	93.0
2820000	90.0
2830000	73.0
2840000	97.0
2850000	87.0
2860000	92.0
2870000	98.0
2880000	96.0
2890000	92.0
2900000	69.0
2910000	88.0
2920000	90.0
2930000	76.0
2940000	89.0
2950000	72.0
2960000	74.0
2970000	91.0
2980000	105.0
2990000	92.0
3000000	88.0
3010000	90.0
3020000	90.0
3030000	80.0
3040000	83.0
3050000	82.0
3060000	94.0
3070000	93.0
3080000	90.0
3090000	97.0
3100000	95.0
3110000	78.0
3120000	87.0
3130000	80.0
3140000	87.0
3150000	67.0
3160000	92.0
3170000	105.0
3180000	87.0
3190000	91.0
3200000	86.0
3210000	94.0
3220000	85.0
3230000	81.0
3240000	100.0
3250000	86.0
3260000	91.0
3270000	90.0
3280000	83.0
3290000	80.0
3300000	102.0
3310000	93.0
3320000	89.0
3330000	83.0
3340000	81.0
3350000	100.0
3360000	101.0
3370000	101.0
3380000	102.0
3390000	89.0
3400000	93.0
3410000	89.0
3420000	104.0
3430000	93.0
3440000	101.0
3450000	80.0
3460000	101.0
3470000	89.0
3480000	75.0
3490000	102.0
3500000	79.0
3510000	68.0
3520000	88.0
3530000	94.0
3540000	103.0
3550000	80.0
3560000	89.0
3570000	79.0
3580000	88.0
3590000	92.0
3600000	101.0
3610000	69.0
3620000	96.0
3630000	97.0
3640000	99.0
3650000	86.0
3660000	82.0
3670000	97.0
3680000	101.0
3690000	85.0
3700000	92.0
3710000	92.0
3720000	87.0
3730000	99.0
3740000	84.0
3750000	94.0
3760000	84.0
3770000	85.0
3780000	73.0
3790000	101.0
3800000	90.0
3810000	83.0
3820000	101.0
3830000	85.0
3840000	85.0
3850000	92.0
3860000	86.0
3870000	81.0
3880000	76.0
3890000	80.0
3900000	82.0
3910000	85.0
3920000	100.0
3930000	98.0
3940000	91.0
3950000	91.0
3960000	92.0
3970000	89.0
3980000	78.0
3990000	85.0
4000000	94.0
4010000	82.0
4020000	94.0
4030000	98.0
4040000	92.0
4050000	73.0
4060000	92.0
4070000	101.0
4080000	99.0
4090000	91.0
4100000	98.0
4110000	89.0
4120000	85.0
4130000	89.0
4140000	105.0
4150000	98.0
4160000	97.0
4170000	98.0
4180000	77.0
4190000	80.0
4200000	85.0
4210000	83.0
4220000	96.0
4230000	86.0
4240000	97.0
4250000	85.0
4260000	88.0
4270000	91.0
4280000	95.0
4290000	93.0
4300000	90.0
4310000	94.0
4320000	100.0
4330000	86.0
4340000	70.0
4350000	100.0
4360000	108.0
4370000	92.0
4380000	95.0
4390000	90.0
4400000	96.0
4410000	93.0
4420000	96.0
4430000	103.0
4440000	99.0
4450000	95.0
4460000	100.0
4470000	103.0
4480000	84.0
4490000	93.0
4500000	89.0
4510000	88.0
4520000	88.0
4530000	104.0
4540000	91.0
4550000	91.0
4560000	100.0
4570000	93.0
4580000	104.0
4590000	97.0
4600000	96.0
4610000	84.0
4620000	108.0
4630000	93.0
4640000	85.0
4650000	72.0
4660000	74.0
4670000	99.0
4680000	94.0
4690000	97.0
4700000	92.0
4710000	93.0
4720000	105.0
4730000	102.0
4740000	104.0
4750000	89.0
4760000	107.0
4770000	96.0
4780000	97.0
4790000	99.0
4800000	92.0
4810000	100.0
4820000	99.0
4830000	85.0
4840000	91.0
4850000	91.0
4860000	87.0
4870000	101.0
4880000	110.0
4890000	106.0
4900000	102.0
4910000	110.0
4920000	91.0
4930000	96.0
4940000	88.0
4950000	64.0
4960000	71.0
4970000	86.0
4980000	83.0
4990000	87.0
5000000	105.0
