10000	1.0
20000	1.0
30000	1.0
40000	1.0
50000	2.0
60000	1.0
70000	1.0
80000	0.0
90000	2.0
100000	2.0
110000	1.0
120000	2.0
130000	1.0
140000	3.0
150000	1.0
160000	3.0
170000	1.0
180000	1.0
190000	2.0
200000	1.0
210000	1.0
220000	1.0
230000	1.0
240000	2.0
250000	3.0
260000	2.0
270000	1.0
280000	0.0
290000	0.0
300000	0.0
310000	0.0
320000	0.0
330000	2.0
340000	2.0
350000	2.0
360000	1.0
370000	1.0
380000	0.0
390000	2.0
400000	1.0
410000	1.0
420000	1.0
430000	1.0
440000	3.0
450000	3.0
460000	1.0
470000	2.0
480000	1.0
490000	0.0
500000	1.0
510000	0.0
520000	2.0
530000	3.0
540000	0.0
550000	2.0
560000	2.0
570000	4.0
580000	2.0
590000	1.0
600000	1.0
610000	0.0
620000	0.0
630000	0.0
640000	0.0
650000	1.0
660000	1.0
670000	2.0
680000	3.0
690000	2.0
700000	1.0
710000	2.0
720000	3.0
730000	4.0
740000	1.0
750000	2.0
760000	5.0
770000	5.0
780000	6.0
790000	6.0
800000	10.0
810000	5.0
820000	0.0
830000	1.0
840000	1.0
850000	2.0
860000	0.0
870000	1.0
880000	0.0
890000	0.0
900000	0.0
910000	0.0
920000	0.0
930000	0.0
940000	0.0
950000	0.0
960000	1.0
970000	0.0
980000	2.0
990000	2.0
1000000	0.0
1010000	1.0
1020000	1.0
1030000	2.0
1040000	2.0
1050000	2.0
1060000	0.0
1070000	0.0
1080000	1.0
1090000	1.0
1100000	0.0
1110000	1.0
1120000	1.0
1130000	0.0
1140000	0.0
1150000	1.0
1160000	0.0
1170000	0.0
1180000	0.0
1190000	1.0
1200000	0.0
1210000	0.0
1220000	1.0
1230000	3.0
1240000	1.0
1250000	0.0
1260000	1.0
1270000	1.0
1280000	1.0
1290000	1.0
1300000	0.0
1310000	4.0
1320000	3.0
1330000	7.0
1340000	4.0
1350000	10.0
1360000	21.0
1370000	21.0
1380000	6.0
1390000	14.0
1400000	26.0
1410000	4.0
1420000	25.0
1430000	18.0
1440000	19.0
1450000	28.0
1460000	12.0
1470000	31.0
1480000	47.0
1490000	20.0
1500000	34.0
1510000	0.0
1520000	0.0
1530000	3.0
1540000	1.0
1550000	1.0
1560000	0.0
1570000	0.0
1580000	0.0
1590000	0.0
1600000	0.0
1610000	1.0
1620000	0.0
1630000	1.0
1640000	1.0
1650000	0.0
1660000	2.0
1670000	0.0
1680000	0.0
1690000	1.0
1700000	1.0
1710000	3.0
1720000	3.0
1730000	3.0
1740000	1.0
1750000	0.0
1760000	0.0
1770000	0.0
1780000	0.0
1790000	0.0
1800000	0.0
1810000	0.0
1820000	1.0
1830000	1.0
1840000	1.0
1850000	1.0
1860000	0.0
1870000	1.0
1880000	2.0
1890000	0.0
1900000	3.0
1910000	1.0
1920000	1.0
1930000	1.0
1940000	2.0
1950000	2.0
1960000	2.0
1970000	3.0
1980000	3.0
1990000	1.0
2000000	0.0
2010000	0.0
2020000	0.0
2030000	0.0
2040000	0.0
2050000	0.0
2060000	0.0
2070000	1.0
2080000	0.0
2090000	0.0
2100000	0.0
2110000	1.0
2120000	2.0
2130000	2.0
2140000	0.0
2150000	2.0
2160000	0.0
2170000	1.0
2180000	2.0
2190000	6.0
2200000	2.0
2210000	7.0
2220000	5.0
2230000	1.0
2240000	3.0
2250000	10.0
2260000	7.0
2270000	2.0
2280000	7.0
2290000	3.0
2300000	18.0
2310000	10.0
2320000	9.0
2330000	12.0
2340000	11.0
2350000	15.0
2360000	25.0
2370000	11.0
2380000	22.0
2390000	32.0
2400000	29.0
2410000	28.0
2420000	31.0
2430000	16.0
2440000	23.0
2450000	46.0
2460000	39.0
2470000	36.0
2480000	37.0
2490000	23.0
2500000	24.0
2510000	33.0
2520000	22.0
2530000	15.0
2540000	9.0
2550000	18.0
2560000	19.0
2570000	15.0
2580000	11.0
2590000	14.0
2600000	21.0
2610000	17.0
2620000	27.0
2630000	29.0
2640000	41.0
2650000	24.0
2660000	25.0
2670000	45.0
2680000	44.0
2690000	56.0
2700000	47.0
2710000	55.0
2720000	40.0
2730000	48.0
2740000	30.0
2750000	30.0
2760000	49.0
2770000	48.0
2780000	42.0
2790000	37.0
2800000	37.0
2810000	42.0
2820000	47.0
2830000	45.0
2840000	47.0
2850000	42.0
2860000	28.0
2870000	56.0
2880000	57.0
2890000	32.0
2900000	34.0
2910000	46.0
2920000	63.0
2930000	50.0
2940000	51.0
2950000	26.0
2960000	59.0
2970000	50.0
2980000	41.0
2990000	64.0
3000000	38.0
3010000	41.0
3020000	60.0
3030000	60.0
3040000	60.0
3050000	40.0
3060000	51.0
3070000	45.0
3080000	64.0
3090000	71.0
3100000	50.0
3110000	37.0
3120000	40.0
3130000	47.0
3140000	59.0
3150000	51.0
3160000	35.0
3170000	45.0
3180000	54.0
3190000	56.0
3200000	54.0
3210000	48.0
3220000	60.0
3230000	56.0
3240000	55.0
3250000	63.0
3260000	64.0
3270000	49.0
3280000	45.0
3290000	48.0
3300000	39.0
3310000	56.0
3320000	39.0
3330000	54.0
3340000	41.0
3350000	39.0
3360000	49.0
3370000	50.0
3380000	60.0
3390000	57.0
3400000	58.0
3410000	53.0
3420000	54.0
3430000	59.0
3440000	50.0
3450000	53.0
3460000	73.0
3470000	53.0
3480000	51.0
3490000	71.0
3500000	72.0
3510000	68.0
3520000	58.0
3530000	38.0
3540000	63.0
3550000	44.0
3560000	50.0
3570000	62.0
3580000	66.0
3590000	48.0
3600000	59.0
3610000	52.0
3620000	57.0
3630000	62.0
3640000	70.0
3650000	53.0
3660000	68.0
3670000	72.0
3680000	63.0
3690000	73.0
3700000	61.0
3710000	55.0
3720000	42.0
3730000	49.0
3740000	65.0
3750000	56.0
3760000	68.0
3770000	67.0
3780000	76.0
3790000	50.0
3800000	61.0
3810000	76.0
3820000	70.0
3830000	60.0
3840000	75.0
3850000	67.0
3860000	63.0
3870000	53.0
3880000	70.0
3890000	71.0
3900000	75.0
3910000	73.0
3920000	65.0
3930000	69.0
3940000	53.0
3950000	66.0
3960000	79.0
3970000	53.0
3980000	47.0
3990000	70.0
4000000	55.0
4010000	45.0
4020000	64.0
4030000	60.0
4040000	72.0
4050000	55.0
4060000	58.0
4070000	59.0
4080000	42.0
4090000	76.0
4100000	70.0
4110000	60.0
4120000	60.0
4130000	40.0
4140000	52.0
4150000	66.0
4160000	43.0
4170000	51.0
4180000	62.0
4190000	45.0
4200000	58.0
4210000	57.0
4220000	67.0
4230000	71.0
4240000	75.0
4250000	45.0
4260000	61.0
4270000	57.0
4280000	32.0
4290000	62.0
4300000	67.0
4310000	73.0
4320000	67.0
4330000	80.0
4340000	73.0
4350000	52.0
4360000	52.0
4370000	72.0
4380000	52.0
4390000	52.0
4400000	46.0
4410000	56.0
4420000	46.0
4430000	44.0
4440000	67.0
4450000	80.0
4460000	65.0
4470000	67.0
4480000	50.0
4490000	25.0
4500000	69.0
4510000	63.0
4520000	75.0
4530000	65.0
4540000	46.0
4550000	62.0
4560000	77.0
4570000	77.0
4580000	43.0
4590000	61.0
4600000	79.0
4610000	57.0
4620000	71.0
4630000	68.0
4640000	65.0
4650000	59.0
4660000	73.0
4670000	71.0
4680000	78.0
4690000	73.0
4700000	65.0
4710000	62.0
4720000	85.0
4730000	60.0
4740000	66.0
4750000	37.0
4760000	59.0
4770000	54.0
4780000	64.0
4790000	56.0
4800000	63.0
4810000	66.0
4820000	59.0
4830000	74.0
4840000	51.0
4850000	61.0
4860000	45.0
4870000	56.0
4880000	73.0
4890000	66.0
4900000	72.0
4910000	65.0
4920000	56.0
4930000	81.0
4940000	72.0
4950000	86.0
4960000	78.0
4970000	66.0
4980000	52.0
4990000	59.0
5000000	62.0
