10000	2.0
20000	1.0
30000	3.0
40000	3.0
50000	2.0
60000	1.0
70000	1.0
80000	1.0
90000	2.0
100000	2.0
110000	2.0
120000	1.0
130000	2.0
140000	2.0
150000	2.0
160000	2.0
170000	1.0
180000	3.0
190000	1.0
200000	3.0
210000	2.0
220000	1.0
230000	2.0
240000	0.0
250000	1.0
260000	0.0
270000	0.0
280000	0.0
290000	0.0
300000	0.0
310000	0.0
320000	0.0
330000	0.0
340000	0.0
350000	0.0
360000	1.0
370000	0.0
380000	0.0
390000	0.0
400000	1.0
410000	1.0
420000	1.0
430000	0.0
440000	0.0
450000	0.0
460000	0.0
470000	0.0
480000	0.0
490000	0.0
500000	0.0
510000	0.0
520000	0.0
530000	0.0
540000	1.0
550000	2.0
560000	2.0
570000	1.0
580000	3.0
590000	2.0
600000	3.0
610000	1.0
620000	3.0
630000	0.0
640000	1.0
650000	3.0
660000	1.0
670000	0.0
680000	2.0
690000	0.0
700000	1.0
710000	0.0
720000	0.0
730000	0.0
740000	0.0
750000	0.0
760000	0.0
770000	0.0
780000	0.0
790000	1.0
800000	0.0
810000	0.0
820000	1.0
830000	2.0
840000	0.0
850000	1.0
860000	1.0
870000	0.0
880000	3.0
890000	0.0
900000	2.0
910000	2.0
920000	2.0
930000	1.0
940000	0.0
950000	0.0
960000	3.0
970000	1.0
980000	2.0
990000	1.0
1000000	0.0
1010000	0.0
1020000	0.0
1030000	0.0
1040000	0.0
1050000	0.0
1060000	1.0
1070000	1.0
1080000	2.0
1090000	1.0
1100000	0.0
1110000	1.0
1120000	0.0
1130000	2.0
1140000	1.0
1150000	5.0
1160000	4.0
1170000	4.0
1180000	5.0
1190000	14.0
1200000	6.0
1210000	14.0
1220000	14.0
1230000	8.0
1240000	8.0
1250000	16.0
1260000	4.0
1270000	15.0
1280000	3.0
1290000	5.0
1300000	19.0
1310000	21.0
1320000	5.0
1330000	22.0
1340000	37.0
1350000	25.0
1360000	32.0
1370000	26.0
1380000	30.0
1390000	32.0
1400000	12.0
1410000	29.0
1420000	39.0
1430000	55.0
1440000	54.0
1450000	29.0
1460000	43.0
1470000	33.0
1480000	32.0
1490000	41.0
1500000	39.0
1510000	69.0
1520000	62.0
1530000	62.0
1540000	55.0
1550000	51.0
1560000	66.0
1570000	68.0
1580000	64.0
1590000	56.0
1600000	63.0
1610000	68.0
1620000	71.0
1630000	64.0
1640000	68.0
1650000	59.0
1660000	52.0
1670000	67.0
1680000	53.0
1690000	35.0
1700000	59.0
1710000	58.0
1720000	29.0
1730000	54.0
1740000	53.0
1750000	68.0
1760000	56.0
1770000	61.0
1780000	74.0
1790000	63.0
1800000	80.0
1810000	54.0
1820000	68.0
1830000	64.0
1840000	71.0
1850000	63.0
1860000	66.0
1870000	70.0
1880000	56.0
1890000	66.0
1900000	59.0
1910000	74.0
1920000	52.0
1930000	72.0
1940000	85.0
1950000	72.0
1960000	64.0
1970000	84.0
1980000	61.0
1990000	79.0
2000000	87.0
2010000	87.0
2020000	78.0
2030000	82.0
2040000	36.0
2050000	65.0
2060000	65.0
2070000	67.0
2080000	73.0
2090000	75.0
2100000	73.0
2110000	73.0
2120000	81.0
2130000	82.0
2140000	87.0
2150000	88.0
2160000	81.0
2170000	74.0
2180000	75.0
2190000	77.0
2200000	87.0
2210000	83.0
2220000	86.0
2230000	75.0
2240000	87.0
2250000	81.0
2260000	73.0
2270000	78.0
2280000	84.0
2290000	62.0
2300000	80.0
2310000	83.0
2320000	75.0
2330000	89.0
2340000	75.0
2350000	78.0
2360000	67.0
2370000	81.0
2380000	79.0
2390000	86.0
2400000	77.0
2410000	58.0
2420000	98.0
2430000	75.0
2440000	76.0
2450000	78.0
2460000	84.0
2470000	82.0
2480000	75.0
2490000	84.0
2500000	72.0
2510000	79.0
2520000	81.0
2530000	86.0
2540000	86.0
2550000	88.0
2560000	85.0
2570000	85.0
2580000	58.0
2590000	94.0
2600000	71.0
2610000	94.0
2620000	85.0
2630000	103.0
2640000	91.0
2650000	61.0
2660000	85.0
2670000	78.0
2680000	76.0
2690000	85.0
2700000	91.0
2710000	89.0
2720000	86.0
2730000	93.0
2740000	93.0
2750000	62.0
2760000	79.0
2770000	80.0
2780000	81.0
2790000	76.0
2800000	80.0
2810000	76.0
2820000	105.0
2830000	76.0
2840000	90.0
2850000	79.0
2860000	81.0
2870000	82.0
2880000	94.0
2890000	84.0
2900000	93.0
2910000	46.0
2920000	97.0
2930000	97.0
2940000	88.0
2950000	72.0
2960000	103.0
2970000	97.0
2980000	87.0
2990000	89.0
3000000	82.0
3010000	93.0
3020000	83.0
3030000	94.0
3040000	99.0
3050000	90.0
3060000	95.0
3070000	90.0
3080000	88.0
3090000	82.0
3100000	88.0
3110000	93.0
3120000	92.0
3130000	77.0
3140000	105.0
3150000	97.0
3160000	96.0
3170000	88.0
3180000	104.0
3190000	92.0
3200000	88.0
3210000	104.0
3220000	109.0
3230000	85.0
3240000	98.0
3250000	77.0
3260000	93.0
3270000	88.0
3280000	88.0
3290000	95.0
3300000	92.0
3310000	95.0
3320000	98.0
3330000	101.0
3340000	103.0
3350000	99.0
3360000	97.0
3370000	97.0
3380000	100.0
3390000	90.0
3400000	88.0
3410000	94.0
3420000	93.0
3430000	102.0
3440000	101.0
3450000	86.0
3460000	79.0
3470000	98.0
3480000	90.0
3490000	89.0
3500000	96.0
3510000	86.0
3520000	107.0
3530000	82.0
3540000	82.0
3550000	71.0
3560000	93.0
3570000	106.0
3580000	75.0
3590000	81.0
3600000	100.0
3610000	104.0
3620000	92.0
3630000	80.0
3640000	98.0
3650000	106.0
3660000	99.0
3670000	100.0
3680000	84.0
3690000	73.0
3700000	101.0
3710000	103.0
3720000	86.0
3730000	96.0
3740000	99.0
3750000	91.0
3760000	109.0
3770000	98.0
3780000	96.0
3790000	108.0
3800000	104.0
3810000	93.0
3820000	103.0
3830000	98.0
3840000	103.0
3850000	109.0
3860000	103.0
3870000	98.0
3880000	88.0
3890000	96.0
3900000	104.0
3910000	104.0
3920000	96.0
3930000	91.0
3940000	104.0
3950000	91.0
3960000	108.0
3970000	102.0
3980000	96.0
3990000	99.0
4000000	99.0
4010000	108.0
4020000	100.0
4030000	106.0
4040000	99.0
4050000	99.0
4060000	96.0
4070000	90.0
4080000	89.0
4090000	100.0
4100000	102.0
4110000	95.0
4120000	74.0
4130000	89.0
4140000	80.0
4150000	100.0
4160000	107.0
4170000	92.0
4180000	92.0
4190000	103.0
4200000	110.0
4210000	100.0
4220000	90.0
4230000	104.0
4240000	104.0
4250000	93.0
4260000	108.0
4270000	103.0
4280000	95.0
4290000	104.0
4300000	97.0
4310000	94.0
4320000	107.0
4330000	92.0
4340000	99.0
4350000	97.0
4360000	108.0
4370000	105.0
4380000	96.0
4390000	104.0
4400000	100.0
4410000	91.0
4420000	104.0
4430000	108.0
4440000	81.0
4450000	98.0
4460000	100.0
4470000	103.0
4480000	108.0
4490000	102.0
4500000	89.0
4510000	93.0
4520000	99.0
4530000	107.0
4540000	101.0
4550000	103.0
4560000	105.0
4570000	107.0
4580000	102.0
4590000	105.0
4600000	111.0
4610000	96.0
4620000	105.0
4630000	90.0
4640000	98.0
4650000	98.0
4660000	90.0
4670000	103.0
4680000	101.0
4690000	92.0
4700000	99.0
4710000	104.0
4720000	108.0
4730000	97.0
4740000	89.0
4750000	103.0
4760000	102.0
4770000	105.0
4780000	95.0
4790000	96.0
4800000	102.0
4810000	92.0
4820000	104.0
4830000	102.0
4840000	99.0
4850000	104.0
4860000	83.0
4870000	101.0
4880000	101.0
4890000	99.0
4900000	103.0
4910000	112.0
4920000	99.0
4930000	96.0
4940000	90.0
4950000	107.0
4960000	110.0
4970000	95.0
4980000	105.0
4990000	100.0
5000000	104.0
