10000	1.0
20000	3.0
30000	4.0
40000	0.0
50000	1.0
60000	3.0
70000	1.0
80000	3.0
90000	1.0
100000	2.0
110000	2.0
120000	3.0
130000	1.0
140000	2.0
150000	1.0
160000	1.0
170000	1.0
180000	3.0
190000	1.0
200000	2.0
210000	2.0
220000	2.0
230000	2.0
240000	1.0
250000	2.0
260000	0.0
270000	0.0
280000	2.0
290000	1.0
300000	0.0
310000	1.0
320000	2.0
330000	0.0
340000	0.0
350000	0.0
360000	0.0
370000	0.0
380000	0.0
390000	0.0
400000	2.0
410000	3.0
420000	2.0
430000	0.0
440000	1.0
450000	3.0
460000	2.0
470000	1.0
480000	2.0
490000	2.0
500000	5.0
510000	5.0
520000	7.0
530000	4.0
540000	10.0
550000	9.0
560000	9.0
570000	15.0
580000	13.0
590000	7.0
600000	7.0
610000	4.0
620000	9.0
630000	10.0
640000	18.0
650000	12.0
660000	10.0
670000	6.0
680000	17.0
690000	17.0
700000	34.0
710000	26.0
720000	34.0
730000	32.0
740000	34.0
750000	40.0
760000	46.0
770000	37.0
780000	32.0
790000	35.0
800000	46.0
810000	32.0
820000	35.0
830000	40.0
840000	45.0
850000	53.0
860000	51.0
870000	53.0
880000	50.0
890000	51.0
900000	50.0
910000	49.0
920000	52.0
930000	52.0
940000	31.0
950000	67.0
960000	50.0
970000	61.0
980000	73.0
990000	62.0
1000000	54.0
1010000	57.0
1020000	61.0
1030000	53.0
1040000	53.0
1050000	51.0
1060000	58.0
1070000	52.0
1080000	47.0
1090000	60.0
1100000	62.0
1110000	52.0
1120000	55.0
1130000	44.0
1140000	71.0
1150000	47.0
1160000	63.0
1170000	75.0
1180000	55.0
1190000	50.0
1200000	59.0
1210000	52.0
1220000	71.0
1230000	76.0
1240000	62.0
1250000	77.0
1260000	73.0
1270000	54.0
1280000	52.0
1290000	92.0
1300000	68.0
1310000	69.0
1320000	68.0
1330000	68.0
1340000	59.0
1350000	55.0
1360000	72.0
1370000	68.0
1380000	72.0
1390000	49.0
1400000	49.0
1410000	68.0
1420000	66.0
1430000	66.0
1440000	39.0
1450000	60.0
1460000	85.0
1470000	68.0
1480000	73.0
1490000	67.0
1500000	72.0
1510000	80.0
1520000	80.0
1530000	77.0
1540000	79.0
1550000	62.0
1560000	79.0
1570000	68.0
1580000	61.0
1590000	50.0
1600000	72.0
1610000	66.0
1620000	75.0
1630000	73.0
1640000	61.0
1650000	86.0
1660000	75.0
1670000	64.0
1680000	67.0
1690000	75.0
1700000	62.0
1710000	79.0
1720000	68.0
1730000	72.0
1740000	86.0
1750000	73.0
1760000	71.0
1770000	80.0
1780000	92.0
1790000	73.0
1800000	62.0
1810000	81.0
1820000	77.0
1830000	79.0
1840000	72.0
1850000	68.0
1860000	80.0
1870000	92.0
1880000	57.0
1890000	79.0
1900000	78.0
1910000	69.0
1920000	78.0
1930000	82.0
1940000	83.0
1950000	81.0
1960000	84.0
1970000	73.0
1980000	77.0
1990000	84.0
2000000	82.0
2010000	79.0
2020000	82.0
2030000	69.0
2040000	75.0
2050000	71.0
2060000	63.0
2070000	84.0
2080000	71.0
2090000	84.0
2100000	77.0
2110000	82.0
2120000	75.0
2130000	72.0
2140000	86.0
2150000	87.0
2160000	82.0
2170000	78.0
2180000	63.0
2190000	73.0
2200000	78.0
2210000	86.0
2220000	77.0
2230000	83.0
2240000	80.0
2250000	80.0
2260000	92.0
2270000	75.0
2280000	79.0
2290000	93.0
2300000	68.0
2310000	89.0
2320000	76.0
2330000	83.0
2340000	75.0
2350000	80.0
2360000	95.0
2370000	91.0
2380000	80.0
2390000	78.0
2400000	90.0
2410000	88.0
2420000	79.0
2430000	77.0
2440000	83.0
2450000	99.0
2460000	88.0
2470000	82.0
2480000	73.0
2490000	87.0
2500000	91.0
2510000	94.0
2520000	64.0
2530000	94.0
2540000	83.0
2550000	89.0
2560000	83.0
2570000	61.0
2580000	83.0
2590000	60.0
2600000	83.0
2610000	94.0
2620000	87.0
2630000	84.0
2640000	92.0
2650000	67.0
2660000	87.0
2670000	78.0
2680000	90.0
2690000	80.0
2700000	93.0
2710000	95.0
2720000	96.0
2730000	96.0
2740000	86.0
2750000	81.0
2760000	86.0
2770000	90.0
2780000	59.0
2790000	93.0
2800000	77.0
2810000	90.0
2820000	79.0
2830000	84.0
2840000	91.0
2850000	85.0
2860000	85.0
2870000	86.0
2880000	80.0
2890000	76.0
2900000	92.0
2910000	97.0
2920000	88.0
2930000	46.0
2940000	66.0
2950000	82.0
2960000	76.0
2970000	93.0
2980000	97.0
2990000	84.0
3000000	92.0
3010000	93.0
3020000	89.0
3030000	90.0
3040000	85.0
3050000	85.0
3060000	84.0
3070000	83.0
3080000	93.0
3090000	89.0
3100000	95.0
3110000	93.0
3120000	88.0
3130000	64.0
3140000	88.0
3150000	92.0
3160000	94.0
3170000	94.0
3180000	89.0
3190000	95.0
3200000	82.0
3210000	73.0
3220000	84.0
3230000	90.0
3240000	94.0
3250000	84.0
3260000	88.0
3270000	99.0
3280000	95.0
3290000	100.0
3300000	90.0
3310000	86.0
3320000	82.0
3330000	79.0
3340000	70.0
3350000	85.0
3360000	62.0
3370000	97.0
3380000	78.0
3390000	78.0
3400000	91.0
3410000	99.0
3420000	85.0
3430000	86.0
3440000	82.0
3450000	86.0
3460000	69.0
3470000	82.0
3480000	64.0
3490000	90.0
3500000	83.0
3510000	89.0
3520000	94.0
3530000	94.0
3540000	92.0
3550000	91.0
3560000	98.0
3570000	96.0
3580000	85.0
3590000	88.0
3600000	83.0
3610000	90.0
3620000	83.0
3630000	95.0
3640000	97.0
3650000	98.0
3660000	97.0
3670000	82.0
3680000	99.0
3690000	99.0
3700000	97.0
3710000	94.0
3720000	94.0
3730000	85.0
3740000	85.0
3750000	84.0
3760000	91.0
3770000	92.0
3780000	88.0
3790000	83.0
3800000	87.0
3810000	90.0
3820000	89.0
3830000	84.0
3840000	97.0
3850000	83.0
3860000	95.0
3870000	93.0
3880000	105.0
3890000	92.0
3900000	90.0
3910000	67.0
3920000	97.0
3930000	95.0
3940000	93.0
3950000	86.0
3960000	93.0
3970000	86.0
3980000	71.0
3990000	94.0
4000000	87.0
4010000	86.0
4020000	83.0
4030000	93.0
4040000	97.0
4050000	82.0
4060000	90.0
4070000	81.0
4080000	91.0
4090000	100.0
4100000	98.0
4110000	84.0
4120000	86.0
4130000	97.0
4140000	88.0
4150000	96.0
4160000	88.0
4170000	89.0
4180000	83.0
4190000	83.0
4200000	82.0
4210000	91.0
4220000	63.0
4230000	92.0
4240000	91.0
4250000	89.0
4260000	98.0
4270000	100.0
4280000	91.0
4290000	88.0
4300000	75.0
4310000	93.0
4320000	86.0
4330000	95.0
4340000	84.0
4350000	89.0
4360000	92.0
4370000	74.0
4380000	71.0
4390000	98.0
4400000	78.0
4410000	74.0
4420000	85.0
4430000	86.0
4440000	100.0
4450000	91.0
4460000	92.0
4470000	94.0
4480000	98.0
4490000	87.0
4500000	79.0
4510000	84.0
4520000	86.0
4530000	87.0
4540000	94.0
4550000	93.0
4560000	91.0
4570000	93.0
4580000	88.0
4590000	87.0
4600000	92.0
4610000	91.0
4620000	86.0
4630000	84.0
4640000	91.0
4650000	82.0
4660000	99.0
4670000	66.0
4680000	90.0
4690000	82.0
4700000	86.0
4710000	95.0
4720000	92.0
4730000	98.0
4740000	89.0
4750000	80.0
4760000	73.0
4770000	86.0
4780000	78.0
4790000	89.0
4800000	94.0
4810000	93.0
4820000	95.0
4830000	95.0
4840000	103.0
4850000	98.0
4860000	98.0
4870000	93.0
4880000	86.0
4890000	94.0
4900000	95.0
4910000	92.0
4920000	83.0
4930000	86.0
4940000	94.0
4950000	76.0
4960000	94.0
4970000	69.0
4980000	91.0
4990000	93.0
5000000	95.0
