10000	2.0
20000	1.0
30000	1.0
40000	2.0
50000	1.0
60000	2.0
70000	1.0
80000	2.0
90000	1.0
100000	0.0
110000	1.0
120000	0.0
130000	1.0
140000	3.0
150000	2.0
160000	2.0
170000	0.0
180000	4.0
190000	2.0
200000	1.0
210000	1.0
220000	3.0
230000	0.0
240000	2.0
250000	1.0
260000	3.0
270000	1.0
280000	0.0
290000	1.0
300000	2.0
310000	2.0
320000	2.0
330000	1.0
340000	3.0
350000	3.0
360000	0.0
370000	1.0
380000	0.0
390000	2.0
400000	0.0
410000	0.0
420000	0.0
430000	0.0
440000	0.0
450000	1.0
460000	0.0
470000	1.0
480000	1.0
490000	2.0
500000	1.0
510000	2.0
520000	2.0
530000	4.0
540000	8.0
550000	5.0
560000	6.0
570000	3.0
580000	2.0
590000	8.0
600000	9.0
610000	7.0
620000	10.0
630000	7.0
640000	1.0
650000	2.0
660000	2.0
670000	3.0
680000	1.0
690000	2.0
700000	1.0
710000	1.0
720000	1.0
730000	1.0
740000	2.0
750000	3.0
760000	1.0
770000	2.0
780000	1.0
790000	1.0
800000	0.0
810000	0.0
820000	0.0
830000	0.0
840000	0.0
850000	1.0
860000	0.0
870000	0.0
880000	0.0
890000	0.0
900000	0.0
910000	0.0
920000	1.0
930000	2.0
940000	0.0
950000	2.0
960000	1.0
970000	2.0
980000	3.0
990000	0.0
1000000	4.0
1010000	2.0
1020000	2.0
1030000	1.0
1040000	1.0
1050000	1.0
1060000	3.0
1070000	0.0
1080000	1.0
1090000	2.0
1100000	2.0
1110000	0.0
1120000	1.0
1130000	1.0
1140000	2.0
1150000	2.0
1160000	2.0
1170000	1.0
1180000	2.0
1190000	0.0
1200000	2.0
1210000	0.0
1220000	0.0
1230000	0.0
1240000	0.0
1250000	0.0
1260000	0.0
1270000	0.0
1280000	0.0
1290000	0.0
1300000	0.0
1310000	0.0
1320000	1.0
1330000	0.0
1340000	0.0
1350000	1.0
1360000	3.0
1370000	2.0
1380000	2.0
1390000	3.0
1400000	1.0
1410000	1.0
1420000	1.0
1430000	0.0
1440000	2.0
1450000	9.0
1460000	5.0
1470000	5.0
1480000	5.0
1490000	20.0
1500000	15.0
1510000	5.0
1520000	8.0
1530000	19.0
1540000	30.0
1550000	37.0
1560000	29.0
1570000	18.0
1580000	21.0
1590000	18.0
1600000	43.0
1610000	26.0
1620000	41.0
1630000	31.0
1640000	39.0
1650000	26.0
1660000	39.0
1670000	25.0
1680000	56.0
1690000	34.0
1700000	51.0
1710000	45.0
1720000	16.0
1730000	51.0
1740000	36.0
1750000	51.0
1760000	50.0
1770000	44.0
1780000	37.0
1790000	38.0
1800000	44.0
1810000	43.0
1820000	45.0
1830000	59.0
1840000	44.0
1850000	40.0
1860000	57.0
1870000	47.0
1880000	54.0
1890000	34.0
1900000	49.0
1910000	46.0
1920000	40.0
1930000	59.0
1940000	43.0
1950000	35.0
1960000	37.0
1970000	32.0
1980000	53.0
1990000	32.0
2000000	50.0
2010000	42.0
2020000	34.0
2030000	25.0
2040000	60.0
2050000	68.0
2060000	56.0
2070000	50.0
2080000	40.0
2090000	51.0
2100000	47.0
2110000	38.0
2120000	30.0
2130000	42.0
2140000	69.0
2150000	50.0
2160000	48.0
2170000	69.0
2180000	66.0
2190000	63.0
2200000	56.0
2210000	54.0
2220000	75.0
2230000	65.0
2240000	48.0
2250000	50.0
2260000	47.0
2270000	50.0
2280000	44.0
2290000	54.0
2300000	69.0
2310000	50.0
2320000	62.0
2330000	59.0
2340000	74.0
2350000	73.0
2360000	64.0
2370000	65.0
2380000	42.0
2390000	57.0
2400000	64.0
2410000	70.0
2420000	59.0
2430000	78.0
2440000	45.0
2450000	59.0
2460000	55.0
2470000	52.0
2480000	61.0
2490000	61.0
2500000	57.0
2510000	74.0
2520000	66.0
2530000	76.0
2540000	66.0
2550000	66.0
2560000	91.0
2570000	61.0
2580000	56.0
2590000	46.0
2600000	80.0
2610000	79.0
2620000	76.0
2630000	62.0
2640000	60.0
2650000	66.0
2660000	48.0
2670000	61.0
2680000	57.0
2690000	72.0
2700000	77.0
2710000	61.0
2720000	80.0
2730000	67.0
2740000	41.0
2750000	56.0
2760000	56.0
2770000	75.0
2780000	74.0
2790000	41.0
2800000	47.0
2810000	78.0
2820000	63.0
2830000	55.0
2840000	79.0
2850000	76.0
2860000	77.0
2870000	66.0
2880000	75.0
2890000	70.0
2900000	72.0
2910000	56.0
2920000	69.0
2930000	66.0
2940000	63.0
2950000	84.0
2960000	62.0
2970000	72.0
2980000	74.0
2990000	67.0
3000000	74.0
3010000	55.0
3020000	63.0
3030000	72.0
3040000	45.0
3050000	81.0
3060000	66.0
3070000	74.0
3080000	79.0
3090000	84.0
3100000	81.0
3110000	60.0
3120000	69.0
3130000	53.0
3140000	51.0
3150000	76.0
3160000	73.0
3170000	76.0
3180000	48.0
3190000	55.0
3200000	86.0
3210000	81.0
3220000	73.0
3230000	87.0
3240000	71.0
3250000	68.0
3260000	62.0
3270000	73.0
3280000	75.0
3290000	62.0
3300000	76.0
3310000	54.0
3320000	79.0
3330000	70.0
3340000	61.0
3350000	80.0
3360000	90.0
3370000	76.0
3380000	88.0
3390000	70.0
3400000	77.0
3410000	51.0
3420000	75.0
3430000	77.0
3440000	64.0
3450000	62.0
3460000	82.0
3470000	86.0
3480000	61.0
3490000	51.0
3500000	59.0
3510000	83.0
3520000	78.0
3530000	78.0
3540000	85.0
3550000	73.0
3560000	67.0
3570000	80.0
3580000	74.0
3590000	78.0
3600000	60.0
3610000	66.0
3620000	63.0
3630000	66.0
3640000	70.0
3650000	58.0
3660000	72.0
3670000	88.0
3680000	72.0
3690000	93.0
3700000	83.0
3710000	74.0
3720000	84.0
3730000	69.0
3740000	65.0
3750000	79.0
3760000	79.0
3770000	68.0
3780000	79.0
3790000	63.0
3800000	83.0
3810000	60.0
3820000	53.0
3830000	83.0
3840000	83.0
3850000	83.0
3860000	84.0
3870000	81.0
3880000	70.0
3890000	65.0
3900000	89.0
3910000	73.0
3920000	79.0
3930000	65.0
3940000	72.0
3950000	87.0
3960000	65.0
3970000	89.0
3980000	55.0
3990000	78.0
4000000	73.0
4010000	71.0
4020000	50.0
4030000	65.0
4040000	75.0
4050000	75.0
4060000	60.0
4070000	79.0
4080000	86.0
4090000	81.0
4100000	58.0
4110000	69.0
4120000	81.0
4130000	78.0
4140000	92.0
4150000	76.0
4160000	66.0
4170000	70.0
4180000	52.0
4190000	73.0
4200000	75.0
4210000	88.0
4220000	77.0
4230000	88.0
4240000	49.0
4250000	63.0
4260000	72.0
4270000	76.0
4280000	53.0
4290000	65.0
4300000	62.0
4310000	64.0
4320000	74.0
4330000	70.0
4340000	81.0
4350000	71.0
4360000	64.0
4370000	52.0
4380000	58.0
4390000	86.0
4400000	66.0
4410000	77.0
4420000	63.0
4430000	73.0
4440000	75.0
4450000	70.0
4460000	70.0
4470000	90.0
4480000	82.0
4490000	79.0
4500000	97.0
4510000	78.0
4520000	60.0
4530000	81.0
4540000	79.0
4550000	76.0
4560000	64.0
4570000	62.0
4580000	91.0
4590000	76.0
4600000	69.0
4610000	75.0
4620000	84.0
4630000	75.0
4640000	69.0
4650000	68.0
4660000	76.0
4670000	41.0
4680000	58.0
4690000	65.0
4700000	98.0
4710000	70.0
4720000	80.0
4730000	67.0
4740000	72.0
4750000	90.0
4760000	77.0
4770000	72.0
4780000	78.0
4790000	67.0
4800000	84.0
4810000	70.0
4820000	71.0
4830000	78.0
4840000	69.0
4850000	65.0
4860000	81.0
4870000	78.0
4880000	79.0
4890000	80.0
4900000	51.0
4910000	56.0
4920000	74.0
4930000	67.0
4940000	75.0
4950000	81.0
4960000	72.0
4970000	72.0
4980000	62.0
4990000	72.0
5000000	65.0
