10000	2.0
20000	1.0
30000	1.0
40000	3.0
50000	0.0
60000	0.0
70000	2.0
80000	1.0
90000	2.0
100000	2.0
110000	0.0
120000	1.0
130000	2.0
140000	2.0
150000	2.0
160000	3.0
170000	1.0
180000	1.0
190000	3.0
200000	1.0
210000	0.0
220000	3.0
230000	0.0
240000	2.0
250000	0.0
260000	0.0
270000	0.0
280000	0.0
290000	3.0
300000	1.0
310000	2.0
320000	1.0
330000	3.0
340000	2.0
350000	0.0
360000	1.0
370000	2.0
380000	2.0
390000	1.0
400000	1.0
410000	1.0
420000	0.0
430000	3.0
440000	1.0
450000	0.0
460000	0.0
470000	0.0
480000	0.0
490000	0.0
500000	0.0
510000	3.0
520000	0.0
530000	1.0
540000	1.0
550000	5.0
560000	5.0
570000	1.0
580000	1.0
590000	4.0
600000	4.0
610000	2.0
620000	5.0
630000	9.0
640000	11.0
650000	14.0
660000	16.0
670000	12.0
680000	27.0
690000	30.0
700000	39.0
710000	13.0
720000	30.0
730000	56.0
740000	25.0
750000	2.0
760000	2.0
770000	2.0
780000	1.0
790000	1.0
800000	3.0
810000	1.0
820000	0.0
830000	0.0
840000	0.0
850000	0.0
860000	0.0
870000	4.0
880000	1.0
890000	3.0
900000	8.0
910000	5.0
920000	11.0
930000	8.0
940000	16.0
950000	8.0
960000	6.0
970000	9.0
980000	17.0
990000	17.0
1000000	11.0
1010000	19.0
1020000	15.0
1030000	2.0
1040000	3.0
1050000	1.0
1060000	1.0
1070000	0.0
1080000	0.0
1090000	3.0
1100000	2.0
1110000	3.0
1120000	0.0
1130000	0.0
1140000	0.0
1150000	0.0
1160000	0.0
1170000	0.0
1180000	2.0
1190000	0.0
1200000	3.0
1210000	3.0
1220000	3.0
1230000	3.0
1240000	2.0
1250000	2.0
1260000	1.0
1270000	0.0
1280000	0.0
1290000	0.0
1300000	0.0
1310000	1.0
1320000	0.0
1330000	0.0
1340000	1.0
1350000	1.0
1360000	2.0
1370000	3.0
1380000	2.0
1390000	0.0
1400000	0.0
1410000	0.0
1420000	0.0
1430000	0.0
1440000	1.0
1450000	1.0
1460000	0.0
1470000	0.0
1480000	1.0
1490000	2.0
1500000	4.0
1510000	3.0
1520000	1.0
1530000	6.0
1540000	1.0
1550000	2.0
1560000	0.0
1570000	1.0
1580000	0.0
1590000	1.0
1600000	0.0
1610000	2.0
1620000	1.0
1630000	0.0
1640000	0.0
1650000	1.0
1660000	1.0
1670000	0.0
1680000	1.0
1690000	0.0
1700000	0.0
1710000	0.0
1720000	0.0
1730000	0.0
1740000	0.0
1750000	1.0
1760000	1.0
1770000	1.0
1780000	1.0
1790000	0.0
1800000	2.0
1810000	1.0
1820000	3.0
1830000	3.0
1840000	3.0
1850000	0.0
1860000	2.0
1870000	2.0
1880000	5.0
1890000	3.0
1900000	5.0
1910000	8.0
1920000	7.0
1930000	12.0
1940000	21.0
1950000	27.0
1960000	15.0
1970000	12.0
1980000	23.0
1990000	28.0
2000000	27.0
2010000	22.0
2020000	8.0
2030000	24.0
2040000	21.0
2050000	27.0
2060000	31.0
2070000	40.0
2080000	40.0
2090000	42.0
2100000	27.0
2110000	34.0
2120000	36.0
2130000	12.0
2140000	31.0
2150000	38.0
2160000	33.0
2170000	36.0
2180000	47.0
2190000	41.0
2200000	38.0
2210000	44.0
2220000	38.0
2230000	34.0
2240000	45.0
2250000	45.0
2260000	41.0
2270000	38.0
2280000	40.0
2290000	54.0
2300000	55.0
2310000	38.0
2320000	47.0
2330000	57.0
2340000	56.0
2350000	56.0
2360000	38.0
2370000	52.0
2380000	50.0
2390000	58.0
2400000	42.0
2410000	60.0
2420000	36.0
2430000	61.0
2440000	60.0
2450000	57.0
2460000	59.0
2470000	60.0
2480000	55.0
2490000	58.0
2500000	57.0
2510000	52.0
2520000	60.0
2530000	63.0
2540000	29.0
2550000	60.0
2560000	63.0
2570000	59.0
2580000	66.0
2590000	55.0
2600000	56.0
2610000	74.0
2620000	57.0
2630000	65.0
2640000	72.0
2650000	60.0
2660000	63.0
2670000	61.0
2680000	74.0
2690000	71.0
2700000	64.0
2710000	66.0
2720000	69.0
2730000	56.0
2740000	61.0
2750000	50.0
2760000	65.0
2770000	64.0
2780000	70.0
2790000	60.0
2800000	66.0
2810000	62.0
2820000	69.0
2830000	77.0
2840000	63.0
2850000	70.0
2860000	64.0
2870000	53.0
2880000	67.0
2890000	68.0
2900000	66.0
2910000	67.0
2920000	57.0
2930000	74.0
2940000	75.0
2950000	87.0
2960000	44.0
2970000	64.0
2980000	61.0
2990000	71.0
3000000	85.0
3010000	65.0
3020000	64.0
3030000	77.0
3040000	72.0
3050000	72.0
3060000	69.0
3070000	59.0
3080000	77.0
3090000	64.0
3100000	72.0
3110000	75.0
3120000	74.0
3130000	72.0
3140000	86.0
3150000	62.0
3160000	72.0
3170000	84.0
3180000	80.0
3190000	80.0
3200000	46.0
3210000	61.0
3220000	88.0
3230000	92.0
3240000	77.0
3250000	73.0
3260000	80.0
3270000	92.0
3280000	72.0
3290000	76.0
3300000	81.0
3310000	68.0
3320000	72.0
3330000	83.0
3340000	78.0
3350000	79.0
3360000	85.0
3370000	99.0
3380000	70.0
3390000	83.0
3400000	89.0
3410000	85.0
3420000	75.0
3430000	82.0
3440000	74.0
3450000	67.0
3460000	81.0
3470000	76.0
3480000	67.0
3490000	80.0
3500000	70.0
3510000	87.0
3520000	97.0
3530000	71.0
3540000	76.0
3550000	73.0
3560000	85.0
3570000	89.0
3580000	79.0
3590000	83.0
3600000	86.0
3610000	62.0
3620000	71.0
3630000	92.0
3640000	89.0
3650000	72.0
3660000	99.0
3670000	83.0
3680000	90.0
3690000	90.0
3700000	76.0
3710000	89.0
3720000	58.0
3730000	85.0
3740000	87.0
3750000	80.0
3760000	78.0
3770000	85.0
3780000	74.0
3790000	95.0
3800000	101.0
3810000	76.0
3820000	90.0
3830000	81.0
3840000	101.0
3850000	54.0
3860000	85.0
3870000	84.0
3880000	105.0
3890000	79.0
3900000	83.0
3910000	78.0
3920000	89.0
3930000	86.0
3940000	90.0
3950000	93.0
3960000	86.0
3970000	75.0
3980000	73.0
3990000	79.0
4000000	87.0
4010000	91.0
4020000	80.0
4030000	102.0
4040000	78.0
4050000	81.0
4060000	70.0
4070000	71.0
4080000	83.0
4090000	83.0
4100000	83.0
4110000	81.0
4120000	89.0
4130000	78.0
4140000	83.0
4150000	68.0
4160000	68.0
4170000	53.0
4180000	84.0
4190000	84.0
4200000	84.0
4210000	86.0
4220000	86.0
4230000	80.0
4240000	82.0
4250000	83.0
4260000	96.0
4270000	93.0
4280000	86.0
4290000	84.0
4300000	85.0
4310000	87.0
4320000	87.0
4330000	85.0
4340000	82.0
4350000	85.0
4360000	99.0
4370000	89.0
4380000	79.0
4390000	99.0
4400000	103.0
4410000	98.0
4420000	87.0
4430000	93.0
4440000	109.0
4450000	83.0
4460000	92.0
4470000	86.0
4480000	98.0
4490000	102.0
4500000	79.0
4510000	95.0
4520000	87.0
4530000	85.0
4540000	73.0
4550000	77.0
4560000	87.0
4570000	101.0
4580000	93.0
4590000	90.0
4600000	92.0
4610000	98.0
4620000	98.0
4630000	86.0
4640000	90.0
4650000	84.0
4660000	94.0
4670000	90.0
4680000	79.0
4690000	102.0
4700000	97.0
4710000	90.0
4720000	85.0
4730000	95.0
4740000	92.0
4750000	99.0
4760000	95.0
4770000	91.0
4780000	78.0
4790000	77.0
4800000	81.0
4810000	80.0
4820000	89.0
4830000	85.0
4840000	92.0
4850000	99.0
4860000	83.0
4870000	85.0
4880000	90.0
4890000	86.0
4900000	97.0
4910000	90.0
4920000	90.0
4930000	103.0
4940000	89.0
4950000	95.0
4960000	94.0
4970000	99.0
4980000	97.0
4990000	92.0
5000000	94.0
