10000	2.0
20000	0.0
30000	0.0
40000	3.0
50000	0.0
60000	0.0
70000	2.0
80000	3.0
90000	2.0
100000	1.0
110000	1.0
120000	0.0
130000	1.0
140000	3.0
150000	0.0
160000	0.0
170000	0.0
180000	3.0
190000	4.0
200000	1.0
210000	1.0
220000	2.0
230000	1.0
240000	2.0
250000	1.0
260000	1.0
270000	2.0
280000	3.0
290000	1.0
300000	1.0
310000	2.0
320000	2.0
330000	1.0
340000	2.0
350000	1.0
360000	1.0
370000	1.0
380000	1.0
390000	2.0
400000	2.0
410000	1.0
420000	0.0
430000	1.0
440000	2.0
450000	1.0
460000	0.0
470000	0.0
480000	0.0
490000	1.0
500000	0.0
510000	0.0
520000	2.0
530000	2.0
540000	0.0
550000	2.0
560000	5.0
570000	1.0
580000	1.0
590000	5.0
600000	3.0
610000	1.0
620000	2.0
630000	1.0
640000	2.0
650000	0.0
660000	0.0
670000	0.0
680000	0.0
690000	0.0
700000	0.0
710000	2.0
720000	2.0
730000	1.0
740000	1.0
750000	2.0
760000	1.0
770000	1.0
780000	1.0
790000	1.0
800000	6.0
810000	4.0
820000	1.0
830000	6.0
840000	2.0
850000	3.0
860000	0.0
870000	3.0
880000	3.0
890000	3.0
900000	0.0
910000	1.0
920000	0.0
930000	0.0
940000	0.0
950000	1.0
960000	0.0
970000	1.0
980000	2.0
990000	5.0
1000000	6.0
1010000	7.0
1020000	6.0
1030000	0.0
1040000	9.0
1050000	8.0
1060000	10.0
1070000	14.0
1080000	7.0
1090000	3.0
1100000	7.0
1110000	12.0
1120000	13.0
1130000	9.0
1140000	9.0
1150000	11.0
1160000	11.0
1170000	18.0
1180000	8.0
1190000	18.0
1200000	16.0
1210000	5.0
1220000	0.0
1230000	1.0
1240000	2.0
1250000	1.0
1260000	2.0
1270000	0.0
1280000	1.0
1290000	0.0
1300000	0.0
1310000	0.0
1320000	3.0
1330000	1.0
1340000	1.0
1350000	1.0
1360000	1.0
1370000	0.0
1380000	0.0
1390000	0.0
1400000	0.0
1410000	1.0
1420000	1.0
1430000	3.0
1440000	2.0
1450000	2.0
1460000	3.0
1470000	1.0
1480000	0.0
1490000	0.0
1500000	0.0
1510000	0.0
1520000	0.0
1530000	2.0
1540000	1.0
1550000	0.0
1560000	1.0
1570000	2.0
1580000	2.0
1590000	4.0
1600000	2.0
1610000	1.0
1620000	2.0
1630000	1.0
1640000	2.0
1650000	1.0
1660000	3.0
1670000	8.0
1680000	3.0
1690000	0.0
1700000	9.0
1710000	6.0
1720000	2.0
1730000	8.0
1740000	9.0
1750000	8.0
1760000	12.0
1770000	9.0
1780000	8.0
1790000	2.0
1800000	1.0
1810000	1.0
1820000	0.0
1830000	2.0
1840000	1.0
1850000	0.0
1860000	2.0
1870000	2.0
1880000	0.0
1890000	0.0
1900000	0.0
1910000	0.0
1920000	0.0
1930000	0.0
1940000	0.0
1950000	0.0
1960000	1.0
1970000	0.0
1980000	1.0
1990000	0.0
2000000	0.0
2010000	0.0
2020000	0.0
2030000	3.0
2040000	2.0
2050000	1.0
2060000	0.0
2070000	1.0
2080000	3.0
2090000	0.0
2100000	2.0
2110000	1.0
2120000	1.0
2130000	0.0
2140000	0.0
2150000	0.0
2160000	2.0
2170000	3.0
2180000	1.0
2190000	2.0
2200000	2.0
2210000	1.0
2220000	0.0
2230000	0.0
2240000	0.0
2250000	0.0
2260000	0.0
2270000	1.0
2280000	2.0
2290000	0.0
2300000	3.0
2310000	4.0
2320000	2.0
2330000	5.0
2340000	1.0
2350000	4.0
2360000	5.0
2370000	7.0
2380000	10.0
2390000	3.0
2400000	1.0
2410000	3.0
2420000	3.0
2430000	13.0
2440000	7.0
2450000	14.0
2460000	5.0
2470000	8.0
2480000	5.0
2490000	5.0
2500000	4.0
2510000	22.0
2520000	9.0
2530000	13.0
2540000	7.0
2550000	18.0
2560000	5.0
2570000	13.0
2580000	18.0
2590000	23.0
2600000	23.0
2610000	18.0
2620000	33.0
2630000	35.0
2640000	41.0
2650000	30.0
2660000	42.0
2670000	26.0
2680000	41.0
2690000	43.0
2700000	35.0
2710000	39.0
2720000	29.0
2730000	44.0
2740000	59.0
2750000	42.0
2760000	50.0
2770000	34.0
2780000	33.0
2790000	36.0
2800000	40.0
2810000	50.0
2820000	43.0
2830000	59.0
2840000	44.0
2850000	39.0
2860000	39.0
2870000	44.0
2880000	61.0
2890000	56.0
2900000	56.0
2910000	70.0
2920000	30.0
2930000	37.0
2940000	43.0
2950000	43.0
2960000	58.0
2970000	48.0
2980000	58.0
2990000	46.0
3000000	66.0
3010000	63.0
3020000	51.0
3030000	66.0
3040000	60.0
3050000	40.0
3060000	61.0
3070000	42.0
3080000	47.0
3090000	49.0
3100000	53.0
3110000	51.0
3120000	60.0
3130000	71.0
3140000	52.0
3150000	60.0
3160000	49.0
3170000	54.0
3180000	60.0
3190000	63.0
3200000	44.0
3210000	52.0
3220000	54.0
3230000	35.0
3240000	56.0
3250000	56.0
3260000	62.0
3270000	64.0
3280000	69.0
3290000	54.0
3300000	61.0
3310000	53.0
3320000	54.0
3330000	63.0
3340000	47.0
3350000	73.0
3360000	61.0
3370000	66.0
3380000	50.0
3390000	70.0
3400000	77.0
3410000	62.0
3420000	69.0
3430000	79.0
3440000	58.0
3450000	67.0
3460000	75.0
3470000	69.0
3480000	75.0
3490000	72.0
3500000	64.0
3510000	65.0
3520000	85.0
3530000	52.0
3540000	65.0
3550000	74.0
3560000	78.0
3570000	77.0
3580000	79.0
3590000	62.0
3600000	62.0
3610000	66.0
3620000	69.0
3630000	92.0
3640000	85.0
3650000	81.0
3660000	75.0
3670000	59.0
3680000	72.0
3690000	72.0
3700000	80.0
3710000	74.0
3720000	67.0
3730000	83.0
3740000	69.0
3750000	84.0
3760000	72.0
3770000	80.0
3780000	65.0
3790000	83.0
3800000	73.0
3810000	78.0
3820000	73.0
3830000	87.0
3840000	74.0
3850000	54.0
3860000	71.0
3870000	80.0
3880000	80.0
3890000	68.0
3900000	67.0
3910000	84.0
3920000	74.0
3930000	74.0
3940000	55.0
3950000	88.0
3960000	80.0
3970000	85.0
3980000	81.0
3990000	87.0
4000000	70.0
4010000	37.0
4020000	2.0
4030000	2.0
4040000	3.0
4050000	1.0
4060000	1.0
4070000	0.0
4080000	0.0
4090000	0.0
4100000	0.0
4110000	1.0
4120000	1.0
4130000	3.0
4140000	0.0
4150000	0.0
4160000	1.0
4170000	0.0
4180000	1.0
4190000	2.0
4200000	1.0
4210000	1.0
4220000	2.0
4230000	2.0
4240000	0.0
4250000	0.0
4260000	5.0
4270000	6.0
4280000	11.0
4290000	5.0
4300000	2.0
4310000	1.0
4320000	2.0
4330000	3.0
4340000	2.0
4350000	0.0
4360000	0.0
4370000	0.0
4380000	0.0
4390000	2.0
4400000	2.0
4410000	1.0
4420000	0.0
4430000	1.0
4440000	1.0
4450000	1.0
4460000	3.0
4470000	12.0
4480000	10.0
4490000	3.0
4500000	5.0
4510000	18.0
4520000	5.0
4530000	10.0
4540000	9.0
4550000	8.0
4560000	19.0
4570000	9.0
4580000	20.0
4590000	7.0
4600000	0.0
4610000	0.0
4620000	1.0
4630000	2.0
4640000	2.0
4650000	0.0
4660000	0.0
4670000	0.0
4680000	0.0
4690000	0.0
4700000	0.0
4710000	0.0
4720000	0.0
4730000	2.0
4740000	5.0
4750000	0.0
4760000	0.0
4770000	0.0
4780000	3.0
4790000	2.0
4800000	0.0
4810000	2.0
4820000	7.0
4830000	6.0
4840000	2.0
4850000	0.0
4860000	2.0
4870000	0.0
4880000	0.0
4890000	3.0
4900000	1.0
4910000	1.0
4920000	0.0
4930000	0.0
4940000	0.0
4950000	7.0
4960000	1.0
4970000	3.0
4980000	2.0
4990000	0.0
5000000	4.0
