10000	2.0
20000	2.0
30000	1.0
40000	1.0
50000	0.0
60000	2.0
70000	2.0
80000	2.0
90000	1.0
100000	0.0
110000	1.0
120000	1.0
130000	2.0
140000	1.0
150000	2.0
160000	2.0
170000	1.0
180000	2.0
190000	0.0
200000	3.0
210000	2.0
220000	4.0
230000	2.0
240000	3.0
250000	1.0
260000	2.0
270000	1.0
280000	1.0
290000	3.0
300000	1.0
310000	2.0
320000	1.0
330000	1.0
340000	1.0
350000	0.0
360000	0.0
370000	0.0
380000	0.0
390000	1.0
400000	2.0
410000	2.0
420000	2.0
430000	2.0
440000	1.0
450000	4.0
460000	3.0
470000	5.0
480000	2.0
490000	3.0
500000	2.0
510000	1.0
520000	1.0
530000	1.0
540000	1.0
550000	0.0
560000	0.0
570000	0.0
580000	1.0
590000	0.0
600000	0.0
610000	1.0
620000	0.0
630000	3.0
640000	1.0
650000	0.0
660000	1.0
670000	0.0
680000	0.0
690000	0.0
700000	3.0
710000	4.0
720000	6.0
730000	1.0
740000	1.0
750000	2.0
760000	2.0
770000	1.0
780000	1.0
790000	0.0
800000	0.0
810000	0.0
820000	0.0
830000	0.0
840000	1.0
850000	2.0
860000	2.0
870000	2.0
880000	1.0
890000	0.0
900000	0.0
910000	0.0
920000	1.0
930000	1.0
940000	2.0
950000	1.0
960000	2.0
970000	1.0
980000	1.0
990000	3.0
1000000	3.0
1010000	2.0
1020000	4.0
1030000	3.0
1040000	2.0
1050000	6.0
1060000	6.0
1070000	8.0
1080000	20.0
1090000	5.0
1100000	5.0
1110000	18.0
1120000	21.0
1130000	10.0
1140000	47.0
1150000	26.0
1160000	30.0
1170000	33.0
1180000	17.0
1190000	28.0
1200000	39.0
1210000	32.0
1220000	30.0
1230000	26.0
1240000	30.0
1250000	36.0
1260000	33.0
1270000	39.0
1280000	30.0
1290000	49.0
1300000	27.0
1310000	46.0
1320000	29.0
1330000	31.0
1340000	30.0
1350000	1.0
1360000	1.0
1370000	0.0
1380000	2.0
1390000	2.0
1400000	1.0
1410000	0.0
1420000	1.0
1430000	0.0
1440000	0.0
1450000	2.0
1460000	1.0
1470000	0.0
1480000	0.0
1490000	0.0
1500000	0.0
1510000	4.0
1520000	1.0
1530000	2.0
1540000	1.0
1550000	0.0
1560000	2.0
1570000	1.0
1580000	1.0
1590000	2.0
1600000	0.0
1610000	0.0
1620000	0.0
1630000	0.0
1640000	0.0
1650000	0.0
1660000	2.0
1670000	0.0
1680000	2.0
1690000	1.0
1700000	2.0
1710000	1.0
1720000	0.0
1730000	2.0
1740000	0.0
1750000	4.0
1760000	2.0
1770000	3.0
1780000	1.0
1790000	5.0
1800000	4.0
1810000	3.0
1820000	3.0
1830000	1.0
1840000	2.0
1850000	1.0
1860000	1.0
1870000	0.0
1880000	0.0
1890000	0.0
1900000	0.0
1910000	0.0
1920000	1.0
1930000	0.0
1940000	0.0
1950000	1.0
1960000	3.0
1970000	1.0
1980000	1.0
1990000	1.0
2000000	0.0
2010000	0.0
2020000	0.0
2030000	0.0
2040000	0.0
2050000	1.0
2060000	3.0
2070000	0.0
2080000	1.0
2090000	5.0
2100000	7.0
2110000	10.0
2120000	7.0
2130000	1.0
2140000	9.0
2150000	11.0
2160000	15.0
2170000	21.0
2180000	15.0
2190000	13.0
2200000	15.0
2210000	20.0
2220000	40.0
2230000	26.0
2240000	9.0
2250000	25.0
2260000	31.0
2270000	31.0
2280000	36.0
2290000	22.0
2300000	23.0
2310000	0.0
2320000	2.0
2330000	0.0
2340000	1.0
2350000	2.0
2360000	0.0
2370000	0.0
2380000	0.0
2390000	0.0
2400000	0.0
2410000	1.0
2420000	1.0
2430000	2.0
2440000	1.0
2450000	2.0
2460000	3.0
2470000	0.0
2480000	0.0
2490000	0.0
2500000	0.0
2510000	0.0
2520000	2.0
2530000	2.0
2540000	1.0
2550000	2.0
2560000	3.0
2570000	4.0
2580000	0.0
2590000	0.0
2600000	7.0
2610000	5.0
2620000	7.0
2630000	6.0
2640000	0.0
2650000	1.0
2660000	2.0
2670000	3.0
2680000	0.0
2690000	1.0
2700000	3.0
2710000	1.0
2720000	0.0
2730000	0.0
2740000	0.0
2750000	0.0
2760000	0.0
2770000	0.0
2780000	2.0
2790000	1.0
2800000	3.0
2810000	8.0
2820000	1.0
2830000	7.0
2840000	6.0
2850000	14.0
2860000	15.0
2870000	12.0
2880000	17.0
2890000	9.0
2900000	13.0
2910000	7.0
2920000	17.0
2930000	10.0
2940000	12.0
2950000	30.0
2960000	25.0
2970000	13.0
2980000	15.0
2990000	23.0
3000000	27.0
3010000	18.0
3020000	41.0
3030000	35.0
3040000	22.0
3050000	30.0
3060000	28.0
3070000	24.0
3080000	33.0
3090000	26.0
3100000	42.0
3110000	24.0
3120000	48.0
3130000	35.0
3140000	26.0
3150000	49.0
3160000	34.0
3170000	33.0
3180000	38.0
3190000	33.0
3200000	24.0
3210000	60.0
3220000	62.0
3230000	37.0
3240000	40.0
3250000	61.0
3260000	22.0
3270000	30.0
3280000	37.0
3290000	48.0
3300000	54.0
3310000	41.0
3320000	57.0
3330000	51.0
3340000	65.0
3350000	36.0
3360000	74.0
3370000	56.0
3380000	54.0
3390000	43.0
3400000	32.0
3410000	51.0
3420000	61.0
3430000	51.0
3440000	41.0
3450000	66.0
3460000	62.0
3470000	54.0
3480000	43.0
3490000	44.0
3500000	60.0
3510000	59.0
3520000	45.0
3530000	84.0
3540000	65.0
3550000	73.0
3560000	55.0
3570000	65.0
3580000	79.0
3590000	47.0
3600000	55.0
3610000	54.0
3620000	47.0
3630000	42.0
3640000	81.0
3650000	68.0
3660000	65.0
3670000	68.0
3680000	69.0
3690000	69.0
3700000	64.0
3710000	50.0
3720000	54.0
3730000	73.0
3740000	65.0
3750000	58.0
3760000	71.0
3770000	60.0
3780000	54.0
3790000	70.0
3800000	46.0
3810000	76.0
3820000	68.0
3830000	68.0
3840000	44.0
3850000	60.0
3860000	65.0
3870000	68.0
3880000	60.0
3890000	33.0
3900000	65.0
3910000	72.0
3920000	55.0
3930000	72.0
3940000	75.0
3950000	74.0
3960000	74.0
3970000	84.0
3980000	90.0
3990000	67.0
4000000	78.0
4010000	80.0
4020000	78.0
4030000	50.0
4040000	73.0
4050000	57.0
4060000	63.0
4070000	63.0
4080000	53.0
4090000	68.0
4100000	87.0
4110000	72.0
4120000	84.0
4130000	80.0
4140000	86.0
4150000	86.0
4160000	79.0
4170000	81.0
4180000	75.0
4190000	88.0
4200000	54.0
4210000	66.0
4220000	72.0
4230000	92.0
4240000	74.0
4250000	74.0
4260000	84.0
4270000	58.0
4280000	78.0
4290000	85.0
4300000	67.0
4310000	82.0
4320000	75.0
4330000	73.0
4340000	88.0
4350000	76.0
4360000	90.0
4370000	80.0
4380000	80.0
4390000	64.0
4400000	81.0
4410000	81.0
4420000	78.0
4430000	73.0
4440000	63.0
4450000	88.0
4460000	32.0
4470000	51.0
4480000	76.0
4490000	67.0
4500000	83.0
4510000	91.0
4520000	94.0
4530000	86.0
4540000	73.0
4550000	93.0
4560000	84.0
4570000	81.0
4580000	66.0
4590000	86.0
4600000	85.0
4610000	88.0
4620000	69.0
4630000	79.0
4640000	90.0
4650000	72.0
4660000	52.0
4670000	97.0
4680000	97.0
4690000	85.0
4700000	106.0
4710000	77.0
4720000	91.0
4730000	80.0
4740000	88.0
4750000	70.0
4760000	72.0
4770000	83.0
4780000	68.0
4790000	57.0
4800000	77.0
4810000	86.0
4820000	51.0
4830000	104.0
4840000	95.0
4850000	76.0
4860000	66.0
4870000	89.0
4880000	74.0
4890000	79.0
4900000	77.0
4910000	94.0
4920000	88.0
4930000	80.0
4940000	88.0
4950000	84.0
4960000	97.0
4970000	85.0
4980000	89.0
4990000	84.0
5000000	94.0
