10000	1.0
20000	1.0
30000	1.0
40000	4.0
50000	2.0
60000	2.0
70000	4.0
80000	1.0
90000	0.0
100000	1.0
110000	1.0
120000	1.0
130000	1.0
140000	2.0
150000	0.0
160000	1.0
170000	2.0
180000	1.0
190000	1.0
200000	1.0
210000	2.0
220000	1.0
230000	2.0
240000	2.0
250000	2.0
260000	2.0
270000	1.0
280000	1.0
290000	0.0
300000	0.0
310000	0.0
320000	0.0
330000	0.0
340000	1.0
350000	2.0
360000	1.0
370000	1.0
380000	2.0
390000	1.0
400000	0.0
410000	0.0
420000	0.0
430000	0.0
440000	0.0
450000	2.0
460000	0.0
470000	1.0
480000	1.0
490000	2.0
500000	0.0
510000	0.0
520000	0.0
530000	2.0
540000	1.0
550000	0.0
560000	1.0
570000	0.0
580000	1.0
590000	0.0
600000	1.0
610000	0.0
620000	0.0
630000	0.0
640000	1.0
650000	1.0
660000	0.0
670000	0.0
680000	1.0
690000	2.0
700000	2.0
710000	2.0
720000	0.0
730000	1.0
740000	4.0
750000	0.0
760000	3.0
770000	0.0
780000	0.0
790000	2.0
800000	3.0
810000	7.0
820000	3.0
830000	7.0
840000	13.0
850000	2.0
860000	10.0
870000	19.0
880000	12.0
890000	9.0
900000	12.0
910000	10.0
920000	7.0
930000	13.0
940000	17.0
950000	21.0
960000	23.0
970000	25.0
980000	23.0
990000	39.0
1000000	24.0
1010000	26.0
1020000	38.0
1030000	22.0
1040000	39.0
1050000	41.0
1060000	43.0
1070000	46.0
1080000	43.0
1090000	33.0
1100000	43.0
1110000	27.0
1120000	1.0
1130000	2.0
1140000	1.0
1150000	2.0
1160000	1.0
1170000	0.0
1180000	0.0
1190000	0.0
1200000	0.0
1210000	0.0
1220000	1.0
1230000	1.0
1240000	1.0
1250000	2.0
1260000	0.0
1270000	0.0
1280000	0.0
1290000	0.0
1300000	1.0
1310000	1.0
1320000	0.0
1330000	1.0
1340000	1.0
1350000	2.0
1360000	0.0
1370000	2.0
1380000	1.0
1390000	3.0
1400000	1.0
1410000	0.0
1420000	1.0
1430000	2.0
1440000	0.0
1450000	0.0
1460000	0.0
1470000	4.0
1480000	4.0
1490000	5.0
1500000	6.0
1510000	2.0
1520000	6.0
1530000	1.0
1540000	1.0
1550000	4.0
1560000	4.0
1570000	2.0
1580000	2.0
1590000	6.0
1600000	8.0
1610000	7.0
1620000	6.0
1630000	6.0
1640000	10.0
1650000	10.0
1660000	10.0
1670000	7.0
1680000	7.0
1690000	21.0
1700000	12.0
1710000	20.0
1720000	8.0
1730000	3.0
1740000	2.0
1750000	1.0
1760000	0.0
1770000	2.0
1780000	2.0
1790000	1.0
1800000	0.0
1810000	0.0
1820000	0.0
1830000	1.0
1840000	0.0
1850000	1.0
1860000	1.0
1870000	1.0
1880000	3.0
1890000	1.0
1900000	2.0
1910000	0.0
1920000	0.0
1930000	0.0
1940000	1.0
1950000	0.0
1960000	0.0
1970000	0.0
1980000	2.0
1990000	1.0
2000000	3.0
2010000	0.0
2020000	3.0
2030000	2.0
2040000	3.0
2050000	3.0
2060000	6.0
2070000	2.0
2080000	22.0
2090000	11.0
2100000	22.0
2110000	18.0
2120000	14.0
2130000	41.0
2140000	14.0
2150000	8.0
2160000	35.0
2170000	10.0
2180000	14.0
2190000	27.0
2200000	27.0
2210000	29.0
2220000	17.0
2230000	37.0
2240000	35.0
2250000	17.0
2260000	39.0
2270000	24.0
2280000	43.0
2290000	39.0
2300000	36.0
2310000	48.0
2320000	37.0
2330000	60.0
2340000	44.0
2350000	49.0
2360000	46.0
2370000	17.0
2380000	39.0
2390000	39.0
2400000	45.0
2410000	62.0
2420000	40.0
2430000	43.0
2440000	50.0
2450000	55.0
2460000	50.0
2470000	56.0
2480000	53.0
2490000	58.0
2500000	26.0
2510000	51.0
2520000	38.0
2530000	31.0
2540000	41.0
2550000	60.0
2560000	57.0
2570000	51.0
2580000	54.0
2590000	53.0
2600000	74.0
2610000	63.0
2620000	48.0
2630000	50.0
2640000	54.0
2650000	62.0
2660000	66.0
2670000	56.0
2680000	48.0
2690000	61.0
2700000	29.0
2710000	45.0
2720000	54.0
2730000	53.0
2740000	67.0
2750000	41.0
2760000	35.0
2770000	50.0
2780000	64.0
2790000	79.0
2800000	51.0
2810000	67.0
2820000	72.0
2830000	73.0
2840000	67.0
2850000	62.0
2860000	59.0
2870000	61.0
2880000	69.0
2890000	77.0
2900000	71.0
2910000	63.0
2920000	61.0
2930000	71.0
2940000	69.0
2950000	80.0
2960000	61.0
2970000	61.0
2980000	59.0
2990000	61.0
3000000	64.0
3010000	72.0
3020000	81.0
3030000	75.0
3040000	80.0
3050000	78.0
3060000	68.0
3070000	64.0
3080000	71.0
3090000	72.0
3100000	66.0
3110000	68.0
3120000	70.0
3130000	80.0
3140000	79.0
3150000	82.0
3160000	78.0
3170000	78.0
3180000	73.0
3190000	86.0
3200000	79.0
3210000	74.0
3220000	80.0
3230000	57.0
3240000	70.0
3250000	75.0
3260000	63.0
3270000	67.0
3280000	82.0
3290000	96.0
3300000	77.0
3310000	87.0
3320000	87.0
3330000	85.0
3340000	63.0
3350000	64.0
3360000	79.0
3370000	67.0
3380000	64.0
3390000	70.0
3400000	77.0
3410000	88.0
3420000	89.0
3430000	74.0
3440000	87.0
3450000	80.0
3460000	84.0
3470000	75.0
3480000	92.0
3490000	79.0
3500000	84.0
3510000	82.0
3520000	83.0
3530000	7.0
3540000	3.0
3550000	2.0
3560000	1.0
3570000	2.0
3580000	0.0
3590000	0.0
3600000	0.0
3610000	1.0
3620000	1.0
3630000	0.0
3640000	1.0
3650000	0.0
3660000	1.0
3670000	2.0
3680000	2.0
3690000	2.0
3700000	0.0
3710000	0.0
3720000	0.0
3730000	0.0
3740000	0.0
3750000	4.0
3760000	1.0
3770000	6.0
3780000	2.0
3790000	3.0
3800000	6.0
3810000	1.0
3820000	5.0
3830000	2.0
3840000	3.0
3850000	13.0
3860000	20.0
3870000	4.0
3880000	2.0
3890000	5.0
3900000	9.0
3910000	9.0
3920000	17.0
3930000	19.0
3940000	28.0
3950000	25.0
3960000	18.0
3970000	35.0
3980000	6.0
3990000	3.0
4000000	2.0
4010000	1.0
4020000	2.0
4030000	0.0
4040000	0.0
4050000	3.0
4060000	0.0
4070000	0.0
4080000	1.0
4090000	2.0
4100000	0.0
4110000	2.0
4120000	1.0
4130000	4.0
4140000	6.0
4150000	2.0
4160000	8.0
4170000	2.0
4180000	0.0
4190000	3.0
4200000	6.0
4210000	3.0
4220000	7.0
4230000	4.0
4240000	14.0
4250000	13.0
4260000	8.0
4270000	5.0
4280000	12.0
4290000	9.0
4300000	10.0
4310000	21.0
4320000	18.0
4330000	21.0
4340000	41.0
4350000	22.0
4360000	22.0
4370000	37.0
4380000	5.0
4390000	2.0
4400000	1.0
4410000	1.0
4420000	1.0
4430000	0.0
4440000	0.0
4450000	0.0
4460000	0.0
4470000	0.0
4480000	0.0
4490000	0.0
4500000	1.0
4510000	1.0
4520000	0.0
4530000	2.0
4540000	0.0
4550000	1.0
4560000	1.0
4570000	0.0
4580000	1.0
4590000	0.0
4600000	2.0
4610000	1.0
4620000	1.0
4630000	2.0
4640000	1.0
4650000	0.0
4660000	0.0
4670000	0.0
4680000	0.0
4690000	0.0
4700000	0.0
4710000	0.0
4720000	0.0
4730000	1.0
4740000	0.0
4750000	5.0
4760000	4.0
4770000	0.0
4780000	1.0
4790000	4.0
4800000	7.0
4810000	7.0
4820000	8.0
4830000	13.0
4840000	5.0
4850000	5.0
4860000	6.0
4870000	8.0
4880000	15.0
4890000	24.0
4900000	17.0
4910000	18.0
4920000	17.0
4930000	11.0
4940000	13.0
4950000	29.0
4960000	39.0
4970000	26.0
4980000	45.0
4990000	18.0
5000000	14.0
