10000	1.0
20000	2.0
30000	1.0
40000	2.0
50000	1.0
60000	2.0
70000	3.0
80000	2.0
90000	1.0
100000	1.0
110000	0.0
120000	3.0
130000	1.0
140000	1.0
150000	2.0
160000	2.0
170000	0.0
180000	1.0
190000	0.0
200000	0.0
210000	1.0
220000	3.0
230000	3.0
240000	0.0
250000	1.0
260000	1.0
270000	3.0
280000	0.0
290000	1.0
300000	2.0
310000	1.0
320000	2.0
330000	2.0
340000	1.0
350000	0.0
360000	0.0
370000	0.0
380000	0.0
390000	0.0
400000	3.0
410000	0.0
420000	1.0
430000	2.0
440000	1.0
450000	0.0
460000	0.0
470000	0.0
480000	0.0
490000	0.0
500000	1.0
510000	2.0
520000	3.0
530000	1.0
540000	3.0
550000	2.0
560000	1.0
570000	0.0
580000	2.0
590000	1.0
600000	2.0
610000	3.0
620000	1.0
630000	2.0
640000	0.0
650000	0.0
660000	0.0
670000	0.0
680000	0.0
690000	0.0
700000	1.0
710000	0.0
720000	1.0
730000	0.0
740000	0.0
750000	0.0
760000	0.0
770000	2.0
780000	3.0
790000	1.0
800000	2.0
810000	0.0
820000	3.0
830000	3.0
840000	2.0
850000	1.0
860000	3.0
870000	0.0
880000	0.0
890000	0.0
900000	0.0
910000	0.0
920000	0.0
930000	0.0
940000	2.0
950000	3.0
960000	4.0
970000	4.0
980000	0.0
990000	2.0
1000000	6.0
1010000	8.0
1020000	8.0
1030000	16.0
1040000	14.0
1050000	8.0
1060000	7.0
1070000	26.0
1080000	6.0
1090000	15.0
1100000	8.0
1110000	19.0
1120000	22.0
1130000	26.0
1140000	24.0
1150000	23.0
1160000	14.0
1170000	18.0
1180000	18.0
1190000	15.0
1200000	20.0
1210000	8.0
1220000	3.0
1230000	1.0
1240000	2.0
1250000	3.0
1260000	2.0
1270000	0.0
1280000	0.0
1290000	0.0
1300000	0.0
1310000	1.0
1320000	0.0
1330000	0.0
1340000	2.0
1350000	0.0
1360000	2.0
1370000	3.0
1380000	0.0
1390000	1.0
1400000	0.0
1410000	2.0
1420000	2.0
1430000	1.0
1440000	3.0
1450000	6.0
1460000	5.0
1470000	2.0
1480000	3.0
1490000	2.0
1500000	2.0
1510000	9.0
1520000	8.0
1530000	8.0
1540000	4.0
1550000	4.0
1560000	8.0
1570000	7.0
1580000	10.0
1590000	18.0
1600000	23.0
1610000	20.0
1620000	25.0
1630000	32.0
1640000	21.0
1650000	34.0
1660000	39.0
1670000	21.0
1680000	46.0
1690000	43.0
1700000	41.0
1710000	16.0
1720000	59.0
1730000	41.0
1740000	56.0
1750000	46.0
1760000	37.0
1770000	41.0
1780000	31.0
1790000	51.0
1800000	53.0
1810000	52.0
1820000	36.0
1830000	79.0
1840000	54.0
1850000	68.0
1860000	65.0
1870000	70.0
1880000	52.0
1890000	42.0
1900000	72.0
1910000	50.0
1920000	35.0
1930000	68.0
1940000	73.0
1950000	52.0
1960000	63.0
1970000	55.0
1980000	72.0
1990000	62.0
2000000	70.0
2010000	74.0
2020000	71.0
2030000	77.0
2040000	60.0
2050000	79.0
2060000	76.0
2070000	81.0
2080000	68.0
2090000	41.0
2100000	60.0
2110000	57.0
2120000	74.0
2130000	72.0
2140000	48.0
2150000	68.0
2160000	65.0
2170000	75.0
2180000	70.0
2190000	67.0
2200000	74.0
2210000	75.0
2220000	67.0
2230000	67.0
2240000	64.0
2250000	53.0
2260000	68.0
2270000	60.0
2280000	85.0
2290000	53.0
2300000	78.0
2310000	83.0
2320000	74.0
2330000	70.0
2340000	71.0
2350000	66.0
2360000	61.0
2370000	79.0
2380000	73.0
2390000	73.0
2400000	67.0
2410000	74.0
2420000	73.0
2430000	79.0
2440000	87.0
2450000	73.0
2460000	71.0
2470000	71.0
2480000	67.0
2490000	84.0
2500000	85.0
2510000	73.0
2520000	61.0
2530000	95.0
2540000	81.0
2550000	78.0
2560000	67.0
2570000	66.0
2580000	84.0
2590000	86.0
2600000	52.0
2610000	51.0
2620000	70.0
2630000	88.0
2640000	83.0
2650000	81.0
2660000	83.0
2670000	87.0
2680000	70.0
2690000	91.0
2700000	67.0
2710000	87.0
2720000	84.0
2730000	89.0
2740000	82.0
2750000	72.0
2760000	91.0
2770000	81.0
2780000	96.0
2790000	88.0
2800000	75.0
2810000	88.0
2820000	86.0
2830000	88.0
2840000	80.0
2850000	78.0
2860000	87.0
2870000	78.0
2880000	90.0
2890000	87.0
2900000	56.0
2910000	69.0
2920000	86.0
2930000	88.0
2940000	53.0
2950000	98.0
2960000	81.0
2970000	93.0
2980000	83.0
2990000	81.0
3000000	85.0
3010000	75.0
3020000	81.0
3030000	64.0
3040000	85.0
3050000	100.0
3060000	90.0
3070000	84.0
3080000	102.0
3090000	85.0
3100000	98.0
3110000	94.0
3120000	80.0
3130000	89.0
3140000	90.0
3150000	74.0
3160000	97.0
3170000	78.0
3180000	89.0
3190000	90.0
3200000	92.0
3210000	78.0
3220000	95.0
3230000	84.0
3240000	101.0
3250000	78.0
3260000	66.0
3270000	86.0
3280000	88.0
3290000	76.0
3300000	89.0
3310000	91.0
3320000	93.0
3330000	89.0
3340000	96.0
3350000	94.0
3360000	105.0
3370000	84.0
3380000	79.0
3390000	102.0
3400000	86.0
3410000	84.0
3420000	89.0
3430000	83.0
3440000	98.0
3450000	85.0
3460000	78.0
3470000	90.0
3480000	81.0
3490000	90.0
3500000	71.0
3510000	75.0
3520000	100.0
3530000	69.0
3540000	93.0
3550000	83.0
3560000	95.0
3570000	98.0
3580000	93.0
3590000	75.0
3600000	85.0
3610000	100.0
3620000	92.0
3630000	94.0
3640000	82.0
3650000	85.0
3660000	75.0
3670000	106.0
3680000	89.0
3690000	85.0
3700000	81.0
3710000	99.0
3720000	99.0
3730000	95.0
3740000	95.0
3750000	103.0
3760000	97.0
3770000	95.0
3780000	83.0
3790000	96.0
3800000	92.0
3810000	93.0
3820000	77.0
3830000	83.0
3840000	82.0
3850000	84.0
3860000	105.0
3870000	77.0
3880000	97.0
3890000	96.0
3900000	71.0
3910000	46.0
3920000	88.0
3930000	83.0
3940000	93.0
3950000	97.0
3960000	95.0
3970000	98.0
3980000	92.0
3990000	92.0
4000000	46.0
4010000	94.0
4020000	95.0
4030000	85.0
4040000	69.0
4050000	93.0
4060000	78.0
4070000	104.0
4080000	91.0
4090000	91.0
4100000	95.0
4110000	93.0
4120000	84.0
4130000	96.0
4140000	83.0
4150000	80.0
4160000	71.0
4170000	92.0
4180000	36.0
4190000	104.0
4200000	104.0
4210000	93.0
4220000	96.0
4230000	100.0
4240000	105.0
4250000	91.0
4260000	94.0
4270000	86.0
4280000	89.0
4290000	86.0
4300000	101.0
4310000	99.0
4320000	86.0
4330000	84.0
4340000	95.0
4350000	88.0
4360000	83.0
4370000	89.0
4380000	98.0
4390000	98.0
4400000	87.0
4410000	70.0
4420000	99.0
4430000	97.0
4440000	103.0
4450000	101.0
4460000	86.0
4470000	94.0
4480000	77.0
4490000	95.0
4500000	93.0
4510000	100.0
4520000	89.0
4530000	102.0
4540000	102.0
4550000	105.0
4560000	96.0
4570000	96.0
4580000	92.0
4590000	86.0
4600000	97.0
4610000	97.0
4620000	100.0
4630000	58.0
4640000	13.0
4650000	72.0
4660000	95.0
4670000	69.0
4680000	95.0
4690000	79.0
4700000	95.0
4710000	100.0
4720000	85.0
4730000	93.0
4740000	104.0
4750000	88.0
4760000	88.0
4770000	88.0
4780000	75.0
4790000	99.0
4800000	94.0
4810000	92.0
4820000	101.0
4830000	98.0
4840000	101.0
4850000	102.0
4860000	96.0
4870000	95.0
4880000	93.0
4890000	103.0
4900000	86.0
4910000	98.0
4920000	104.0
4930000	94.0
4940000	85.0
4950000	97.0
4960000	107.0
4970000	100.0
4980000	101.0
4990000	88.0
5000000	98.0
