10000	1.0
20000	0.0
30000	1.0
40000	3.0
50000	1.0
60000	1.0
70000	2.0
80000	2.0
90000	3.0
100000	1.0
110000	0.0
120000	2.0
130000	2.0
140000	2.0
150000	1.0
160000	3.0
170000	2.0
180000	0.0
190000	2.0
200000	3.0
210000	1.0
220000	0.0
230000	2.0
240000	1.0
250000	2.0
260000	3.0
270000	1.0
280000	0.0
290000	0.0
300000	2.0
310000	0.0
320000	0.0
330000	0.0
340000	0.0
350000	0.0
360000	1.0
370000	1.0
380000	1.0
390000	1.0
400000	0.0
410000	2.0
420000	0.0
430000	3.0
440000	3.0
450000	1.0
460000	0.0
470000	1.0
480000	0.0
490000	1.0
500000	1.0
510000	0.0
520000	1.0
530000	0.0
540000	2.0
550000	1.0
560000	0.0
570000	0.0
580000	1.0
590000	2.0
600000	2.0
610000	1.0
620000	1.0
630000	6.0
640000	1.0
650000	0.0
660000	4.0
670000	3.0
680000	9.0
690000	4.0
700000	6.0
710000	9.0
720000	9.0
730000	13.0
740000	13.0
750000	24.0
760000	12.0
770000	1.0
780000	25.0
790000	17.0
800000	42.0
810000	22.0
820000	10.0
830000	54.0
840000	40.0
850000	51.0
860000	41.0
870000	46.0
880000	45.0
890000	51.0
900000	46.0
910000	58.0
920000	31.0
930000	45.0
940000	51.0
950000	47.0
960000	60.0
970000	52.0
980000	54.0
990000	41.0
1000000	54.0
1010000	40.0
1020000	81.0
1030000	52.0
1040000	44.0
1050000	66.0
1060000	56.0
1070000	50.0
1080000	57.0
1090000	60.0
1100000	53.0
1110000	57.0
1120000	56.0
1130000	57.0
1140000	71.0
1150000	77.0
1160000	47.0
1170000	64.0
1180000	53.0
1190000	66.0
1200000	36.0
1210000	64.0
1220000	74.0
1230000	74.0
1240000	69.0
1250000	61.0
1260000	77.0
1270000	52.0
1280000	76.0
1290000	61.0
1300000	74.0
1310000	66.0
1320000	68.0
1330000	76.0
1340000	65.0
1350000	79.0
1360000	73.0
1370000	71.0
1380000	63.0
1390000	63.0
1400000	78.0
1410000	73.0
1420000	53.0
1430000	67.0
1440000	57.0
1450000	69.0
1460000	56.0
1470000	72.0
1480000	63.0
1490000	76.0
1500000	71.0
1510000	70.0
1520000	71.0
1530000	62.0
1540000	80.0
1550000	52.0
1560000	65.0
1570000	52.0
1580000	49.0
1590000	77.0
1600000	71.0
1610000	63.0
1620000	55.0
1630000	47.0
1640000	58.0
1650000	76.0
1660000	83.0
1670000	99.0
1680000	71.0
1690000	74.0
1700000	72.0
1710000	83.0
1720000	72.0
1730000	86.0
1740000	85.0
1750000	73.0
1760000	70.0
1770000	73.0
1780000	67.0
1790000	55.0
1800000	56.0
1810000	66.0
1820000	85.0
1830000	64.0
1840000	44.0
1850000	64.0
1860000	79.0
1870000	86.0
1880000	81.0
1890000	79.0
1900000	81.0
1910000	80.0
1920000	87.0
1930000	87.0
1940000	83.0
1950000	78.0
1960000	73.0
1970000	84.0
1980000	77.0
1990000	79.0
2000000	73.0
2010000	92.0
2020000	77.0
2030000	78.0
2040000	81.0
2050000	92.0
2060000	78.0
2070000	75.0
2080000	91.0
2090000	83.0
2100000	97.0
2110000	85.0
2120000	76.0
2130000	84.0
2140000	87.0
2150000	92.0
2160000	93.0
2170000	85.0
2180000	77.0
2190000	82.0
2200000	76.0
2210000	92.0
2220000	78.0
2230000	88.0
2240000	98.0
2250000	90.0
2260000	82.0
2270000	92.0
2280000	73.0
2290000	91.0
2300000	96.0
2310000	87.0
2320000	95.0
2330000	84.0
2340000	86.0
2350000	83.0
2360000	88.0
2370000	79.0
2380000	86.0
2390000	79.0
2400000	97.0
2410000	92.0
2420000	84.0
2430000	85.0
2440000	94.0
2450000	94.0
2460000	86.0
2470000	76.0
2480000	97.0
2490000	96.0
2500000	88.0
2510000	88.0
2520000	84.0
2530000	75.0
2540000	83.0
2550000	87.0
2560000	90.0
2570000	97.0
2580000	85.0
2590000	90.0
2600000	84.0
2610000	103.0
2620000	104.0
2630000	88.0
2640000	94.0
2650000	95.0
2660000	101.0
2670000	80.0
2680000	107.0
2690000	96.0
2700000	91.0
2710000	95.0
2720000	93.0
2730000	76.0
2740000	92.0
2750000	96.0
2760000	90.0
2770000	104.0
2780000	97.0
2790000	99.0
2800000	95.0
2810000	94.0
2820000	93.0
2830000	89.0
2840000	95.0
2850000	86.0
2860000	87.0
2870000	95.0
2880000	94.0
2890000	95.0
2900000	95.0
2910000	91.0
2920000	88.0
2930000	76.0
2940000	108.0
2950000	96.0
2960000	104.0
2970000	93.0
2980000	85.0
2990000	103.0
3000000	101.0
3010000	89.0
3020000	83.0
3030000	94.0
3040000	82.0
3050000	96.0
3060000	82.0
3070000	109.0
3080000	79.0
3090000	95.0
3100000	97.0
3110000	96.0
3120000	91.0
3130000	93.0
3140000	103.0
3150000	97.0
3160000	106.0
3170000	99.0
3180000	90.0
3190000	91.0
3200000	106.0
3210000	104.0
3220000	106.0
3230000	101.0
3240000	101.0
3250000	78.0
3260000	112.0
3270000	85.0
3280000	96.0
3290000	82.0
3300000	97.0
3310000	76.0
3320000	90.0
3330000	98.0
3340000	97.0
3350000	104.0
3360000	101.0
3370000	100.0
3380000	103.0
3390000	108.0
3400000	63.0
3410000	99.0
3420000	87.0
3430000	105.0
3440000	97.0
3450000	97.0
3460000	93.0
3470000	104.0
3480000	97.0
3490000	98.0
3500000	101.0
3510000	101.0
3520000	94.0
3530000	105.0
3540000	101.0
3550000	103.0
3560000	93.0
3570000	97.0
3580000	106.0
3590000	87.0
3600000	85.0
3610000	74.0
3620000	101.0
3630000	88.0
3640000	100.0
3650000	108.0
3660000	105.0
3670000	100.0
3680000	92.0
3690000	89.0
3700000	105.0
3710000	101.0
3720000	92.0
3730000	95.0
3740000	102.0
3750000	99.0
3760000	94.0
3770000	101.0
3780000	96.0
3790000	103.0
3800000	84.0
3810000	91.0
3820000	101.0
3830000	102.0
3840000	94.0
3850000	84.0
3860000	78.0
3870000	77.0
3880000	81.0
3890000	102.0
3900000	101.0
3910000	81.0
3920000	92.0
3930000	92.0
3940000	102.0
3950000	103.0
3960000	75.0
3970000	107.0
3980000	99.0
3990000	91.0
4000000	87.0
4010000	102.0
4020000	95.0
4030000	71.0
4040000	95.0
4050000	78.0
4060000	104.0
4070000	93.0
4080000	98.0
4090000	92.0
4100000	97.0
4110000	106.0
4120000	103.0
4130000	84.0
4140000	90.0
4150000	102.0
4160000	109.0
4170000	84.0
4180000	99.0
4190000	104.0
4200000	90.0
4210000	101.0
4220000	91.0
4230000	95.0
4240000	87.0
4250000	103.0
4260000	98.0
4270000	94.0
4280000	81.0
4290000	73.0
4300000	83.0
4310000	74.0
4320000	91.0
4330000	92.0
4340000	103.0
4350000	99.0
4360000	102.0
4370000	93.0
4380000	106.0
4390000	102.0
4400000	90.0
4410000	111.0
4420000	85.0
4430000	91.0
4440000	86.0
4450000	75.0
4460000	45.0
4470000	81.0
4480000	90.0
4490000	107.0
4500000	101.0
4510000	88.0
4520000	110.0
4530000	110.0
4540000	99.0
4550000	99.0
4560000	91.0
4570000	90.0
4580000	98.0
4590000	82.0
4600000	97.0
4610000	105.0
4620000	100.0
4630000	104.0
4640000	98.0
4650000	100.0
4660000	86.0
4670000	89.0
4680000	98.0
4690000	99.0
4700000	97.0
4710000	100.0
4720000	89.0
4730000	99.0
4740000	90.0
4750000	109.0
4760000	93.0
4770000	66.0
4780000	91.0
4790000	91.0
4800000	104.0
4810000	98.0
4820000	100.0
4830000	91.0
4840000	87.0
4850000	97.0
4860000	114.0
4870000	97.0
4880000	106.0
4890000	91.0
4900000	109.0
4910000	105.0
4920000	108.0
4930000	102.0
4940000	90.0
4950000	103.0
4960000	112.0
4970000	93.0
4980000	93.0
4990000	100.0
5000000	100.0
