10000	0.0
20000	2.0
30000	2.0
40000	2.0
50000	0.0
60000	0.0
70000	3.0
80000	0.0
90000	1.0
100000	1.0
110000	0.0
120000	2.0
130000	2.0
140000	3.0
150000	1.0
160000	2.0
170000	1.0
180000	1.0
190000	1.0
200000	1.0
210000	0.0
220000	2.0
230000	0.0
240000	2.0
250000	2.0
260000	0.0
270000	1.0
280000	0.0
290000	1.0
300000	0.0
310000	1.0
320000	1.0
330000	0.0
340000	1.0
350000	0.0
360000	3.0
370000	4.0
380000	5.0
390000	5.0
400000	3.0
410000	7.0
420000	10.0
430000	14.0
440000	11.0
450000	2.0
460000	1.0
470000	1.0
480000	2.0
490000	1.0
500000	0.0
510000	0.0
520000	0.0
530000	0.0
540000	0.0
550000	0.0
560000	1.0
570000	0.0
580000	0.0
590000	1.0
600000	3.0
610000	3.0
620000	1.0
630000	0.0
640000	1.0
650000	0.0
660000	1.0
670000	0.0
680000	0.0
690000	0.0
700000	0.0
710000	2.0
720000	1.0
730000	1.0
740000	0.0
750000	2.0
760000	0.0
770000	2.0
780000	1.0
790000	3.0
800000	1.0
810000	0.0
820000	1.0
830000	0.0
840000	0.0
850000	0.0
860000	0.0
870000	0.0
880000	1.0
890000	4.0
900000	0.0
910000	1.0
920000	0.0
930000	0.0
940000	0.0
950000	1.0
960000	2.0
970000	1.0
980000	0.0
990000	2.0
1000000	1.0
1010000	1.0
1020000	1.0
1030000	3.0
1040000	2.0
1050000	1.0
1060000	1.0
1070000	0.0
1080000	0.0
1090000	0.0
1100000	0.0
1110000	0.0
1120000	0.0
1130000	0.0
1140000	0.0
1150000	0.0
1160000	0.0
1170000	0.0
1180000	0.0
1190000	1.0
1200000	0.0
1210000	1.0
1220000	0.0
1230000	0.0
1240000	3.0
1250000	0.0
1260000	1.0
1270000	1.0
1280000	2.0
1290000	0.0
1300000	1.0
1310000	2.0
1320000	3.0
1330000	2.0
1340000	4.0
1350000	3.0
1360000	3.0
1370000	4.0
1380000	2.0
1390000	9.0
1400000	6.0
1410000	11.0
1420000	14.0
1430000	11.0
1440000	9.0
1450000	11.0
1460000	27.0
1470000	30.0
1480000	43.0
1490000	46.0
1500000	48.0
1510000	45.0
1520000	56.0
1530000	52.0
1540000	31.0
1550000	48.0
1560000	52.0
1570000	35.0
1580000	51.0
1590000	28.0
1600000	41.0
1610000	26.0
1620000	65.0
1630000	57.0
1640000	60.0
1650000	46.0
1660000	59.0
1670000	54.0
1680000	63.0
1690000	48.0
1700000	41.0
1710000	43.0
1720000	60.0
1730000	48.0
1740000	46.0
1750000	28.0
1760000	54.0
1770000	59.0
1780000	58.0
1790000	46.0
1800000	62.0
1810000	57.0
1820000	54.0
1830000	52.0
1840000	58.0
1850000	43.0
1860000	59.0
1870000	41.0
1880000	47.0
1890000	50.0
1900000	61.0
1910000	64.0
1920000	51.0
1930000	59.0
1940000	54.0
1950000	74.0
1960000	78.0
1970000	65.0
1980000	53.0
1990000	50.0
2000000	70.0
2010000	41.0
2020000	68.0
2030000	73.0
2040000	78.0
2050000	65.0
2060000	69.0
2070000	76.0
2080000	59.0
2090000	69.0
2100000	71.0
2110000	67.0
2120000	44.0
2130000	62.0
2140000	56.0
2150000	76.0
2160000	69.0
2170000	50.0
2180000	79.0
2190000	81.0
2200000	73.0
2210000	88.0
2220000	73.0
2230000	72.0
2240000	57.0
2250000	56.0
2260000	57.0
2270000	76.0
2280000	36.0
2290000	45.0
2300000	61.0
2310000	79.0
2320000	74.0
2330000	78.0
2340000	68.0
2350000	81.0
2360000	62.0
2370000	78.0
2380000	84.0
2390000	57.0
2400000	75.0
2410000	77.0
2420000	88.0
2430000	76.0
2440000	87.0
2450000	82.0
2460000	74.0
2470000	77.0
2480000	89.0
2490000	78.0
2500000	83.0
2510000	85.0
2520000	92.0
2530000	76.0
2540000	63.0
2550000	81.0
2560000	79.0
2570000	83.0
2580000	88.0
2590000	75.0
2600000	91.0
2610000	85.0
2620000	75.0
2630000	83.0
2640000	69.0
2650000	78.0
2660000	80.0
2670000	79.0
2680000	86.0
2690000	73.0
2700000	86.0
2710000	81.0
2720000	86.0
2730000	71.0
2740000	85.0
2750000	73.0
2760000	58.0
2770000	88.0
2780000	73.0
2790000	87.0
2800000	89.0
2810000	94.0
2820000	83.0
2830000	71.0
2840000	83.0
2850000	94.0
2860000	83.0
2870000	82.0
2880000	90.0
2890000	72.0
2900000	81.0
2910000	90.0
2920000	98.0
2930000	93.0
2940000	92.0
2950000	86.0
2960000	79.0
2970000	85.0
2980000	89.0
2990000	85.0
3000000	53.0
3010000	92.0
3020000	90.0
3030000	88.0
3040000	84.0
3050000	89.0
3060000	88.0
3070000	73.0
3080000	71.0
3090000	94.0
3100000	85.0
3110000	90.0
3120000	81.0
3130000	88.0
3140000	61.0
3150000	71.0
3160000	91.0
3170000	105.0
3180000	94.0
3190000	91.0
3200000	86.0
3210000	94.0
3220000	78.0
3230000	100.0
3240000	91.0
3250000	91.0
3260000	100.0
3270000	97.0
3280000	92.0
3290000	79.0
3300000	97.0
3310000	85.0
3320000	95.0
3330000	91.0
3340000	88.0
3350000	79.0
3360000	85.0
3370000	84.0
3380000	89.0
3390000	85.0
3400000	98.0
3410000	82.0
3420000	98.0
3430000	73.0
3440000	82.0
3450000	87.0
3460000	85.0
3470000	89.0
3480000	105.0
3490000	88.0
3500000	95.0
3510000	87.0
3520000	94.0
3530000	86.0
3540000	81.0
3550000	88.0
3560000	99.0
3570000	98.0
3580000	87.0
3590000	90.0
3600000	105.0
3610000	91.0
3620000	87.0
3630000	93.0
3640000	93.0
3650000	84.0
3660000	86.0
3670000	91.0
3680000	101.0
3690000	87.0
3700000	87.0
3710000	85.0
3720000	104.0
3730000	92.0
3740000	88.0
3750000	85.0
3760000	87.0
3770000	96.0
3780000	100.0
3790000	90.0
3800000	101.0
3810000	87.0
3820000	94.0
3830000	87.0
3840000	92.0
3850000	97.0
3860000	95.0
3870000	103.0
3880000	92.0
3890000	89.0
3900000	104.0
3910000	98.0
3920000	97.0
3930000	74.0
3940000	74.0
3950000	84.0
3960000	87.0
3970000	72.0
3980000	85.0
3990000	77.0
4000000	91.0
4010000	89.0
4020000	94.0
4030000	99.0
4040000	96.0
4050000	102.0
4060000	101.0
4070000	95.0
4080000	87.0
4090000	82.0
4100000	89.0
4110000	82.0
4120000	92.0
4130000	91.0
4140000	89.0
4150000	96.0
4160000	100.0
4170000	82.0
4180000	76.0
4190000	104.0
4200000	87.0
4210000	96.0
4220000	102.0
4230000	95.0
4240000	88.0
4250000	98.0
4260000	93.0
4270000	98.0
4280000	98.0
4290000	96.0
4300000	106.0
4310000	98.0
4320000	102.0
4330000	100.0
4340000	84.0
4350000	99.0
4360000	95.0
4370000	96.0
4380000	93.0
4390000	97.0
4400000	99.0
4410000	98.0
4420000	94.0
4430000	100.0
4440000	90.0
4450000	89.0
4460000	96.0
4470000	88.0
4480000	88.0
4490000	101.0
4500000	100.0
4510000	101.0
4520000	107.0
4530000	98.0
4540000	97.0
4550000	102.0
4560000	92.0
4570000	99.0
4580000	99.0
4590000	79.0
4600000	78.0
4610000	94.0
4620000	98.0
4630000	92.0
4640000	100.0
4650000	95.0
4660000	81.0
4670000	101.0
4680000	100.0
4690000	106.0
4700000	88.0
4710000	81.0
4720000	107.0
4730000	106.0
4740000	85.0
4750000	85.0
4760000	99.0
4770000	100.0
4780000	102.0
4790000	95.0
4800000	99.0
4810000	49.0
4820000	100.0
4830000	106.0
4840000	99.0
4850000	108.0
4860000	93.0
4870000	105.0
4880000	99.0
4890000	97.0
4900000	98.0
4910000	67.0
4920000	82.0
4930000	92.0
4940000	92.0
4950000	94.0
4960000	100.0
4970000	98.0
4980000	98.0
4990000	96.0
5000000	92.0
