10000	1.0
20000	1.0
30000	2.0
40000	1.0
50000	2.0
60000	1.0
70000	1.0
80000	2.0
90000	0.0
100000	2.0
110000	2.0
120000	2.0
130000	3.0
140000	2.0
150000	3.0
160000	1.0
170000	2.0
180000	2.0
190000	1.0
200000	1.0
210000	1.0
220000	2.0
230000	2.0
240000	1.0
250000	1.0
260000	2.0
270000	2.0
280000	1.0
290000	1.0
300000	0.0
310000	0.0
320000	0.0
330000	0.0
340000	0.0
350000	2.0
360000	2.0
370000	5.0
380000	3.0
390000	3.0
400000	3.0
410000	3.0
420000	5.0
430000	2.0
440000	12.0
450000	8.0
460000	11.0
470000	11.0
480000	13.0
490000	10.0
500000	10.0
510000	1.0
520000	1.0
530000	1.0
540000	2.0
550000	0.0
560000	0.0
570000	0.0
580000	0.0
590000	0.0
600000	2.0
610000	3.0
620000	2.0
630000	3.0
640000	3.0
650000	1.0
660000	0.0
670000	1.0
680000	3.0
690000	0.0
700000	2.0
710000	0.0
720000	0.0
730000	0.0
740000	0.0
750000	2.0
760000	0.0
770000	3.0
780000	1.0
790000	2.0
800000	2.0
810000	0.0
820000	0.0
830000	0.0
840000	0.0
850000	0.0
860000	0.0
870000	0.0
880000	2.0
890000	3.0
900000	0.0
910000	2.0
920000	1.0
930000	0.0
940000	2.0
950000	1.0
960000	3.0
970000	3.0
980000	2.0
990000	2.0
1000000	3.0
1010000	4.0
1020000	2.0
1030000	4.0
1040000	4.0
1050000	2.0
1060000	1.0
1070000	2.0
1080000	7.0
1090000	4.0
1100000	5.0
1110000	8.0
1120000	7.0
1130000	17.0
1140000	7.0
1150000	3.0
1160000	23.0
1170000	24.0
1180000	17.0
1190000	20.0
1200000	19.0
1210000	20.0
1220000	36.0
1230000	37.0
1240000	24.0
1250000	57.0
1260000	31.0
1270000	25.0
1280000	35.0
1290000	54.0
1300000	40.0
1310000	38.0
1320000	38.0
1330000	52.0
1340000	35.0
1350000	38.0
1360000	61.0
1370000	38.0
1380000	50.0
1390000	43.0
1400000	61.0
1410000	57.0
1420000	43.0
1430000	52.0
1440000	74.0
1450000	66.0
1460000	77.0
1470000	49.0
1480000	60.0
1490000	34.0
1500000	63.0
1510000	64.0
1520000	68.0
1530000	58.0
1540000	43.0
1550000	64.0
1560000	57.0
1570000	78.0
1580000	63.0
1590000	62.0
1600000	70.0
1610000	59.0
1620000	60.0
1630000	61.0
1640000	73.0
1650000	67.0
1660000	77.0
1670000	67.0
1680000	56.0
1690000	49.0
1700000	72.0
1710000	69.0
1720000	91.0
1730000	79.0
1740000	64.0
1750000	74.0
1760000	76.0
1770000	57.0
1780000	70.0
1790000	54.0
1800000	74.0
1810000	70.0
1820000	74.0
1830000	70.0
1840000	72.0
1850000	70.0
1860000	82.0
1870000	85.0
1880000	83.0
1890000	78.0
1900000	51.0
1910000	78.0
1920000	86.0
1930000	87.0
1940000	56.0
1950000	71.0
1960000	43.0
1970000	56.0
1980000	75.0
1990000	80.0
2000000	86.0
2010000	86.0
2020000	83.0
2030000	87.0
2040000	87.0
2050000	86.0
2060000	91.0
2070000	72.0
2080000	66.0
2090000	71.0
2100000	71.0
2110000	67.0
2120000	81.0
2130000	71.0
2140000	80.0
2150000	77.0
2160000	70.0
2170000	83.0
2180000	87.0
2190000	78.0
2200000	69.0
2210000	82.0
2220000	102.0
2230000	89.0
2240000	85.0
2250000	86.0
2260000	79.0
2270000	82.0
2280000	71.0
2290000	73.0
2300000	79.0
2310000	85.0
2320000	80.0
2330000	74.0
2340000	64.0
2350000	47.0
2360000	87.0
2370000	80.0
2380000	96.0
2390000	94.0
2400000	91.0
2410000	92.0
2420000	79.0
2430000	94.0
2440000	96.0
2450000	82.0
2460000	73.0
2470000	82.0
2480000	69.0
2490000	85.0
2500000	75.0
2510000	76.0
2520000	92.0
2530000	88.0
2540000	78.0
2550000	100.0
2560000	97.0
2570000	79.0
2580000	94.0
2590000	87.0
2600000	73.0
2610000	57.0
2620000	67.0
2630000	44.0
2640000	77.0
2650000	85.0
2660000	74.0
2670000	84.0
2680000	80.0
2690000	78.0
2700000	90.0
2710000	72.0
2720000	93.0
2730000	83.0
2740000	79.0
2750000	92.0
2760000	73.0
2770000	83.0
2780000	80.0
2790000	79.0
2800000	67.0
2810000	94.0
2820000	91.0
2830000	98.0
2840000	89.0
2850000	78.0
2860000	99.0
2870000	85.0
2880000	74.0
2890000	90.0
2900000	73.0
2910000	73.0
2920000	72.0
2930000	85.0
2940000	88.0
2950000	83.0
2960000	89.0
2970000	78.0
2980000	94.0
2990000	90.0
3000000	106.0
3010000	92.0
3020000	85.0
3030000	79.0
3040000	86.0
3050000	95.0
3060000	87.0
3070000	75.0
3080000	79.0
3090000	96.0
3100000	84.0
3110000	85.0
3120000	90.0
3130000	89.0
3140000	71.0
3150000	88.0
3160000	92.0
3170000	79.0
3180000	83.0
3190000	93.0
3200000	92.0
3210000	89.0
3220000	91.0
3230000	84.0
3240000	93.0
3250000	75.0
3260000	99.0
3270000	75.0
3280000	73.0
3290000	88.0
3300000	83.0
3310000	89.0
3320000	93.0
3330000	77.0
3340000	71.0
3350000	81.0
3360000	68.0
3370000	84.0
3380000	101.0
3390000	91.0
3400000	101.0
3410000	87.0
3420000	90.0
3430000	87.0
3440000	88.0
3450000	98.0
3460000	79.0
3470000	80.0
3480000	95.0
3490000	100.0
3500000	77.0
3510000	83.0
3520000	71.0
3530000	73.0
3540000	85.0
3550000	90.0
3560000	82.0
3570000	100.0
3580000	93.0
3590000	99.0
3600000	91.0
3610000	102.0
3620000	93.0
3630000	90.0
3640000	89.0
3650000	92.0
3660000	76.0
3670000	86.0
3680000	89.0
3690000	91.0
3700000	92.0
3710000	60.0
3720000	91.0
3730000	97.0
3740000	94.0
3750000	80.0
3760000	84.0
3770000	102.0
3780000	91.0
3790000	90.0
3800000	98.0
3810000	108.0
3820000	104.0
3830000	96.0
3840000	90.0
3850000	87.0
3860000	85.0
3870000	94.0
3880000	92.0
3890000	102.0
3900000	86.0
3910000	91.0
3920000	86.0
3930000	88.0
3940000	90.0
3950000	89.0
3960000	89.0
3970000	94.0
3980000	91.0
3990000	89.0
4000000	78.0
4010000	85.0
4020000	97.0
4030000	96.0
4040000	96.0
4050000	90.0
4060000	89.0
4070000	88.0
4080000	101.0
4090000	87.0
4100000	100.0
4110000	87.0
4120000	107.0
4130000	96.0
4140000	85.0
4150000	97.0
4160000	85.0
4170000	89.0
4180000	88.0
4190000	82.0
4200000	98.0
4210000	97.0
4220000	92.0
4230000	90.0
4240000	86.0
4250000	92.0
4260000	88.0
4270000	100.0
4280000	97.0
4290000	93.0
4300000	94.0
4310000	87.0
4320000	85.0
4330000	82.0
4340000	80.0
4350000	101.0
4360000	97.0
4370000	101.0
4380000	89.0
4390000	90.0
4400000	85.0
4410000	104.0
4420000	97.0
4430000	103.0
4440000	81.0
4450000	96.0
4460000	91.0
4470000	94.0
4480000	94.0
4490000	72.0
4500000	77.0
4510000	87.0
4520000	95.0
4530000	101.0
4540000	87.0
4550000	91.0
4560000	95.0
4570000	92.0
4580000	89.0
4590000	74.0
4600000	88.0
4610000	99.0
4620000	85.0
4630000	90.0
4640000	90.0
4650000	100.0
4660000	100.0
4670000	91.0
4680000	95.0
4690000	94.0
4700000	85.0
4710000	94.0
4720000	105.0
4730000	89.0
4740000	101.0
4750000	96.0
4760000	98.0
4770000	69.0
4780000	94.0
4790000	111.0
4800000	93.0
4810000	94.0
4820000	82.0
4830000	96.0
4840000	79.0
4850000	94.0
4860000	99.0
4870000	85.0
4880000	85.0
4890000	97.0
4900000	91.0
4910000	80.0
4920000	89.0
4930000	87.0
4940000	87.0
4950000	84.0
4960000	97.0
4970000	91.0
4980000	91.0
4990000	85.0
5000000	94.0
