10000	1.0
20000	1.0
30000	2.0
40000	1.0
50000	0.0
60000	0.0
70000	1.0
80000	4.0
90000	1.0
100000	3.0
110000	3.0
120000	1.0
130000	1.0
140000	2.0
150000	1.0
160000	3.0
170000	0.0
180000	1.0
190000	2.0
200000	2.0
210000	2.0
220000	2.0
230000	2.0
240000	2.0
250000	3.0
260000	1.0
270000	0.0
280000	2.0
290000	0.0
300000	0.0
310000	0.0
320000	0.0
330000	0.0
340000	1.0
350000	3.0
360000	1.0
370000	2.0
380000	2.0
390000	3.0
400000	0.0
410000	0.0
420000	0.0
430000	0.0
440000	0.0
450000	0.0
460000	0.0
470000	3.0
480000	2.0
490000	1.0
500000	1.0
510000	3.0
520000	4.0
530000	4.0
540000	5.0
550000	6.0
560000	10.0
570000	11.0
580000	14.0
590000	19.0
600000	6.0
610000	17.0
620000	6.0
630000	11.0
640000	15.0
650000	28.0
660000	21.0
670000	17.0
680000	15.0
690000	30.0
700000	25.0
710000	16.0
720000	11.0
730000	29.0
740000	45.0
750000	16.0
760000	45.0
770000	51.0
780000	31.0
790000	26.0
800000	42.0
810000	45.0
820000	50.0
830000	47.0
840000	30.0
850000	39.0
860000	37.0
870000	48.0
880000	57.0
890000	60.0
900000	53.0
910000	58.0
920000	47.0
930000	50.0
940000	49.0
950000	36.0
960000	52.0
970000	55.0
980000	50.0
990000	52.0
1000000	37.0
1010000	56.0
1020000	47.0
1030000	62.0
1040000	72.0
1050000	38.0
1060000	40.0
1070000	53.0
1080000	62.0
1090000	66.0
1100000	52.0
1110000	49.0
1120000	61.0
1130000	37.0
1140000	55.0
1150000	44.0
1160000	71.0
1170000	39.0
1180000	48.0
1190000	70.0
1200000	56.0
1210000	62.0
1220000	62.0
1230000	46.0
1240000	73.0
1250000	54.0
1260000	59.0
1270000	52.0
1280000	71.0
1290000	66.0
1300000	43.0
1310000	0.0
1320000	0.0
1330000	0.0
1340000	2.0
1350000	1.0
1360000	0.0
1370000	1.0
1380000	0.0
1390000	1.0
1400000	1.0
1410000	0.0
1420000	0.0
1430000	0.0
1440000	0.0
1450000	0.0
1460000	0.0
1470000	0.0
1480000	0.0
1490000	2.0
1500000	3.0
1510000	1.0
1520000	1.0
1530000	1.0
1540000	3.0
1550000	2.0
1560000	1.0
1570000	2.0
1580000	3.0
1590000	4.0
1600000	7.0
1610000	4.0
1620000	4.0
1630000	9.0
1640000	8.0
1650000	11.0
1660000	9.0
1670000	10.0
1680000	3.0
1690000	9.0
1700000	26.0
1710000	18.0
1720000	27.0
1730000	23.0
1740000	35.0
1750000	31.0
1760000	45.0
1770000	38.0
1780000	42.0
1790000	21.0
1800000	41.0
1810000	30.0
1820000	40.0
1830000	48.0
1840000	43.0
1850000	44.0
1860000	63.0
1870000	62.0
1880000	42.0
1890000	45.0
1900000	39.0
1910000	43.0
1920000	40.0
1930000	45.0
1940000	34.0
1950000	36.0
1960000	54.0
1970000	60.0
1980000	35.0
1990000	57.0
2000000	63.0
2010000	63.0
2020000	75.0
2030000	45.0
2040000	70.0
2050000	49.0
2060000	51.0
2070000	52.0
2080000	60.0
2090000	59.0
2100000	52.0
2110000	61.0
2120000	57.0
2130000	38.0
2140000	70.0
2150000	56.0
2160000	69.0
2170000	66.0
2180000	74.0
2190000	48.0
2200000	60.0
2210000	60.0
2220000	63.0
2230000	71.0
2240000	70.0
2250000	59.0
2260000	50.0
2270000	67.0
2280000	67.0
2290000	67.0
2300000	63.0
2310000	50.0
2320000	85.0
2330000	68.0
2340000	68.0
2350000	66.0
2360000	66.0
2370000	59.0
2380000	63.0
2390000	57.0
2400000	50.0
2410000	56.0
2420000	80.0
2430000	64.0
2440000	71.0
2450000	61.0
2460000	67.0
2470000	66.0
2480000	65.0
2490000	64.0
2500000	42.0
2510000	71.0
2520000	75.0
2530000	73.0
2540000	70.0
2550000	73.0
2560000	68.0
2570000	75.0
2580000	81.0
2590000	58.0
2600000	70.0
2610000	74.0
2620000	74.0
2630000	66.0
2640000	62.0
2650000	74.0
2660000	71.0
2670000	88.0
2680000	70.0
2690000	63.0
2700000	60.0
2710000	56.0
2720000	76.0
2730000	68.0
2740000	75.0
2750000	69.0
2760000	89.0
2770000	77.0
2780000	63.0
2790000	62.0
2800000	91.0
2810000	72.0
2820000	71.0
2830000	56.0
2840000	78.0
2850000	53.0
2860000	52.0
2870000	82.0
2880000	67.0
2890000	80.0
2900000	87.0
2910000	80.0
2920000	78.0
2930000	71.0
2940000	69.0
2950000	77.0
2960000	81.0
2970000	83.0
2980000	69.0
2990000	76.0
3000000	69.0
3010000	73.0
3020000	80.0
3030000	84.0
3040000	71.0
3050000	83.0
3060000	77.0
3070000	69.0
3080000	61.0
3090000	85.0
3100000	72.0
3110000	70.0
3120000	67.0
3130000	69.0
3140000	71.0
3150000	92.0
3160000	70.0
3170000	69.0
3180000	76.0
3190000	89.0
3200000	84.0
3210000	84.0
3220000	74.0
3230000	84.0
3240000	85.0
3250000	73.0
3260000	91.0
3270000	67.0
3280000	87.0
3290000	65.0
3300000	85.0
3310000	78.0
3320000	87.0
3330000	87.0
3340000	91.0
3350000	88.0
3360000	74.0
3370000	87.0
3380000	68.0
3390000	90.0
3400000	73.0
3410000	64.0
3420000	88.0
3430000	88.0
3440000	91.0
3450000	83.0
3460000	85.0
3470000	94.0
3480000	85.0
3490000	70.0
3500000	91.0
3510000	85.0
3520000	86.0
3530000	73.0
3540000	79.0
3550000	87.0
3560000	95.0
3570000	70.0
3580000	84.0
3590000	76.0
3600000	80.0
3610000	90.0
3620000	80.0
3630000	94.0
3640000	85.0
3650000	89.0
3660000	65.0
3670000	91.0
3680000	70.0
3690000	80.0
3700000	66.0
3710000	84.0
3720000	90.0
3730000	63.0
3740000	79.0
3750000	81.0
3760000	89.0
3770000	85.0
3780000	75.0
3790000	70.0
3800000	97.0
3810000	86.0
3820000	94.0
3830000	78.0
3840000	93.0
3850000	79.0
3860000	85.0
3870000	80.0
3880000	106.0
3890000	83.0
3900000	80.0
3910000	69.0
3920000	83.0
3930000	93.0
3940000	81.0
3950000	88.0
3960000	82.0
3970000	77.0
3980000	88.0
3990000	90.0
4000000	65.0
4010000	85.0
4020000	78.0
4030000	68.0
4040000	97.0
4050000	98.0
4060000	95.0
4070000	73.0
4080000	79.0
4090000	84.0
4100000	76.0
4110000	84.0
4120000	96.0
4130000	91.0
4140000	78.0
4150000	93.0
4160000	92.0
4170000	82.0
4180000	84.0
4190000	77.0
4200000	86.0
4210000	87.0
4220000	71.0
4230000	55.0
4240000	81.0
4250000	63.0
4260000	84.0
4270000	80.0
4280000	81.0
4290000	88.0
4300000	76.0
4310000	86.0
4320000	74.0
4330000	87.0
4340000	69.0
4350000	62.0
4360000	72.0
4370000	57.0
4380000	88.0
4390000	84.0
4400000	89.0
4410000	93.0
4420000	98.0
4430000	91.0
4440000	100.0
4450000	89.0
4460000	73.0
4470000	70.0
4480000	96.0
4490000	84.0
4500000	90.0
4510000	91.0
4520000	84.0
4530000	77.0
4540000	84.0
4550000	95.0
4560000	81.0
4570000	82.0
4580000	95.0
4590000	86.0
4600000	88.0
4610000	97.0
4620000	98.0
4630000	78.0
4640000	68.0
4650000	80.0
4660000	74.0
4670000	79.0
4680000	87.0
4690000	92.0
4700000	83.0
4710000	88.0
4720000	73.0
4730000	92.0
4740000	84.0
4750000	90.0
4760000	87.0
4770000	99.0
4780000	91.0
4790000	87.0
4800000	70.0
4810000	95.0
4820000	78.0
4830000	82.0
4840000	83.0
4850000	94.0
4860000	86.0
4870000	84.0
4880000	86.0
4890000	98.0
4900000	98.0
4910000	84.0
4920000	87.0
4930000	76.0
4940000	91.0
4950000	83.0
4960000	92.0
4970000	80.0
4980000	96.0
4990000	94.0
5000000	96.0
