10000	1.0
20000	1.0
30000	2.0
40000	1.0
50000	2.0
60000	1.0
70000	1.0
80000	3.0
90000	2.0
100000	2.0
110000	0.0
120000	1.0
130000	1.0
140000	1.0
150000	1.0
160000	0.0
170000	2.0
180000	3.0
190000	2.0
200000	0.0
210000	1.0
220000	2.0
230000	3.0
240000	2.0
250000	2.0
260000	1.0
270000	3.0
280000	1.0
290000	1.0
300000	1.0
310000	2.0
320000	1.0
330000	0.0
340000	0.0
350000	0.0
360000	0.0
370000	0.0
380000	0.0
390000	0.0
400000	0.0
410000	1.0
420000	0.0
430000	0.0
440000	3.0
450000	3.0
460000	1.0
470000	0.0
480000	3.0
490000	5.0
500000	4.0
510000	1.0
520000	4.0
530000	7.0
540000	9.0
550000	2.0
560000	2.0
570000	2.0
580000	1.0
590000	2.0
600000	0.0
610000	0.0
620000	2.0
630000	2.0
640000	2.0
650000	0.0
660000	0.0
670000	0.0
680000	0.0
690000	1.0
700000	6.0
710000	2.0
720000	2.0
730000	2.0
740000	5.0
750000	7.0
760000	7.0
770000	25.0
780000	8.0
790000	9.0
800000	7.0
810000	9.0
820000	8.0
830000	3.0
840000	4.0
850000	8.0
860000	22.0
870000	29.0
880000	25.0
890000	29.0
900000	44.0
910000	41.0
920000	44.0
930000	40.0
940000	38.0
950000	18.0
960000	34.0
970000	24.0
980000	35.0
990000	47.0
1000000	45.0
1010000	49.0
1020000	25.0
1030000	48.0
1040000	53.0
1050000	66.0
1060000	61.0
1070000	49.0
1080000	57.0
1090000	50.0
1100000	50.0
1110000	58.0
1120000	49.0
1130000	44.0
1140000	35.0
1150000	42.0
1160000	41.0
1170000	61.0
1180000	45.0
1190000	44.0
1200000	52.0
1210000	48.0
1220000	53.0
1230000	57.0
1240000	51.0
1250000	38.0
1260000	48.0
1270000	54.0
1280000	46.0
1290000	65.0
1300000	43.0
1310000	55.0
1320000	68.0
1330000	73.0
1340000	77.0
1350000	69.0
1360000	44.0
1370000	54.0
1380000	57.0
1390000	67.0
1400000	75.0
1410000	85.0
1420000	71.0
1430000	64.0
1440000	67.0
1450000	57.0
1460000	58.0
1470000	57.0
1480000	70.0
1490000	72.0
1500000	59.0
1510000	62.0
1520000	66.0
1530000	84.0
1540000	76.0
1550000	62.0
1560000	73.0
1570000	72.0
1580000	70.0
1590000	71.0
1600000	83.0
1610000	57.0
1620000	60.0
1630000	76.0
1640000	80.0
1650000	59.0
1660000	59.0
1670000	55.0
1680000	85.0
1690000	71.0
1700000	63.0
1710000	76.0
1720000	74.0
1730000	40.0
1740000	55.0
1750000	66.0
1760000	77.0
1770000	66.0
1780000	57.0
1790000	66.0
1800000	61.0
1810000	63.0
1820000	54.0
1830000	75.0
1840000	77.0
1850000	62.0
1860000	78.0
1870000	77.0
1880000	91.0
1890000	62.0
1900000	80.0
1910000	74.0
1920000	41.0
1930000	81.0
1940000	85.0
1950000	52.0
1960000	70.0
1970000	82.0
1980000	90.0
1990000	89.0
2000000	94.0
2010000	72.0
2020000	80.0
2030000	82.0
2040000	71.0
2050000	74.0
2060000	83.0
2070000	78.0
2080000	62.0
2090000	60.0
2100000	88.0
2110000	52.0
2120000	68.0
2130000	79.0
2140000	98.0
2150000	77.0
2160000	87.0
2170000	86.0
2180000	89.0
2190000	87.0
2200000	73.0
2210000	55.0
2220000	80.0
2230000	65.0
2240000	81.0
2250000	93.0
2260000	82.0
2270000	87.0
2280000	99.0
2290000	73.0
2300000	46.0
2310000	75.0
2320000	90.0
2330000	89.0
2340000	84.0
2350000	91.0
2360000	73.0
2370000	94.0
2380000	88.0
2390000	95.0
2400000	94.0
2410000	83.0
2420000	76.0
2430000	84.0
2440000	75.0
2450000	70.0
2460000	77.0
2470000	85.0
2480000	95.0
2490000	89.0
2500000	83.0
2510000	100.0
2520000	82.0
2530000	91.0
2540000	84.0
2550000	100.0
2560000	102.0
2570000	77.0
2580000	70.0
2590000	56.0
2600000	80.0
2610000	95.0
2620000	100.0
2630000	68.0
2640000	94.0
2650000	91.0
2660000	101.0
2670000	91.0
2680000	97.0
2690000	90.0
2700000	88.0
2710000	76.0
2720000	91.0
2730000	92.0
2740000	70.0
2750000	83.0
2760000	67.0
2770000	79.0
2780000	71.0
2790000	82.0
2800000	98.0
2810000	94.0
2820000	91.0
2830000	89.0
2840000	96.0
2850000	79.0
2860000	85.0
2870000	86.0
2880000	94.0
2890000	79.0
2900000	89.0
2910000	87.0
2920000	86.0
2930000	90.0
2940000	103.0
2950000	92.0
2960000	88.0
2970000	78.0
2980000	78.0
2990000	73.0
3000000	79.0
3010000	106.0
3020000	78.0
3030000	73.0
3040000	92.0
3050000	100.0
3060000	113.0
3070000	98.0
3080000	93.0
3090000	104.0
3100000	85.0
3110000	81.0
3120000	98.0
3130000	92.0
3140000	87.0
3150000	89.0
3160000	90.0
3170000	82.0
3180000	97.0
3190000	76.0
3200000	103.0
3210000	80.0
3220000	99.0
3230000	88.0
3240000	90.0
3250000	101.0
3260000	95.0
3270000	96.0
3280000	88.0
3290000	83.0
3300000	93.0
3310000	105.0
3320000	83.0
3330000	94.0
3340000	77.0
3350000	96.0
3360000	78.0
3370000	105.0
3380000	109.0
3390000	54.0
3400000	94.0
3410000	91.0
3420000	94.0
3430000	103.0
3440000	86.0
3450000	97.0
3460000	89.0
3470000	71.0
3480000	86.0
3490000	97.0
3500000	87.0
3510000	98.0
3520000	47.0
3530000	74.0
3540000	82.0
3550000	87.0
3560000	90.0
3570000	100.0
3580000	87.0
3590000	61.0
3600000	104.0
3610000	105.0
3620000	109.0
3630000	82.0
3640000	88.0
3650000	102.0
3660000	105.0
3670000	84.0
3680000	56.0
3690000	97.0
3700000	100.0
3710000	94.0
3720000	81.0
3730000	95.0
3740000	76.0
3750000	79.0
3760000	76.0
3770000	98.0
3780000	88.0
3790000	80.0
3800000	96.0
3810000	88.0
3820000	89.0
3830000	84.0
3840000	83.0
3850000	85.0
3860000	96.0
3870000	88.0
3880000	43.0
3890000	62.0
3900000	92.0
3910000	97.0
3920000	93.0
3930000	89.0
3940000	64.0
3950000	89.0
3960000	110.0
3970000	101.0
3980000	77.0
3990000	66.0
4000000	99.0
4010000	88.0
4020000	96.0
4030000	75.0
4040000	97.0
4050000	105.0
4060000	99.0
4070000	92.0
4080000	91.0
4090000	100.0
4100000	88.0
4110000	91.0
4120000	97.0
4130000	91.0
4140000	97.0
4150000	97.0
4160000	97.0
4170000	84.0
4180000	93.0
4190000	88.0
4200000	92.0
4210000	84.0
4220000	91.0
4230000	97.0
4240000	99.0
4250000	46.0
4260000	84.0
4270000	96.0
4280000	97.0
4290000	93.0
4300000	98.0
4310000	95.0
4320000	93.0
4330000	103.0
4340000	103.0
4350000	92.0
4360000	93.0
4370000	73.0
4380000	75.0
4390000	101.0
4400000	95.0
4410000	92.0
4420000	111.0
4430000	91.0
4440000	99.0
4450000	93.0
4460000	88.0
4470000	88.0
4480000	92.0
4490000	100.0
4500000	94.0
4510000	96.0
4520000	112.0
4530000	108.0
4540000	96.0
4550000	95.0
4560000	97.0
4570000	91.0
4580000	62.0
4590000	101.0
4600000	96.0
4610000	91.0
4620000	89.0
4630000	50.0
4640000	108.0
4650000	100.0
4660000	106.0
4670000	103.0
4680000	89.0
4690000	83.0
4700000	106.0
4710000	106.0
4720000	100.0
4730000	100.0
4740000	98.0
4750000	93.0
4760000	57.0
4770000	93.0
4780000	93.0
4790000	102.0
4800000	107.0
4810000	77.0
4820000	103.0
4830000	98.0
4840000	106.0
4850000	102.0
4860000	102.0
4870000	93.0
4880000	95.0
4890000	94.0
4900000	47.0
4910000	96.0
4920000	106.0
4930000	88.0
4940000	100.0
4950000	104.0
4960000	104.0
4970000	105.0
4980000	96.0
4990000	77.0
5000000	102.0
