10000	1.0
20000	2.0
30000	1.0
40000	1.0
50000	0.0
60000	2.0
70000	2.0
80000	1.0
90000	2.0
100000	1.0
110000	2.0
120000	1.0
130000	2.0
140000	1.0
150000	2.0
160000	2.0
170000	2.0
180000	1.0
190000	2.0
200000	1.0
210000	1.0
220000	0.0
230000	2.0
240000	0.0
250000	0.0
260000	3.0
270000	0.0
280000	2.0
290000	2.0
300000	1.0
310000	0.0
320000	1.0
330000	1.0
340000	0.0
350000	0.0
360000	0.0
370000	0.0
380000	0.0
390000	0.0
400000	1.0
410000	0.0
420000	1.0
430000	1.0
440000	1.0
450000	1.0
460000	1.0
470000	2.0
480000	2.0
490000	3.0
500000	2.0
510000	0.0
520000	0.0
530000	0.0
540000	0.0
550000	0.0
560000	0.0
570000	0.0
580000	0.0
590000	2.0
600000	1.0
610000	1.0
620000	1.0
630000	0.0
640000	2.0
650000	0.0
660000	0.0
670000	0.0
680000	5.0
690000	5.0
700000	4.0
710000	1.0
720000	1.0
730000	2.0
740000	1.0
750000	5.0
760000	10.0
770000	5.0
780000	20.0
790000	6.0
800000	7.0
810000	25.0
820000	10.0
830000	9.0
840000	35.0
850000	17.0
860000	36.0
870000	14.0
880000	41.0
890000	36.0
900000	34.0
910000	30.0
920000	43.0
930000	45.0
940000	50.0
950000	30.0
960000	42.0
970000	45.0
980000	9.0
990000	42.0
1000000	48.0
1010000	55.0
1020000	67.0
1030000	63.0
1040000	51.0
1050000	63.0
1060000	62.0
1070000	61.0
1080000	46.0
1090000	40.0
1100000	50.0
1110000	63.0
1120000	55.0
1130000	54.0
1140000	52.0
1150000	71.0
1160000	47.0
1170000	63.0
1180000	64.0
1190000	69.0
1200000	71.0
1210000	54.0
1220000	53.0
1230000	63.0
1240000	68.0
1250000	64.0
1260000	67.0
1270000	76.0
1280000	38.0
1290000	75.0
1300000	71.0
1310000	62.0
1320000	51.0
1330000	46.0
1340000	64.0
1350000	68.0
1360000	55.0
1370000	72.0
1380000	76.0
1390000	57.0
1400000	86.0
1410000	28.0
1420000	64.0
1430000	74.0
1440000	69.0
1450000	68.0
1460000	60.0
1470000	75.0
1480000	78.0
1490000	81.0
1500000	62.0
1510000	74.0
1520000	50.0
1530000	67.0
1540000	60.0
1550000	61.0
1560000	75.0
1570000	72.0
1580000	55.0
1590000	71.0
1600000	59.0
1610000	81.0
1620000	75.0
1630000	70.0
1640000	76.0
1650000	73.0
1660000	76.0
1670000	62.0
1680000	68.0
1690000	81.0
1700000	78.0
1710000	79.0
1720000	70.0
1730000	70.0
1740000	84.0
1750000	78.0
1760000	87.0
1770000	64.0
1780000	79.0
1790000	92.0
1800000	68.0
1810000	73.0
1820000	93.0
1830000	79.0
1840000	59.0
1850000	81.0
1860000	81.0
1870000	91.0
1880000	90.0
1890000	36.0
1900000	80.0
1910000	78.0
1920000	81.0
1930000	90.0
1940000	80.0
1950000	64.0
1960000	69.0
1970000	80.0
1980000	84.0
1990000	84.0
2000000	85.0
2010000	67.0
2020000	72.0
2030000	85.0
2040000	87.0
2050000	75.0
2060000	86.0
2070000	86.0
2080000	85.0
2090000	62.0
2100000	57.0
2110000	86.0
2120000	84.0
2130000	81.0
2140000	82.0
2150000	60.0
2160000	85.0
2170000	80.0
2180000	72.0
2190000	85.0
2200000	77.0
2210000	85.0
2220000	89.0
2230000	83.0
2240000	92.0
2250000	75.0
2260000	37.0
2270000	74.0
2280000	78.0
2290000	72.0
2300000	94.0
2310000	77.0
2320000	68.0
2330000	66.0
2340000	80.0
2350000	66.0
2360000	74.0
2370000	75.0
2380000	81.0
2390000	69.0
2400000	89.0
2410000	74.0
2420000	62.0
2430000	80.0
2440000	85.0
2450000	96.0
2460000	79.0
2470000	82.0
2480000	79.0
2490000	96.0
2500000	68.0
2510000	84.0
2520000	85.0
2530000	79.0
2540000	70.0
2550000	86.0
2560000	100.0
2570000	87.0
2580000	94.0
2590000	86.0
2600000	41.0
2610000	62.0
2620000	81.0
2630000	86.0
2640000	84.0
2650000	75.0
2660000	89.0
2670000	85.0
2680000	89.0
2690000	91.0
2700000	81.0
2710000	83.0
2720000	81.0
2730000	93.0
2740000	85.0
2750000	60.0
2760000	90.0
2770000	81.0
2780000	93.0
2790000	64.0
2800000	79.0
2810000	67.0
2820000	80.0
2830000	84.0
2840000	58.0
2850000	92.0
2860000	83.0
2870000	54.0
2880000	85.0
2890000	89.0
2900000	72.0
2910000	87.0
2920000	87.0
2930000	87.0
2940000	92.0
2950000	93.0
2960000	88.0
2970000	92.0
2980000	100.0
2990000	88.0
3000000	99.0
3010000	84.0
3020000	86.0
3030000	94.0
3040000	97.0
3050000	91.0
3060000	92.0
3070000	92.0
3080000	98.0
3090000	92.0
3100000	94.0
3110000	77.0
3120000	104.0
3130000	98.0
3140000	95.0
3150000	90.0
3160000	84.0
3170000	97.0
3180000	100.0
3190000	94.0
3200000	92.0
3210000	92.0
3220000	89.0
3230000	106.0
3240000	89.0
3250000	89.0
3260000	94.0
3270000	103.0
3280000	94.0
3290000	84.0
3300000	92.0
3310000	106.0
3320000	96.0
3330000	101.0
3340000	89.0
3350000	102.0
3360000	95.0
3370000	93.0
3380000	92.0
3390000	106.0
3400000	102.0
3410000	99.0
3420000	91.0
3430000	95.0
3440000	78.0
3450000	95.0
3460000	97.0
3470000	46.0
3480000	87.0
3490000	95.0
3500000	50.0
3510000	84.0
3520000	96.0
3530000	95.0
3540000	101.0
3550000	98.0
3560000	97.0
3570000	99.0
3580000	72.0
3590000	86.0
3600000	100.0
3610000	85.0
3620000	80.0
3630000	91.0
3640000	98.0
3650000	96.0
3660000	75.0
3670000	96.0
3680000	93.0
3690000	96.0
3700000	92.0
3710000	85.0
3720000	85.0
3730000	100.0
3740000	95.0
3750000	99.0
3760000	73.0
3770000	85.0
3780000	92.0
3790000	95.0
3800000	92.0
3810000	98.0
3820000	90.0
3830000	90.0
3840000	93.0
3850000	79.0
3860000	101.0
3870000	105.0
3880000	97.0
3890000	93.0
3900000	102.0
3910000	100.0
3920000	80.0
3930000	99.0
3940000	102.0
3950000	93.0
3960000	88.0
3970000	98.0
3980000	78.0
3990000	85.0
4000000	99.0
4010000	98.0
4020000	99.0
4030000	96.0
4040000	98.0
4050000	90.0
4060000	105.0
4070000	104.0
4080000	95.0
4090000	99.0
4100000	104.0
4110000	80.0
4120000	76.0
4130000	75.0
4140000	109.0
4150000	95.0
4160000	91.0
4170000	102.0
4180000	104.0
4190000	94.0
4200000	97.0
4210000	99.0
4220000	92.0
4230000	96.0
4240000	101.0
4250000	83.0
4260000	92.0
4270000	98.0
4280000	90.0
4290000	87.0
4300000	87.0
4310000	88.0
4320000	95.0
4330000	106.0
4340000	107.0
4350000	102.0
4360000	89.0
4370000	76.0
4380000	93.0
4390000	101.0
4400000	82.0
4410000	102.0
4420000	101.0
4430000	94.0
4440000	99.0
4450000	91.0
4460000	90.0
4470000	95.0
4480000	98.0
4490000	104.0
4500000	96.0
4510000	107.0
4520000	91.0
4530000	97.0
4540000	107.0
4550000	94.0
4560000	108.0
4570000	101.0
4580000	94.0
4590000	88.0
4600000	107.0
4610000	96.0
4620000	97.0
4630000	103.0
4640000	100.0
4650000	92.0
4660000	102.0
4670000	102.0
4680000	100.0
4690000	91.0
4700000	98.0
4710000	103.0
4720000	82.0
4730000	85.0
4740000	98.0
4750000	103.0
4760000	89.0
4770000	95.0
4780000	112.0
4790000	101.0
4800000	88.0
4810000	85.0
4820000	86.0
4830000	94.0
4840000	100.0
4850000	103.0
4860000	92.0
4870000	87.0
4880000	101.0
4890000	102.0
4900000	94.0
4910000	97.0
4920000	87.0
4930000	89.0
4940000	95.0
4950000	86.0
4960000	105.0
4970000	100.0
4980000	93.0
4990000	110.0
5000000	96.0
