10000	1.0
20000	2.0
30000	1.0
40000	0.0
50000	2.0
60000	1.0
70000	0.0
80000	1.0
90000	2.0
100000	1.0
110000	2.0
120000	1.0
130000	3.0
140000	1.0
150000	1.0
160000	0.0
170000	1.0
180000	2.0
190000	3.0
200000	1.0
210000	3.0
220000	1.0
230000	0.0
240000	1.0
250000	1.0
260000	1.0
270000	1.0
280000	2.0
290000	1.0
300000	1.0
310000	2.0
320000	0.0
330000	1.0
340000	0.0
350000	0.0
360000	0.0
370000	1.0
380000	0.0
390000	1.0
400000	2.0
410000	0.0
420000	4.0
430000	0.0
440000	4.0
450000	2.0
460000	2.0
470000	2.0
480000	3.0
490000	7.0
500000	4.0
510000	11.0
520000	12.0
530000	3.0
540000	9.0
550000	2.0
560000	9.0
570000	23.0
580000	9.0
590000	11.0
600000	22.0
610000	35.0
620000	13.0
630000	22.0
640000	34.0
650000	28.0
660000	32.0
670000	43.0
680000	22.0
690000	19.0
700000	32.0
710000	34.0
720000	25.0
730000	40.0
740000	20.0
750000	41.0
760000	33.0
770000	29.0
780000	40.0
790000	42.0
800000	34.0
810000	19.0
820000	29.0
830000	35.0
840000	21.0
850000	17.0
860000	21.0
870000	38.0
880000	40.0
890000	32.0
900000	51.0
910000	54.0
920000	45.0
930000	41.0
940000	48.0
950000	37.0
960000	23.0
970000	49.0
980000	56.0
990000	57.0
1000000	51.0
1010000	25.0
1020000	34.0
1030000	68.0
1040000	47.0
1050000	45.0
1060000	64.0
1070000	43.0
1080000	64.0
1090000	44.0
1100000	31.0
1110000	49.0
1120000	47.0
1130000	65.0
1140000	54.0
1150000	49.0
1160000	51.0
1170000	39.0
1180000	40.0
1190000	64.0
1200000	55.0
1210000	45.0
1220000	50.0
1230000	46.0
1240000	55.0
1250000	59.0
1260000	43.0
1270000	65.0
1280000	55.0
1290000	68.0
1300000	58.0
1310000	71.0
1320000	62.0
1330000	56.0
1340000	61.0
1350000	65.0
1360000	63.0
1370000	40.0
1380000	60.0
1390000	65.0
1400000	65.0
1410000	68.0
1420000	66.0
1430000	71.0
1440000	69.0
1450000	59.0
1460000	47.0
1470000	56.0
1480000	64.0
1490000	88.0
1500000	57.0
1510000	69.0
1520000	56.0
1530000	39.0
1540000	25.0
1550000	80.0
1560000	48.0
1570000	74.0
1580000	82.0
1590000	82.0
1600000	64.0
1610000	48.0
1620000	64.0
1630000	65.0
1640000	67.0
1650000	71.0
1660000	34.0
1670000	23.0
1680000	25.0
1690000	56.0
1700000	53.0
1710000	74.0
1720000	80.0
1730000	92.0
1740000	53.0
1750000	67.0
1760000	46.0
1770000	75.0
1780000	51.0
1790000	61.0
1800000	58.0
1810000	64.0
1820000	63.0
1830000	89.0
1840000	87.0
1850000	78.0
1860000	82.0
1870000	79.0
1880000	80.0
1890000	64.0
1900000	77.0
1910000	70.0
1920000	62.0
1930000	72.0
1940000	79.0
1950000	82.0
1960000	79.0
1970000	87.0
1980000	78.0
1990000	92.0
2000000	76.0
2010000	80.0
2020000	74.0
2030000	75.0
2040000	81.0
2050000	75.0
2060000	86.0
2070000	83.0
2080000	89.0
2090000	61.0
2100000	92.0
2110000	69.0
2120000	77.0
2130000	92.0
2140000	93.0
2150000	70.0
2160000	66.0
2170000	82.0
2180000	55.0
2190000	73.0
2200000	82.0
2210000	88.0
2220000	83.0
2230000	69.0
2240000	80.0
2250000	92.0
2260000	101.0
2270000	74.0
2280000	85.0
2290000	73.0
2300000	89.0
2310000	89.0
2320000	92.0
2330000	97.0
2340000	79.0
2350000	89.0
2360000	86.0
2370000	95.0
2380000	93.0
2390000	47.0
2400000	89.0
2410000	93.0
2420000	100.0
2430000	94.0
2440000	87.0
2450000	76.0
2460000	89.0
2470000	90.0
2480000	101.0
2490000	89.0
2500000	79.0
2510000	86.0
2520000	75.0
2530000	83.0
2540000	55.0
2550000	80.0
2560000	85.0
2570000	89.0
2580000	97.0
2590000	90.0
2600000	89.0
2610000	90.0
2620000	77.0
2630000	89.0
2640000	83.0
2650000	84.0
2660000	99.0
2670000	68.0
2680000	87.0
2690000	76.0
2700000	101.0
2710000	97.0
2720000	83.0
2730000	91.0
2740000	87.0
2750000	82.0
2760000	94.0
2770000	85.0
2780000	90.0
2790000	73.0
2800000	101.0
2810000	90.0
2820000	97.0
2830000	98.0
2840000	85.0
2850000	92.0
2860000	79.0
2870000	88.0
2880000	108.0
2890000	104.0
2900000	87.0
2910000	93.0
2920000	99.0
2930000	83.0
2940000	87.0
2950000	76.0
2960000	89.0
2970000	90.0
2980000	86.0
2990000	87.0
3000000	93.0
3010000	89.0
3020000	71.0
3030000	104.0
3040000	106.0
3050000	96.0
3060000	99.0
3070000	76.0
3080000	93.0
3090000	101.0
3100000	79.0
3110000	97.0
3120000	87.0
3130000	100.0
3140000	94.0
3150000	79.0
3160000	92.0
3170000	90.0
3180000	96.0
3190000	99.0
3200000	98.0
3210000	87.0
3220000	102.0
3230000	92.0
3240000	98.0
3250000	90.0
3260000	88.0
3270000	96.0
3280000	57.0
3290000	106.0
3300000	95.0
3310000	98.0
3320000	91.0
3330000	95.0
3340000	81.0
3350000	98.0
3360000	92.0
3370000	89.0
3380000	98.0
3390000	83.0
3400000	95.0
3410000	98.0
3420000	86.0
3430000	87.0
3440000	92.0
3450000	108.0
3460000	86.0
3470000	81.0
3480000	104.0
3490000	107.0
3500000	78.0
3510000	103.0
3520000	102.0
3530000	99.0
3540000	90.0
3550000	93.0
3560000	92.0
3570000	109.0
3580000	88.0
3590000	94.0
3600000	101.0
3610000	97.0
3620000	91.0
3630000	100.0
3640000	87.0
3650000	98.0
3660000	94.0
3670000	100.0
3680000	96.0
3690000	62.0
3700000	89.0
3710000	84.0
3720000	96.0
3730000	99.0
3740000	95.0
3750000	100.0
3760000	99.0
3770000	98.0
3780000	104.0
3790000	106.0
3800000	96.0
3810000	105.0
3820000	85.0
3830000	84.0
3840000	92.0
3850000	100.0
3860000	91.0
3870000	84.0
3880000	100.0
3890000	101.0
3900000	94.0
3910000	83.0
3920000	90.0
3930000	107.0
3940000	92.0
3950000	97.0
3960000	107.0
3970000	99.0
3980000	82.0
3990000	102.0
4000000	82.0
4010000	85.0
4020000	102.0
4030000	90.0
4040000	102.0
4050000	91.0
4060000	91.0
4070000	95.0
4080000	102.0
4090000	107.0
4100000	101.0
4110000	107.0
4120000	93.0
4130000	91.0
4140000	91.0
4150000	96.0
4160000	100.0
4170000	98.0
4180000	108.0
4190000	92.0
4200000	97.0
4210000	110.0
4220000	92.0
4230000	97.0
4240000	98.0
4250000	110.0
4260000	102.0
4270000	100.0
4280000	100.0
4290000	105.0
4300000	100.0
4310000	104.0
4320000	100.0
4330000	104.0
4340000	105.0
4350000	103.0
4360000	100.0
4370000	99.0
4380000	92.0
4390000	59.0
4400000	99.0
4410000	102.0
4420000	106.0
4430000	102.0
4440000	94.0
4450000	103.0
4460000	95.0
4470000	102.0
4480000	111.0
4490000	106.0
4500000	92.0
4510000	96.0
4520000	99.0
4530000	86.0
4540000	102.0
4550000	100.0
4560000	93.0
4570000	92.0
4580000	90.0
4590000	105.0
4600000	87.0
4610000	106.0
4620000	97.0
4630000	97.0
4640000	103.0
4650000	107.0
4660000	104.0
4670000	94.0
4680000	100.0
4690000	93.0
4700000	103.0
4710000	90.0
4720000	94.0
4730000	109.0
4740000	105.0
4750000	110.0
4760000	96.0
4770000	93.0
4780000	104.0
4790000	88.0
4800000	98.0
4810000	101.0
4820000	80.0
4830000	105.0
4840000	74.0
4850000	103.0
4860000	95.0
4870000	102.0
4880000	97.0
4890000	102.0
4900000	95.0
4910000	111.0
4920000	105.0
4930000	105.0
4940000	95.0
4950000	102.0
4960000	103.0
4970000	105.0
4980000	104.0
4990000	96.0
5000000	89.0
