10000	1.0
20000	1.0
30000	0.0
40000	1.0
50000	2.0
60000	2.0
70000	1.0
80000	1.0
90000	2.0
100000	2.0
110000	3.0
120000	2.0
130000	2.0
140000	2.0
150000	1.0
160000	3.0
170000	2.0
180000	1.0
190000	0.0
200000	2.0
210000	1.0
220000	4.0
230000	2.0
240000	1.0
250000	2.0
260000	4.0
270000	2.0
280000	2.0
290000	3.0
300000	3.0
310000	1.0
320000	3.0
330000	0.0
340000	3.0
350000	1.0
360000	0.0
370000	0.0
380000	0.0
390000	0.0
400000	0.0
410000	1.0
420000	1.0
430000	0.0
440000	0.0
450000	0.0
460000	0.0
470000	0.0
480000	0.0
490000	1.0
500000	0.0
510000	0.0
520000	0.0
530000	0.0
540000	0.0
550000	0.0
560000	1.0
570000	0.0
580000	0.0
590000	0.0
600000	1.0
610000	1.0
620000	2.0
630000	1.0
640000	1.0
650000	0.0
660000	4.0
670000	1.0
680000	4.0
690000	1.0
700000	2.0
710000	4.0
720000	4.0
730000	2.0
740000	9.0
750000	4.0
760000	2.0
770000	12.0
780000	11.0
790000	10.0
800000	3.0
810000	1.0
820000	1.0
830000	3.0
840000	2.0
850000	2.0
860000	0.0
870000	0.0
880000	0.0
890000	0.0
900000	1.0
910000	2.0
920000	1.0
930000	2.0
940000	4.0
950000	2.0
960000	2.0
970000	1.0
980000	0.0
990000	1.0
1000000	1.0
1010000	3.0
1020000	0.0
1030000	6.0
1040000	9.0
1050000	7.0
1060000	12.0
1070000	9.0
1080000	14.0
1090000	11.0
1100000	12.0
1110000	15.0
1120000	19.0
1130000	1.0
1140000	2.0
1150000	1.0
1160000	2.0
1170000	1.0
1180000	0.0
1190000	0.0
1200000	0.0
1210000	0.0
1220000	0.0
1230000	0.0
1240000	3.0
1250000	3.0
1260000	3.0
1270000	1.0
1280000	1.0
1290000	1.0
1300000	0.0
1310000	0.0
1320000	1.0
1330000	2.0
1340000	1.0
1350000	0.0
1360000	0.0
1370000	0.0
1380000	1.0
1390000	0.0
1400000	4.0
1410000	0.0
1420000	0.0
1430000	0.0
1440000	1.0
1450000	1.0
1460000	0.0
1470000	1.0
1480000	1.0
1490000	3.0
1500000	0.0
1510000	0.0
1520000	0.0
1530000	0.0
1540000	0.0
1550000	0.0
1560000	0.0
1570000	3.0
1580000	1.0
1590000	2.0
1600000	0.0
1610000	1.0
1620000	4.0
1630000	2.0
1640000	10.0
1650000	19.0
1660000	2.0
1670000	3.0
1680000	8.0
1690000	15.0
1700000	9.0
1710000	21.0
1720000	23.0
1730000	22.0
1740000	10.0
1750000	15.0
1760000	9.0
1770000	24.0
1780000	27.0
1790000	32.0
1800000	23.0
1810000	20.0
1820000	29.0
1830000	20.0
1840000	35.0
1850000	10.0
1860000	43.0
1870000	40.0
1880000	38.0
1890000	29.0
1900000	49.0
1910000	41.0
1920000	41.0
1930000	31.0
1940000	57.0
1950000	37.0
1960000	26.0
1970000	31.0
1980000	44.0
1990000	29.0
2000000	47.0
2010000	40.0
2020000	40.0
2030000	50.0
2040000	44.0
2050000	34.0
2060000	43.0
2070000	60.0
2080000	46.0
2090000	58.0
2100000	44.0
2110000	43.0
2120000	36.0
2130000	54.0
2140000	23.0
2150000	50.0
2160000	40.0
2170000	40.0
2180000	52.0
2190000	52.0
2200000	37.0
2210000	47.0
2220000	27.0
2230000	39.0
2240000	59.0
2250000	55.0
2260000	62.0
2270000	45.0
2280000	50.0
2290000	56.0
2300000	49.0
2310000	47.0
2320000	48.0
2330000	51.0
2340000	70.0
2350000	62.0
2360000	56.0
2370000	54.0
2380000	50.0
2390000	58.0
2400000	59.0
2410000	51.0
2420000	43.0
2430000	48.0
2440000	48.0
2450000	35.0
2460000	59.0
2470000	67.0
2480000	50.0
2490000	57.0
2500000	54.0
2510000	61.0
2520000	50.0
2530000	47.0
2540000	71.0
2550000	42.0
2560000	64.0
2570000	47.0
2580000	51.0
2590000	85.0
2600000	45.0
2610000	54.0
2620000	58.0
2630000	45.0
2640000	56.0
2650000	56.0
2660000	55.0
2670000	58.0
2680000	25.0
2690000	3.0
2700000	2.0
2710000	3.0
2720000	2.0
2730000	3.0
2740000	0.0
2750000	0.0
2760000	0.0
2770000	0.0
2780000	1.0
2790000	1.0
2800000	0.0
2810000	1.0
2820000	1.0
2830000	0.0
2840000	3.0
2850000	1.0
2860000	0.0
2870000	2.0
2880000	4.0
2890000	9.0
2900000	6.0
2910000	16.0
2920000	20.0
2930000	3.0
2940000	1.0
2950000	10.0
2960000	14.0
2970000	9.0
2980000	3.0
2990000	1.0
3000000	0.0
3010000	1.0
3020000	0.0
3030000	0.0
3040000	0.0
3050000	0.0
3060000	0.0
3070000	2.0
3080000	0.0
3090000	0.0
3100000	0.0
3110000	0.0
3120000	0.0
3130000	1.0
3140000	2.0
3150000	0.0
3160000	0.0
3170000	3.0
3180000	4.0
3190000	3.0
3200000	1.0
3210000	4.0
3220000	0.0
3230000	3.0
3240000	7.0
3250000	2.0
3260000	5.0
3270000	10.0
3280000	5.0
3290000	9.0
3300000	7.0
3310000	1.0
3320000	1.0
3330000	0.0
3340000	0.0
3350000	2.0
3360000	1.0
3370000	2.0
3380000	1.0
3390000	1.0
3400000	1.0
3410000	1.0
3420000	0.0
3430000	1.0
3440000	0.0
3450000	0.0
3460000	0.0
3470000	0.0
3480000	0.0
3490000	3.0
3500000	1.0
3510000	1.0
3520000	1.0
3530000	1.0
3540000	3.0
3550000	3.0
3560000	9.0
3570000	8.0
3580000	14.0
3590000	10.0
3600000	10.0
3610000	10.0
3620000	13.0
3630000	12.0
3640000	21.0
3650000	20.0
3660000	25.0
3670000	8.0
3680000	16.0
3690000	20.0
3700000	14.0
3710000	15.0
3720000	17.0
3730000	22.0
3740000	18.0
3750000	22.0
3760000	38.0
3770000	43.0
3780000	22.0
3790000	24.0
3800000	37.0
3810000	20.0
3820000	38.0
3830000	36.0
3840000	39.0
3850000	33.0
3860000	48.0
3870000	32.0
3880000	42.0
3890000	37.0
3900000	39.0
3910000	30.0
3920000	37.0
3930000	27.0
3940000	43.0
3950000	63.0
3960000	46.0
3970000	49.0
3980000	56.0
3990000	34.0
4000000	59.0
4010000	23.0
4020000	46.0
4030000	36.0
4040000	42.0
4050000	43.0
4060000	63.0
4070000	48.0
4080000	33.0
4090000	60.0
4100000	57.0
4110000	63.0
4120000	71.0
4130000	46.0
4140000	55.0
4150000	61.0
4160000	56.0
4170000	43.0
4180000	47.0
4190000	57.0
4200000	66.0
4210000	51.0
4220000	68.0
4230000	41.0
4240000	51.0
4250000	63.0
4260000	52.0
4270000	67.0
4280000	66.0
4290000	55.0
4300000	75.0
4310000	72.0
4320000	61.0
4330000	71.0
4340000	46.0
4350000	52.0
4360000	71.0
4370000	67.0
4380000	71.0
4390000	70.0
4400000	75.0
4410000	80.0
4420000	68.0
4430000	60.0
4440000	71.0
4450000	62.0
4460000	38.0
4470000	71.0
4480000	58.0
4490000	58.0
4500000	60.0
4510000	78.0
4520000	62.0
4530000	48.0
4540000	74.0
4550000	75.0
4560000	74.0
4570000	70.0
4580000	76.0
4590000	73.0
4600000	84.0
4610000	59.0
4620000	47.0
4630000	76.0
4640000	80.0
4650000	60.0
4660000	55.0
4670000	64.0
4680000	78.0
4690000	72.0
4700000	70.0
4710000	92.0
4720000	70.0
4730000	75.0
4740000	76.0
4750000	66.0
4760000	75.0
4770000	56.0
4780000	86.0
4790000	60.0
4800000	43.0
4810000	67.0
4820000	71.0
4830000	90.0
4840000	88.0
4850000	82.0
4860000	76.0
4870000	84.0
4880000	83.0
4890000	76.0
4900000	64.0
4910000	71.0
4920000	84.0
4930000	67.0
4940000	77.0
4950000	78.0
4960000	66.0
4970000	85.0
4980000	89.0
4990000	92.0
5000000	92.0
