10000	1.0
20000	0.0
30000	1.0
40000	3.0
50000	3.0
60000	0.0
70000	2.0
80000	1.0
90000	1.0
100000	1.0
110000	1.0
120000	1.0
130000	2.0
140000	0.0
150000	2.0
160000	2.0
170000	4.0
180000	1.0
190000	1.0
200000	1.0
210000	1.0
220000	3.0
230000	2.0
240000	1.0
250000	1.0
260000	4.0
270000	0.0
280000	0.0
290000	2.0
300000	2.0
310000	1.0
320000	1.0
330000	2.0
340000	3.0
350000	3.0
360000	2.0
370000	3.0
380000	2.0
390000	0.0
400000	0.0
410000	0.0
420000	0.0
430000	1.0
440000	1.0
450000	1.0
460000	1.0
470000	2.0
480000	1.0
490000	2.0
500000	0.0
510000	4.0
520000	2.0
530000	0.0
540000	1.0
550000	0.0
560000	3.0
570000	2.0
580000	1.0
590000	2.0
600000	3.0
610000	0.0
620000	1.0
630000	2.0
640000	3.0
650000	1.0
660000	1.0
670000	1.0
680000	0.0
690000	0.0
700000	0.0
710000	1.0
720000	1.0
730000	0.0
740000	1.0
750000	3.0
760000	2.0
770000	1.0
780000	3.0
790000	0.0
800000	0.0
810000	0.0
820000	0.0
830000	0.0
840000	0.0
850000	0.0
860000	4.0
870000	1.0
880000	1.0
890000	1.0
900000	2.0
910000	0.0
920000	2.0
930000	2.0
940000	0.0
950000	0.0
960000	1.0
970000	1.0
980000	1.0
990000	1.0
1000000	1.0
1010000	1.0
1020000	2.0
1030000	3.0
1040000	2.0
1050000	0.0
1060000	0.0
1070000	1.0
1080000	0.0
1090000	1.0
1100000	1.0
1110000	0.0
1120000	0.0
1130000	1.0
1140000	1.0
1150000	1.0
1160000	2.0
1170000	1.0
1180000	1.0
1190000	5.0
1200000	4.0
1210000	8.0
1220000	7.0
1230000	2.0
1240000	16.0
1250000	13.0
1260000	13.0
1270000	9.0
1280000	17.0
1290000	6.0
1300000	19.0
1310000	17.0
1320000	18.0
1330000	19.0
1340000	37.0
1350000	41.0
1360000	27.0
1370000	35.0
1380000	20.0
1390000	40.0
1400000	23.0
1410000	42.0
1420000	26.0
1430000	35.0
1440000	24.0
1450000	38.0
1460000	27.0
1470000	16.0
1480000	31.0
1490000	31.0
1500000	38.0
1510000	31.0
1520000	27.0
1530000	42.0
1540000	50.0
1550000	46.0
1560000	49.0
1570000	41.0
1580000	52.0
1590000	38.0
1600000	43.0
1610000	29.0
1620000	36.0
1630000	40.0
1640000	38.0
1650000	43.0
1660000	37.0
1670000	55.0
1680000	31.0
1690000	35.0
1700000	48.0
1710000	37.0
1720000	42.0
1730000	57.0
1740000	52.0
1750000	44.0
1760000	50.0
1770000	56.0
1780000	51.0
1790000	49.0
1800000	61.0
1810000	41.0
1820000	67.0
1830000	47.0
1840000	48.0
1850000	49.0
1860000	40.0
1870000	48.0
1880000	59.0
1890000	48.0
1900000	52.0
1910000	69.0
1920000	56.0
1930000	73.0
1940000	61.0
1950000	77.0
1960000	52.0
1970000	63.0
1980000	48.0
1990000	76.0
2000000	60.0
2010000	62.0
2020000	56.0
2030000	73.0
2040000	65.0
2050000	62.0
2060000	63.0
2070000	39.0
2080000	60.0
2090000	34.0
2100000	66.0
2110000	74.0
2120000	60.0
2130000	65.0
2140000	65.0
2150000	58.0
2160000	64.0
2170000	75.0
2180000	72.0
2190000	74.0
2200000	69.0
2210000	67.0
2220000	64.0
2230000	78.0
2240000	73.0
2250000	62.0
2260000	49.0
2270000	67.0
2280000	77.0
2290000	78.0
2300000	75.0
2310000	69.0
2320000	74.0
2330000	65.0
2340000	79.0
2350000	79.0
2360000	75.0
2370000	83.0
2380000	67.0
2390000	82.0
2400000	60.0
2410000	89.0
2420000	82.0
2430000	67.0
2440000	53.0
2450000	72.0
2460000	66.0
2470000	63.0
2480000	62.0
2490000	87.0
2500000	74.0
2510000	75.0
2520000	71.0
2530000	65.0
2540000	46.0
2550000	79.0
2560000	58.0
2570000	68.0
2580000	69.0
2590000	69.0
2600000	82.0
2610000	71.0
2620000	82.0
2630000	77.0
2640000	75.0
2650000	64.0
2660000	84.0
2670000	85.0
2680000	78.0
2690000	88.0
2700000	75.0
2710000	70.0
2720000	79.0
2730000	69.0
2740000	89.0
2750000	81.0
2760000	85.0
2770000	89.0
2780000	81.0
2790000	70.0
2800000	77.0
2810000	99.0
2820000	77.0
2830000	78.0
2840000	72.0
2850000	91.0
2860000	70.0
2870000	82.0
2880000	71.0
2890000	84.0
2900000	83.0
2910000	88.0
2920000	77.0
2930000	82.0
2940000	82.0
2950000	93.0
2960000	83.0
2970000	83.0
2980000	81.0
2990000	81.0
3000000	77.0
3010000	95.0
3020000	69.0
3030000	83.0
3040000	84.0
3050000	72.0
3060000	39.0
3070000	91.0
3080000	89.0
3090000	81.0
3100000	98.0
3110000	90.0
3120000	90.0
3130000	86.0
3140000	83.0
3150000	94.0
3160000	91.0
3170000	89.0
3180000	75.0
3190000	92.0
3200000	92.0
3210000	90.0
3220000	87.0
3230000	84.0
3240000	99.0
3250000	94.0
3260000	86.0
3270000	97.0
3280000	92.0
3290000	89.0
3300000	88.0
3310000	82.0
3320000	98.0
3330000	89.0
3340000	80.0
3350000	87.0
3360000	90.0
3370000	90.0
3380000	77.0
3390000	93.0
3400000	96.0
3410000	96.0
3420000	85.0
3430000	53.0
3440000	77.0
3450000	88.0
3460000	95.0
3470000	91.0
3480000	87.0
3490000	99.0
3500000	86.0
3510000	93.0
3520000	99.0
3530000	89.0
3540000	86.0
3550000	95.0
3560000	95.0
3570000	86.0
3580000	80.0
3590000	84.0
3600000	86.0
3610000	97.0
3620000	97.0
3630000	91.0
3640000	88.0
3650000	103.0
3660000	92.0
3670000	88.0
3680000	93.0
3690000	90.0
3700000	103.0
3710000	91.0
3720000	96.0
3730000	82.0
3740000	86.0
3750000	96.0
3760000	88.0
3770000	78.0
3780000	103.0
3790000	92.0
3800000	100.0
3810000	89.0
3820000	95.0
3830000	88.0
3840000	94.0
3850000	83.0
3860000	104.0
3870000	103.0
3880000	72.0
3890000	97.0
3900000	94.0
3910000	100.0
3920000	97.0
3930000	83.0
3940000	92.0
3950000	96.0
3960000	86.0
3970000	89.0
3980000	90.0
3990000	107.0
4000000	98.0
4010000	97.0
4020000	106.0
4030000	103.0
4040000	84.0
4050000	101.0
4060000	80.0
4070000	95.0
4080000	99.0
4090000	101.0
4100000	84.0
4110000	89.0
4120000	105.0
4130000	94.0
4140000	101.0
4150000	100.0
4160000	94.0
4170000	97.0
4180000	101.0
4190000	89.0
4200000	100.0
4210000	85.0
4220000	83.0
4230000	99.0
4240000	105.0
4250000	103.0
4260000	94.0
4270000	102.0
4280000	83.0
4290000	88.0
4300000	97.0
4310000	79.0
4320000	82.0
4330000	88.0
4340000	90.0
4350000	101.0
4360000	98.0
4370000	103.0
4380000	98.0
4390000	81.0
4400000	94.0
4410000	108.0
4420000	92.0
4430000	100.0
4440000	93.0
4450000	78.0
4460000	98.0
4470000	106.0
4480000	103.0
4490000	100.0
4500000	87.0
4510000	97.0
4520000	66.0
4530000	83.0
4540000	105.0
4550000	97.0
4560000	90.0
4570000	93.0
4580000	107.0
4590000	97.0
4600000	95.0
4610000	98.0
4620000	93.0
4630000	99.0
4640000	106.0
4650000	98.0
4660000	99.0
4670000	98.0
4680000	98.0
4690000	91.0
4700000	93.0
4710000	99.0
4720000	93.0
4730000	103.0
4740000	97.0
4750000	95.0
4760000	85.0
4770000	95.0
4780000	98.0
4790000	103.0
4800000	87.0
4810000	95.0
4820000	100.0
4830000	105.0
4840000	102.0
4850000	99.0
4860000	106.0
4870000	101.0
4880000	92.0
4890000	95.0
4900000	98.0
4910000	96.0
4920000	107.0
4930000	104.0
4940000	99.0
4950000	108.0
4960000	100.0
4970000	71.0
4980000	73.0
4990000	74.0
5000000	72.0
