10000	1.0
20000	2.0
30000	3.0
40000	0.0
50000	2.0
60000	3.0
70000	0.0
80000	1.0
90000	1.0
100000	0.0
110000	2.0
120000	1.0
130000	0.0
140000	3.0
150000	1.0
160000	0.0
170000	1.0
180000	0.0
190000	2.0
200000	1.0
210000	3.0
220000	0.0
230000	1.0
240000	1.0
250000	1.0
260000	0.0
270000	0.0
280000	0.0
290000	0.0
300000	0.0
310000	0.0
320000	0.0
330000	2.0
340000	1.0
350000	3.0
360000	4.0
370000	1.0
380000	1.0
390000	6.0
400000	5.0
410000	2.0
420000	2.0
430000	2.0
440000	6.0
450000	9.0
460000	12.0
470000	5.0
480000	5.0
490000	11.0
500000	14.0
510000	20.0
520000	11.0
530000	9.0
540000	7.0
550000	3.0
560000	3.0
570000	16.0
580000	15.0
590000	12.0
600000	15.0
610000	10.0
620000	20.0
630000	16.0
640000	20.0
650000	20.0
660000	14.0
670000	23.0
680000	32.0
690000	9.0
700000	14.0
710000	31.0
720000	37.0
730000	32.0
740000	46.0
750000	41.0
760000	35.0
770000	45.0
780000	33.0
790000	41.0
800000	41.0
810000	45.0
820000	32.0
830000	27.0
840000	40.0
850000	44.0
860000	54.0
870000	37.0
880000	33.0
890000	57.0
900000	50.0
910000	35.0
920000	41.0
930000	39.0
940000	55.0
950000	33.0
960000	36.0
970000	50.0
980000	50.0
990000	41.0
1000000	41.0
1010000	63.0
1020000	60.0
1030000	57.0
1040000	52.0
1050000	47.0
1060000	44.0
1070000	22.0
1080000	29.0
1090000	28.0
1100000	65.0
1110000	43.0
1120000	57.0
1130000	69.0
1140000	58.0
1150000	44.0
1160000	63.0
1170000	48.0
1180000	43.0
1190000	52.0
1200000	50.0
1210000	75.0
1220000	62.0
1230000	48.0
1240000	59.0
1250000	62.0
1260000	64.0
1270000	60.0
1280000	55.0
1290000	51.0
1300000	60.0
1310000	36.0
1320000	61.0
1330000	70.0
1340000	65.0
1350000	71.0
1360000	67.0
1370000	45.0
1380000	72.0
1390000	51.0
1400000	72.0
1410000	62.0
1420000	56.0
1430000	81.0
1440000	57.0
1450000	83.0
1460000	82.0
1470000	78.0
1480000	62.0
1490000	64.0
1500000	69.0
1510000	70.0
1520000	64.0
1530000	64.0
1540000	58.0
1550000	65.0
1560000	64.0
1570000	74.0
1580000	55.0
1590000	60.0
1600000	47.0
1610000	58.0
1620000	85.0
1630000	45.0
1640000	81.0
1650000	69.0
1660000	68.0
1670000	78.0
1680000	66.0
1690000	61.0
1700000	53.0
1710000	64.0
1720000	64.0
1730000	68.0
1740000	65.0
1750000	69.0
1760000	62.0
1770000	73.0
1780000	70.0
1790000	76.0
1800000	73.0
1810000	78.0
1820000	74.0
1830000	67.0
1840000	45.0
1850000	72.0
1860000	68.0
1870000	73.0
1880000	80.0
1890000	64.0
1900000	70.0
1910000	86.0
1920000	65.0
1930000	86.0
1940000	67.0
1950000	81.0
1960000	76.0
1970000	85.0
1980000	69.0
1990000	75.0
2000000	57.0
2010000	73.0
2020000	81.0
2030000	84.0
2040000	62.0
2050000	77.0
2060000	76.0
2070000	76.0
2080000	85.0
2090000	87.0
2100000	84.0
2110000	79.0
2120000	76.0
2130000	83.0
2140000	55.0
2150000	81.0
2160000	84.0
2170000	88.0
2180000	93.0
2190000	80.0
2200000	74.0
2210000	81.0
2220000	76.0
2230000	72.0
2240000	74.0
2250000	86.0
2260000	84.0
2270000	83.0
2280000	86.0
2290000	80.0
2300000	88.0
2310000	76.0
2320000	80.0
2330000	81.0
2340000	72.0
2350000	82.0
2360000	73.0
2370000	76.0
2380000	79.0
2390000	81.0
2400000	77.0
2410000	91.0
2420000	78.0
2430000	80.0
2440000	90.0
2450000	88.0
2460000	78.0
2470000	88.0
2480000	78.0
2490000	76.0
2500000	85.0
2510000	70.0
2520000	77.0
2530000	87.0
2540000	88.0
2550000	87.0
2560000	63.0
2570000	81.0
2580000	77.0
2590000	79.0
2600000	79.0
2610000	84.0
2620000	79.0
2630000	74.0
2640000	80.0
2650000	85.0
2660000	85.0
2670000	91.0
2680000	87.0
2690000	81.0
2700000	75.0
2710000	69.0
2720000	71.0
2730000	89.0
2740000	90.0
2750000	92.0
2760000	74.0
2770000	84.0
2780000	94.0
2790000	85.0
2800000	89.0
2810000	84.0
2820000	88.0
2830000	86.0
2840000	86.0
2850000	67.0
2860000	82.0
2870000	86.0
2880000	78.0
2890000	95.0
2900000	69.0
2910000	71.0
2920000	82.0
2930000	80.0
2940000	78.0
2950000	85.0
2960000	97.0
2970000	71.0
2980000	88.0
2990000	92.0
3000000	90.0
3010000	93.0
3020000	86.0
3030000	93.0
3040000	72.0
3050000	96.0
3060000	95.0
3070000	92.0
3080000	77.0
3090000	87.0
3100000	71.0
3110000	80.0
3120000	86.0
3130000	67.0
3140000	96.0
3150000	90.0
3160000	87.0
3170000	84.0
3180000	92.0
3190000	96.0
3200000	80.0
3210000	87.0
3220000	90.0
3230000	85.0
3240000	83.0
3250000	96.0
3260000	84.0
3270000	73.0
3280000	91.0
3290000	92.0
3300000	77.0
3310000	73.0
3320000	93.0
3330000	87.0
3340000	84.0
3350000	92.0
3360000	88.0
3370000	94.0
3380000	80.0
3390000	102.0
3400000	89.0
3410000	92.0
3420000	91.0
3430000	93.0
3440000	97.0
3450000	84.0
3460000	94.0
3470000	79.0
3480000	88.0
3490000	76.0
3500000	82.0
3510000	87.0
3520000	85.0
3530000	72.0
3540000	83.0
3550000	99.0
3560000	94.0
3570000	90.0
3580000	97.0
3590000	98.0
3600000	97.0
3610000	93.0
3620000	93.0
3630000	94.0
3640000	79.0
3650000	84.0
3660000	82.0
3670000	79.0
3680000	83.0
3690000	91.0
3700000	77.0
3710000	102.0
3720000	95.0
3730000	89.0
3740000	90.0
3750000	95.0
3760000	90.0
3770000	90.0
3780000	97.0
3790000	90.0
3800000	93.0
3810000	85.0
3820000	85.0
3830000	91.0
3840000	93.0
3850000	92.0
3860000	97.0
3870000	86.0
3880000	97.0
3890000	108.0
3900000	75.0
3910000	87.0
3920000	93.0
3930000	93.0
3940000	91.0
3950000	91.0
3960000	87.0
3970000	88.0
3980000	81.0
3990000	64.0
4000000	103.0
4010000	82.0
4020000	108.0
4030000	92.0
4040000	96.0
4050000	81.0
4060000	88.0
4070000	93.0
4080000	89.0
4090000	97.0
4100000	84.0
4110000	100.0
4120000	88.0
4130000	88.0
4140000	93.0
4150000	93.0
4160000	69.0
4170000	86.0
4180000	59.0
4190000	80.0
4200000	88.0
4210000	82.0
4220000	85.0
4230000	98.0
4240000	97.0
4250000	75.0
4260000	90.0
4270000	90.0
4280000	74.0
4290000	80.0
4300000	92.0
4310000	100.0
4320000	91.0
4330000	64.0
4340000	90.0
4350000	73.0
4360000	94.0
4370000	103.0
4380000	84.0
4390000	112.0
4400000	90.0
4410000	85.0
4420000	95.0
4430000	100.0
4440000	97.0
4450000	88.0
4460000	82.0
4470000	90.0
4480000	95.0
4490000	92.0
4500000	72.0
4510000	72.0
4520000	80.0
4530000	71.0
4540000	97.0
4550000	85.0
4560000	110.0
4570000	99.0
4580000	92.0
4590000	105.0
4600000	95.0
4610000	95.0
4620000	101.0
4630000	68.0
4640000	105.0
4650000	99.0
4660000	77.0
4670000	102.0
4680000	94.0
4690000	97.0
4700000	95.0
4710000	92.0
4720000	89.0
4730000	98.0
4740000	100.0
4750000	90.0
4760000	96.0
4770000	100.0
4780000	92.0
4790000	92.0
4800000	92.0
4810000	96.0
4820000	98.0
4830000	98.0
4840000	98.0
4850000	98.0
4860000	88.0
4870000	85.0
4880000	82.0
4890000	85.0
4900000	97.0
4910000	98.0
4920000	90.0
4930000	96.0
4940000	96.0
4950000	85.0
4960000	90.0
4970000	93.0
4980000	93.0
4990000	80.0
5000000	52.0
