10000	1.0
20000	1.0
30000	3.0
40000	2.0
50000	2.0
60000	3.0
70000	1.0
80000	2.0
90000	1.0
100000	1.0
110000	0.0
120000	1.0
130000	3.0
140000	1.0
150000	1.0
160000	1.0
170000	1.0
180000	2.0
190000	0.0
200000	1.0
210000	1.0
220000	0.0
230000	3.0
240000	0.0
250000	2.0
260000	1.0
270000	3.0
280000	3.0
290000	3.0
300000	2.0
310000	0.0
320000	1.0
330000	2.0
340000	1.0
350000	0.0
360000	0.0
370000	0.0
380000	1.0
390000	0.0
400000	1.0
410000	0.0
420000	2.0
430000	1.0
440000	1.0
450000	3.0
460000	1.0
470000	1.0
480000	1.0
490000	1.0
500000	2.0
510000	1.0
520000	2.0
530000	0.0
540000	0.0
550000	0.0
560000	0.0
570000	0.0
580000	0.0
590000	1.0
600000	2.0
610000	2.0
620000	2.0
630000	1.0
640000	3.0
650000	1.0
660000	1.0
670000	2.0
680000	1.0
690000	1.0
700000	0.0
710000	0.0
720000	0.0
730000	1.0
740000	2.0
750000	3.0
760000	0.0
770000	2.0
780000	1.0
790000	1.0
800000	2.0
810000	0.0
820000	0.0
830000	1.0
840000	3.0
850000	1.0
860000	0.0
870000	0.0
880000	0.0
890000	0.0
900000	0.0
910000	0.0
920000	1.0
930000	0.0
940000	2.0
950000	1.0
960000	0.0
970000	2.0
980000	3.0
990000	6.0
1000000	3.0
1010000	1.0
1020000	2.0
1030000	2.0
1040000	3.0
1050000	4.0
1060000	4.0
1070000	1.0
1080000	1.0
1090000	1.0
1100000	2.0
1110000	3.0
1120000	2.0
1130000	0.0
1140000	1.0
1150000	3.0
1160000	1.0
1170000	0.0
1180000	0.0
1190000	0.0
1200000	0.0
1210000	0.0
1220000	1.0
1230000	0.0
1240000	0.0
1250000	0.0
1260000	2.0
1270000	0.0
1280000	0.0
1290000	0.0
1300000	0.0
1310000	0.0
1320000	1.0
1330000	5.0
1340000	1.0
1350000	1.0
1360000	2.0
1370000	3.0
1380000	2.0
1390000	2.0
1400000	4.0
1410000	3.0
1420000	1.0
1430000	0.0
1440000	0.0
1450000	0.0
1460000	0.0
1470000	0.0
1480000	2.0
1490000	1.0
1500000	2.0
1510000	2.0
1520000	1.0
1530000	2.0
1540000	1.0
1550000	0.0
1560000	0.0
1570000	0.0
1580000	0.0
1590000	1.0
1600000	2.0
1610000	0.0
1620000	3.0
1630000	0.0
1640000	0.0
1650000	1.0
1660000	3.0
1670000	3.0
1680000	3.0
1690000	0.0
1700000	0.0
1710000	0.0
1720000	4.0
1730000	3.0
1740000	3.0
1750000	9.0
1760000	9.0
1770000	8.0
1780000	7.0
1790000	7.0
1800000	12.0
1810000	16.0
1820000	8.0
1830000	7.0
1840000	17.0
1850000	27.0
1860000	26.0
1870000	23.0
1880000	45.0
1890000	38.0
1900000	29.0
1910000	28.0
1920000	41.0
1930000	26.0
1940000	35.0
1950000	21.0
1960000	26.0
1970000	45.0
1980000	49.0
1990000	43.0
2000000	39.0
2010000	36.0
2020000	51.0
2030000	41.0
2040000	30.0
2050000	52.0
2060000	38.0
2070000	42.0
2080000	30.0
2090000	51.0
2100000	43.0
2110000	42.0
2120000	58.0
2130000	48.0
2140000	41.0
2150000	49.0
2160000	46.0
2170000	48.0
2180000	43.0
2190000	46.0
2200000	40.0
2210000	55.0
2220000	43.0
2230000	46.0
2240000	39.0
2250000	58.0
2260000	47.0
2270000	41.0
2280000	64.0
2290000	62.0
2300000	45.0
2310000	50.0
2320000	39.0
2330000	59.0
2340000	46.0
2350000	39.0
2360000	53.0
2370000	51.0
2380000	62.0
2390000	69.0
2400000	65.0
2410000	61.0
2420000	64.0
2430000	65.0
2440000	60.0
2450000	59.0
2460000	55.0
2470000	70.0
2480000	80.0
2490000	63.0
2500000	65.0
2510000	70.0
2520000	72.0
2530000	64.0
2540000	72.0
2550000	60.0
2560000	64.0
2570000	55.0
2580000	59.0
2590000	63.0
2600000	53.0
2610000	63.0
2620000	39.0
2630000	70.0
2640000	84.0
2650000	71.0
2660000	76.0
2670000	57.0
2680000	80.0
2690000	87.0
2700000	73.0
2710000	65.0
2720000	67.0
2730000	54.0
2740000	80.0
2750000	78.0
2760000	21.0
2770000	71.0
2780000	72.0
2790000	63.0
2800000	80.0
2810000	83.0
2820000	73.0
2830000	63.0
2840000	69.0
2850000	72.0
2860000	88.0
2870000	76.0
2880000	82.0
2890000	83.0
2900000	64.0
2910000	38.0
2920000	76.0
2930000	80.0
2940000	85.0
2950000	81.0
2960000	74.0
2970000	71.0
2980000	72.0
2990000	95.0
3000000	75.0
3010000	67.0
3020000	58.0
3030000	42.0
3040000	84.0
3050000	74.0
3060000	71.0
3070000	93.0
3080000	83.0
3090000	92.0
3100000	78.0
3110000	77.0
3120000	55.0
3130000	77.0
3140000	52.0
3150000	72.0
3160000	83.0
3170000	76.0
3180000	86.0
3190000	72.0
3200000	77.0
3210000	47.0
3220000	89.0
3230000	90.0
3240000	60.0
3250000	92.0
3260000	92.0
3270000	85.0
3280000	79.0
3290000	74.0
3300000	70.0
3310000	75.0
3320000	82.0
3330000	79.0
3340000	63.0
3350000	73.0
3360000	90.0
3370000	73.0
3380000	95.0
3390000	87.0
3400000	75.0
3410000	86.0
3420000	69.0
3430000	93.0
3440000	88.0
3450000	86.0
3460000	86.0
3470000	99.0
3480000	65.0
3490000	88.0
3500000	95.0
3510000	92.0
3520000	81.0
3530000	87.0
3540000	85.0
3550000	82.0
3560000	96.0
3570000	93.0
3580000	100.0
3590000	80.0
3600000	99.0
3610000	86.0
3620000	93.0
3630000	74.0
3640000	95.0
3650000	81.0
3660000	84.0
3670000	69.0
3680000	81.0
3690000	96.0
3700000	96.0
3710000	56.0
3720000	90.0
3730000	90.0
3740000	93.0
3750000	101.0
3760000	95.0
3770000	93.0
3780000	83.0
3790000	100.0
3800000	105.0
3810000	93.0
3820000	83.0
3830000	80.0
3840000	81.0
3850000	94.0
3860000	93.0
3870000	105.0
3880000	89.0
3890000	97.0
3900000	95.0
3910000	103.0
3920000	75.0
3930000	96.0
3940000	80.0
3950000	91.0
3960000	94.0
3970000	80.0
3980000	83.0
3990000	99.0
4000000	85.0
4010000	88.0
4020000	89.0
4030000	96.0
4040000	90.0
4050000	99.0
4060000	83.0
4070000	86.0
4080000	93.0
4090000	81.0
4100000	69.0
4110000	105.0
4120000	100.0
4130000	90.0
4140000	90.0
4150000	90.0
4160000	99.0
4170000	101.0
4180000	88.0
4190000	99.0
4200000	112.0
4210000	98.0
4220000	94.0
4230000	96.0
4240000	100.0
4250000	93.0
4260000	95.0
4270000	98.0
4280000	89.0
4290000	108.0
4300000	102.0
4310000	89.0
4320000	91.0
4330000	79.0
4340000	80.0
4350000	94.0
4360000	105.0
4370000	95.0
4380000	98.0
4390000	94.0
4400000	94.0
4410000	86.0
4420000	109.0
4430000	105.0
4440000	110.0
4450000	101.0
4460000	91.0
4470000	101.0
4480000	93.0
4490000	106.0
4500000	100.0
4510000	92.0
4520000	90.0
4530000	99.0
4540000	77.0
4550000	105.0
4560000	99.0
4570000	105.0
4580000	84.0
4590000	84.0
4600000	110.0
4610000	84.0
4620000	96.0
4630000	83.0
4640000	60.0
4650000	103.0
4660000	94.0
4670000	85.0
4680000	100.0
4690000	97.0
4700000	98.0
4710000	100.0
4720000	89.0
4730000	91.0
4740000	98.0
4750000	96.0
4760000	98.0
4770000	103.0
4780000	99.0
4790000	100.0
4800000	79.0
4810000	102.0
4820000	100.0
4830000	108.0
4840000	108.0
4850000	106.0
4860000	96.0
4870000	87.0
4880000	106.0
4890000	110.0
4900000	94.0
4910000	100.0
4920000	95.0
4930000	94.0
4940000	92.0
4950000	68.0
4960000	98.0
4970000	78.0
4980000	84.0
4990000	110.0
5000000	104.0
