10000	1.0
20000	0.0
30000	0.0
40000	1.0
50000	1.0
60000	1.0
70000	1.0
80000	0.0
90000	3.0
100000	2.0
110000	1.0
120000	1.0
130000	2.0
140000	1.0
150000	2.0
160000	1.0
170000	2.0
180000	2.0
190000	0.0
200000	3.0
210000	1.0
220000	2.0
230000	2.0
240000	0.0
250000	2.0
260000	0.0
270000	0.0
280000	0.0
290000	0.0
300000	0.0
310000	0.0
320000	4.0
330000	4.0
340000	2.0
350000	2.0
360000	0.0
370000	1.0
380000	0.0
390000	2.0
400000	3.0
410000	3.0
420000	4.0
430000	0.0
440000	0.0
450000	3.0
460000	2.0
470000	0.0
480000	1.0
490000	2.0
500000	2.0
510000	2.0
520000	1.0
530000	0.0
540000	0.0
550000	0.0
560000	0.0
570000	0.0
580000	1.0
590000	0.0
600000	0.0
610000	0.0
620000	1.0
630000	0.0
640000	1.0
650000	1.0
660000	0.0
670000	2.0
680000	0.0
690000	2.0
700000	2.0
710000	2.0
720000	0.0
730000	2.0
740000	2.0
750000	1.0
760000	2.0
770000	1.0
780000	3.0
790000	4.0
800000	1.0
810000	6.0
820000	6.0
830000	6.0
840000	3.0
850000	7.0
860000	6.0
870000	20.0
880000	12.0
890000	17.0
900000	16.0
910000	31.0
920000	30.0
930000	29.0
940000	16.0
950000	34.0
960000	50.0
970000	33.0
980000	46.0
990000	34.0
1000000	53.0
1010000	55.0
1020000	29.0
1030000	50.0
1040000	46.0
1050000	35.0
1060000	64.0
1070000	44.0
1080000	47.0
1090000	64.0
1100000	39.0
1110000	42.0
1120000	34.0
1130000	44.0
1140000	39.0
1150000	51.0
1160000	58.0
1170000	35.0
1180000	35.0
1190000	65.0
1200000	63.0
1210000	53.0
1220000	63.0
1230000	68.0
1240000	43.0
1250000	6.0
1260000	2.0
1270000	0.0
1280000	2.0
1290000	1.0
1300000	1.0
1310000	1.0
1320000	0.0
1330000	0.0
1340000	0.0
1350000	1.0
1360000	0.0
1370000	1.0
1380000	2.0
1390000	1.0
1400000	3.0
1410000	2.0
1420000	1.0
1430000	2.0
1440000	1.0
1450000	0.0
1460000	0.0
1470000	1.0
1480000	0.0
1490000	1.0
1500000	1.0
1510000	0.0
1520000	1.0
1530000	1.0
1540000	1.0
1550000	3.0
1560000	1.0
1570000	0.0
1580000	1.0
1590000	1.0
1600000	0.0
1610000	3.0
1620000	1.0
1630000	1.0
1640000	1.0
1650000	6.0
1660000	1.0
1670000	5.0
1680000	8.0
1690000	6.0
1700000	3.0
1710000	7.0
1720000	1.0
1730000	2.0
1740000	1.0
1750000	1.0
1760000	2.0
1770000	0.0
1780000	0.0
1790000	0.0
1800000	0.0
1810000	0.0
1820000	0.0
1830000	1.0
1840000	0.0
1850000	1.0
1860000	1.0
1870000	1.0
1880000	4.0
1890000	5.0
1900000	3.0
1910000	5.0
1920000	1.0
1930000	3.0
1940000	1.0
1950000	3.0
1960000	1.0
1970000	2.0
1980000	1.0
1990000	1.0
2000000	1.0
2010000	3.0
2020000	1.0
2030000	4.0
2040000	1.0
2050000	0.0
2060000	0.0
2070000	0.0
2080000	1.0
2090000	2.0
2100000	1.0
2110000	4.0
2120000	5.0
2130000	0.0
2140000	3.0
2150000	3.0
2160000	9.0
2170000	6.0
2180000	12.0
2190000	7.0
2200000	7.0
2210000	0.0
2220000	2.0
2230000	2.0
2240000	0.0
2250000	2.0
2260000	3.0
2270000	0.0
2280000	1.0
2290000	1.0
2300000	0.0
2310000	0.0
2320000	0.0
2330000	1.0
2340000	0.0
2350000	0.0
2360000	1.0
2370000	0.0
2380000	0.0
2390000	0.0
2400000	1.0
2410000	0.0
2420000	0.0
2430000	1.0
2440000	0.0
2450000	2.0
2460000	2.0
2470000	1.0
2480000	1.0
2490000	1.0
2500000	1.0
2510000	1.0
2520000	3.0
2530000	1.0
2540000	1.0
2550000	0.0
2560000	0.0
2570000	0.0
2580000	1.0
2590000	0.0
2600000	2.0
2610000	0.0
2620000	0.0
2630000	0.0
2640000	1.0
2650000	1.0
2660000	1.0
2670000	2.0
2680000	1.0
2690000	2.0
2700000	2.0
2710000	0.0
2720000	3.0
2730000	8.0
2740000	2.0
2750000	3.0
2760000	3.0
2770000	9.0
2780000	4.0
2790000	9.0
2800000	2.0
2810000	9.0
2820000	3.0
2830000	6.0
2840000	8.0
2850000	7.0
2860000	14.0
2870000	16.0
2880000	2.0
2890000	17.0
2900000	23.0
2910000	37.0
2920000	29.0
2930000	38.0
2940000	30.0
2950000	42.0
2960000	45.0
2970000	37.0
2980000	43.0
2990000	39.0
3000000	39.0
3010000	48.0
3020000	39.0
3030000	30.0
3040000	23.0
3050000	60.0
3060000	38.0
3070000	54.0
3080000	36.0
3090000	43.0
3100000	40.0
3110000	49.0
3120000	43.0
3130000	57.0
3140000	52.0
3150000	45.0
3160000	54.0
3170000	61.0
3180000	46.0
3190000	42.0
3200000	56.0
3210000	53.0
3220000	36.0
3230000	51.0
3240000	56.0
3250000	51.0
3260000	68.0
3270000	59.0
3280000	61.0
3290000	63.0
3300000	60.0
3310000	50.0
3320000	53.0
3330000	51.0
3340000	55.0
3350000	50.0
3360000	50.0
3370000	62.0
3380000	74.0
3390000	62.0
3400000	71.0
3410000	58.0
3420000	50.0
3430000	64.0
3440000	68.0
3450000	54.0
3460000	68.0
3470000	71.0
3480000	80.0
3490000	55.0
3500000	83.0
3510000	65.0
3520000	66.0
3530000	68.0
3540000	59.0
3550000	63.0
3560000	47.0
3570000	30.0
3580000	64.0
3590000	67.0
3600000	57.0
3610000	36.0
3620000	60.0
3630000	76.0
3640000	71.0
3650000	76.0
3660000	54.0
3670000	69.0
3680000	81.0
3690000	57.0
3700000	71.0
3710000	87.0
3720000	79.0
3730000	68.0
3740000	83.0
3750000	74.0
3760000	69.0
3770000	76.0
3780000	72.0
3790000	74.0
3800000	42.0
3810000	61.0
3820000	53.0
3830000	46.0
3840000	53.0
3850000	68.0
3860000	77.0
3870000	78.0
3880000	68.0
3890000	80.0
3900000	85.0
3910000	67.0
3920000	40.0
3930000	73.0
3940000	89.0
3950000	76.0
3960000	80.0
3970000	73.0
3980000	80.0
3990000	65.0
4000000	97.0
4010000	88.0
4020000	80.0
4030000	81.0
4040000	62.0
4050000	84.0
4060000	76.0
4070000	68.0
4080000	87.0
4090000	87.0
4100000	72.0
4110000	74.0
4120000	82.0
4130000	85.0
4140000	89.0
4150000	66.0
4160000	89.0
4170000	77.0
4180000	91.0
4190000	77.0
4200000	80.0
4210000	70.0
4220000	70.0
4230000	79.0
4240000	65.0
4250000	69.0
4260000	78.0
4270000	90.0
4280000	79.0
4290000	69.0
4300000	79.0
4310000	84.0
4320000	92.0
4330000	79.0
4340000	76.0
4350000	88.0
4360000	86.0
4370000	85.0
4380000	91.0
4390000	86.0
4400000	66.0
4410000	85.0
4420000	87.0
4430000	74.0
4440000	95.0
4450000	69.0
4460000	81.0
4470000	100.0
4480000	91.0
4490000	86.0
4500000	94.0
4510000	94.0
4520000	101.0
4530000	100.0
4540000	86.0
4550000	69.0
4560000	84.0
4570000	94.0
4580000	95.0
4590000	80.0
4600000	85.0
4610000	95.0
4620000	92.0
4630000	93.0
4640000	99.0
4650000	93.0
4660000	89.0
4670000	96.0
4680000	96.0
4690000	41.0
4700000	86.0
4710000	82.0
4720000	96.0
4730000	89.0
4740000	100.0
4750000	88.0
4760000	90.0
4770000	86.0
4780000	96.0
4790000	83.0
4800000	103.0
4810000	100.0
4820000	94.0
4830000	100.0
4840000	82.0
4850000	69.0
4860000	89.0
4870000	86.0
4880000	96.0
4890000	94.0
4900000	98.0
4910000	82.0
4920000	85.0
4930000	95.0
4940000	83.0
4950000	103.0
4960000	82.0
4970000	74.0
4980000	91.0
4990000	87.0
5000000	100.0
