10000	1.0
20000	0.0
30000	0.0
40000	0.0
50000	1.0
60000	2.0
70000	2.0
80000	2.0
90000	1.0
100000	2.0
110000	2.0
120000	1.0
130000	1.0
140000	0.0
150000	0.0
160000	2.0
170000	0.0
180000	3.0
190000	1.0
200000	1.0
210000	0.0
220000	3.0
230000	0.0
240000	4.0
250000	1.0
260000	1.0
270000	1.0
280000	0.0
290000	1.0
300000	0.0
310000	0.0
320000	2.0
330000	1.0
340000	0.0
350000	1.0
360000	2.0
370000	2.0
380000	0.0
390000	2.0
400000	4.0
410000	3.0
420000	1.0
430000	1.0
440000	0.0
450000	1.0
460000	0.0
470000	0.0
480000	0.0
490000	0.0
500000	1.0
510000	0.0
520000	0.0
530000	0.0
540000	0.0
550000	1.0
560000	3.0
570000	2.0
580000	0.0
590000	2.0
600000	1.0
610000	2.0
620000	2.0
630000	2.0
640000	1.0
650000	0.0
660000	1.0
670000	1.0
680000	2.0
690000	2.0
700000	0.0
710000	1.0
720000	0.0
730000	1.0
740000	0.0
750000	1.0
760000	0.0
770000	0.0
780000	0.0
790000	0.0
800000	0.0
810000	0.0
820000	3.0
830000	3.0
840000	3.0
850000	2.0
860000	1.0
870000	1.0
880000	1.0
890000	0.0
900000	0.0
910000	0.0
920000	0.0
930000	0.0
940000	0.0
950000	0.0
960000	1.0
970000	1.0
980000	1.0
990000	0.0
1000000	0.0
1010000	0.0
1020000	1.0
1030000	3.0
1040000	0.0
1050000	1.0
1060000	3.0
1070000	1.0
1080000	0.0
1090000	0.0
1100000	0.0
1110000	0.0
1120000	2.0
1130000	0.0
1140000	7.0
1150000	5.0
1160000	2.0
1170000	1.0
1180000	2.0
1190000	6.0
1200000	3.0
1210000	9.0
1220000	4.0
1230000	13.0
1240000	10.0
1250000	21.0
1260000	12.0
1270000	11.0
1280000	8.0
1290000	6.0
1300000	19.0
1310000	13.0
1320000	21.0
1330000	28.0
1340000	15.0
1350000	17.0
1360000	25.0
1370000	27.0
1380000	28.0
1390000	14.0
1400000	31.0
1410000	20.0
1420000	34.0
1430000	24.0
1440000	41.0
1450000	31.0
1460000	28.0
1470000	38.0
1480000	48.0
1490000	40.0
1500000	34.0
1510000	46.0
1520000	55.0
1530000	35.0
1540000	49.0
1550000	52.0
1560000	48.0
1570000	56.0
1580000	24.0
1590000	50.0
1600000	58.0
1610000	56.0
1620000	56.0
1630000	48.0
1640000	58.0
1650000	36.0
1660000	69.0
1670000	57.0
1680000	65.0
1690000	63.0
1700000	49.0
1710000	44.0
1720000	57.0
1730000	49.0
1740000	51.0
1750000	49.0
1760000	58.0
1770000	56.0
1780000	39.0
1790000	44.0
1800000	46.0
1810000	49.0
1820000	43.0
1830000	66.0
1840000	59.0
1850000	70.0
1860000	71.0
1870000	62.0
1880000	65.0
1890000	72.0
1900000	62.0
1910000	65.0
1920000	55.0
1930000	77.0
1940000	86.0
1950000	68.0
1960000	70.0
1970000	46.0
1980000	35.0
1990000	42.0
2000000	61.0
2010000	62.0
2020000	47.0
2030000	54.0
2040000	59.0
2050000	65.0
2060000	65.0
2070000	48.0
2080000	61.0
2090000	75.0
2100000	57.0
2110000	69.0
2120000	63.0
2130000	78.0
2140000	84.0
2150000	71.0
2160000	56.0
2170000	81.0
2180000	67.0
2190000	74.0
2200000	81.0
2210000	59.0
2220000	82.0
2230000	70.0
2240000	74.0
2250000	78.0
2260000	77.0
2270000	74.0
2280000	73.0
2290000	63.0
2300000	63.0
2310000	42.0
2320000	83.0
2330000	83.0
2340000	76.0
2350000	82.0
2360000	66.0
2370000	73.0
2380000	51.0
2390000	67.0
2400000	54.0
2410000	77.0
2420000	66.0
2430000	69.0
2440000	89.0
2450000	82.0
2460000	80.0
2470000	76.0
2480000	63.0
2490000	67.0
2500000	58.0
2510000	69.0
2520000	82.0
2530000	76.0
2540000	78.0
2550000	86.0
2560000	70.0
2570000	85.0
2580000	83.0
2590000	80.0
2600000	80.0
2610000	70.0
2620000	76.0
2630000	80.0
2640000	79.0
2650000	64.0
2660000	80.0
2670000	65.0
2680000	85.0
2690000	89.0
2700000	77.0
2710000	79.0
2720000	58.0
2730000	89.0
2740000	76.0
2750000	86.0
2760000	80.0
2770000	87.0
2780000	87.0
2790000	86.0
2800000	88.0
2810000	89.0
2820000	88.0
2830000	74.0
2840000	87.0
2850000	84.0
2860000	61.0
2870000	84.0
2880000	64.0
2890000	59.0
2900000	84.0
2910000	73.0
2920000	70.0
2930000	62.0
2940000	79.0
2950000	78.0
2960000	79.0
2970000	85.0
2980000	94.0
2990000	80.0
3000000	74.0
3010000	85.0
3020000	89.0
3030000	90.0
3040000	88.0
3050000	78.0
3060000	90.0
3070000	83.0
3080000	94.0
3090000	98.0
3100000	79.0
3110000	96.0
3120000	96.0
3130000	79.0
3140000	68.0
3150000	91.0
3160000	98.0
3170000	86.0
3180000	73.0
3190000	90.0
3200000	95.0
3210000	82.0
3220000	87.0
3230000	78.0
3240000	80.0
3250000	90.0
3260000	93.0
3270000	86.0
3280000	72.0
3290000	97.0
3300000	101.0
3310000	82.0
3320000	95.0
3330000	87.0
3340000	85.0
3350000	86.0
3360000	94.0
3370000	92.0
3380000	85.0
3390000	79.0
3400000	71.0
3410000	86.0
3420000	85.0
3430000	96.0
3440000	96.0
3450000	96.0
3460000	91.0
3470000	84.0
3480000	89.0
3490000	97.0
3500000	80.0
3510000	86.0
3520000	89.0
3530000	74.0
3540000	84.0
3550000	83.0
3560000	86.0
3570000	90.0
3580000	95.0
3590000	97.0
3600000	84.0
3610000	90.0
3620000	86.0
3630000	91.0
3640000	92.0
3650000	74.0
3660000	84.0
3670000	92.0
3680000	90.0
3690000	86.0
3700000	89.0
3710000	94.0
3720000	89.0
3730000	97.0
3740000	89.0
3750000	84.0
3760000	92.0
3770000	91.0
3780000	70.0
3790000	105.0
3800000	84.0
3810000	88.0
3820000	98.0
3830000	80.0
3840000	95.0
3850000	95.0
3860000	97.0
3870000	99.0
3880000	95.0
3890000	100.0
3900000	82.0
3910000	90.0
3920000	91.0
3930000	100.0
3940000	70.0
3950000	101.0
3960000	80.0
3970000	86.0
3980000	96.0
3990000	99.0
4000000	90.0
4010000	94.0
4020000	81.0
4030000	99.0
4040000	98.0
4050000	90.0
4060000	85.0
4070000	94.0
4080000	90.0
4090000	93.0
4100000	85.0
4110000	92.0
4120000	89.0
4130000	90.0
4140000	94.0
4150000	88.0
4160000	98.0
4170000	95.0
4180000	100.0
4190000	92.0
4200000	94.0
4210000	89.0
4220000	96.0
4230000	85.0
4240000	87.0
4250000	76.0
4260000	103.0
4270000	101.0
4280000	92.0
4290000	108.0
4300000	92.0
4310000	103.0
4320000	94.0
4330000	102.0
4340000	96.0
4350000	90.0
4360000	91.0
4370000	87.0
4380000	104.0
4390000	83.0
4400000	84.0
4410000	92.0
4420000	98.0
4430000	88.0
4440000	93.0
4450000	95.0
4460000	94.0
4470000	86.0
4480000	94.0
4490000	84.0
4500000	92.0
4510000	95.0
4520000	90.0
4530000	93.0
4540000	92.0
4550000	92.0
4560000	90.0
4570000	103.0
4580000	90.0
4590000	95.0
4600000	97.0
4610000	89.0
4620000	90.0
4630000	93.0
4640000	86.0
4650000	107.0
4660000	86.0
4670000	102.0
4680000	90.0
4690000	84.0
4700000	99.0
4710000	95.0
4720000	97.0
4730000	88.0
4740000	46.0
4750000	86.0
4760000	96.0
4770000	69.0
4780000	78.0
4790000	91.0
4800000	94.0
4810000	92.0
4820000	88.0
4830000	106.0
4840000	94.0
4850000	82.0
4860000	104.0
4870000	98.0
4880000	89.0
4890000	92.0
4900000	93.0
4910000	86.0
4920000	98.0
4930000	83.0
4940000	92.0
4950000	100.0
4960000	96.0
4970000	93.0
4980000	82.0
4990000	91.0
5000000	93.0
