10000	3.0
20000	2.0
30000	3.0
40000	2.0
50000	4.0
60000	3.0
70000	3.0
80000	4.0
90000	1.0
100000	3.0
110000	2.0
120000	3.0
130000	4.0
140000	2.0
150000	2.0
160000	5.0
170000	2.0
180000	2.0
190000	1.0
200000	1.0
210000	3.0
220000	3.0
230000	1.0
240000	2.0
250000	2.0
260000	2.0
270000	1.0
280000	5.0
290000	3.0
300000	3.0
310000	3.0
320000	2.0
330000	2.0
340000	2.0
350000	0.0
360000	30.0
370000	146.0
380000	188.0
390000	97.0
400000	189.0
410000	195.0
420000	97.0
430000	193.0
440000	197.0
450000	199.0
460000	98.0
470000	96.0
480000	198.0
490000	195.0
500000	195.0
510000	200.0
520000	197.0
530000	198.0
540000	198.0
550000	201.0
560000	128.0
570000	162.0
580000	115.0
590000	197.0
600000	197.0
610000	195.0
620000	198.0
630000	198.0
640000	196.0
650000	197.0
660000	163.0
670000	69.0
680000	166.0
690000	200.0
700000	197.0
710000	198.0
720000	197.0
730000	197.0
740000	199.0
750000	196.0
760000	197.0
770000	111.0
780000	99.0
790000	198.0
800000	183.0
810000	200.0
820000	99.0
830000	200.0
840000	199.0
850000	199.0
860000	195.0
870000	200.0
880000	143.0
890000	98.0
900000	199.0
910000	200.0
920000	200.0
930000	195.0
940000	169.0
950000	199.0
960000	170.0
970000	197.0
980000	168.0
990000	81.0
1000000	199.0
1010000	203.0
1020000	195.0
1030000	156.0
1040000	200.0
1050000	200.0
1060000	200.0
1070000	201.0
1080000	200.0
1090000	90.0
1100000	103.0
1110000	197.0
1120000	199.0
1130000	173.0
1140000	200.0
1150000	198.0
1160000	200.0
1170000	198.0
1180000	198.0
1190000	200.0
1200000	0.0
1210000	201.0
1220000	200.0
1230000	172.0
1240000	199.0
1250000	201.0
1260000	199.0
1270000	196.0
1280000	195.0
1290000	195.0
1300000	67.0
1310000	102.0
1320000	194.0
1330000	196.0
1340000	197.0
1350000	179.0
1360000	199.0
1370000	197.0
1380000	100.0
1390000	200.0
1400000	196.0
1410000	196.0
1420000	102.0
1430000	200.0
1440000	201.0
1450000	202.0
1460000	198.0
1470000	197.0
1480000	192.0
1490000	100.0
1500000	199.0
1510000	198.0
1520000	147.0
1530000	174.0
1540000	198.0
1550000	196.0
1560000	200.0
1570000	154.0
1580000	171.0
1590000	202.0
1600000	101.0
1610000	199.0
1620000	200.0
1630000	198.0
1640000	142.0
1650000	195.0
1660000	98.0
1670000	199.0
1680000	201.0
1690000	198.0
1700000	203.0
1710000	98.0
1720000	200.0
1730000	198.0
1740000	201.0
1750000	200.0
1760000	198.0
1770000	97.0
1780000	200.0
1790000	200.0
1800000	195.0
1810000	199.0
1820000	146.0
1830000	80.0
1840000	200.0
1850000	198.0
1860000	199.0
1870000	196.0
1880000	199.0
1890000	168.0
1900000	199.0
1910000	100.0
1920000	101.0
1930000	197.0
1940000	199.0
1950000	199.0
1960000	197.0
1970000	201.0
1980000	198.0
1990000	200.0
2000000	198.0
2010000	198.0
2020000	42.0
2030000	135.0
2040000	198.0
2050000	196.0
2060000	201.0
2070000	200.0
2080000	201.0
2090000	202.0
2100000	198.0
2110000	201.0
2120000	139.0
2130000	48.0
2140000	198.0
2150000	201.0
2160000	198.0
2170000	202.0
2180000	101.0
2190000	199.0
2200000	200.0
2210000	196.0
2220000	198.0
2230000	160.0
2240000	146.0
2250000	202.0
2260000	142.0
2270000	198.0
2280000	201.0
2290000	134.0
2300000	197.0
2310000	71.0
2320000	199.0
2330000	199.0
2340000	194.0
2350000	197.0
2360000	201.0
2370000	200.0
2380000	200.0
2390000	181.0
2400000	100.0
2410000	197.0
2420000	139.0
2430000	200.0
2440000	200.0
2450000	197.0
2460000	197.0
2470000	198.0
2480000	145.0
2490000	177.0
2500000	149.0
2510000	140.0
2520000	195.0
2530000	99.0
2540000	203.0
2550000	200.0
2560000	195.0
2570000	197.0
2580000	199.0
2590000	202.0
2600000	196.0
2610000	144.0
2620000	158.0
2630000	88.0
2640000	199.0
2650000	195.0
2660000	202.0
2670000	203.0
2680000	198.0
2690000	199.0
2700000	174.0
2710000	203.0
2720000	128.0
2730000	173.0
2740000	195.0
2750000	100.0
2760000	200.0
2770000	201.0
2780000	200.0
2790000	196.0
2800000	197.0
2810000	199.0
2820000	167.0
2830000	108.0
2840000	197.0
2850000	173.0
2860000	98.0
2870000	199.0
2880000	199.0
2890000	200.0
2900000	199.0
2910000	197.0
2920000	199.0
2930000	199.0
2940000	99.0
2950000	193.0
2960000	199.0
2970000	99.0
2980000	196.0
2990000	199.0
3000000	197.0
