10000	1.0
20000	2.0
30000	3.0
40000	1.0
50000	1.0
60000	4.0
70000	4.0
80000	6.0
90000	2.0
100000	3.0
110000	1.0
120000	3.0
130000	1.0
140000	3.0
150000	2.0
160000	2.0
170000	0.0
180000	2.0
190000	1.0
200000	2.0
210000	2.0
220000	3.0
230000	4.0
240000	3.0
250000	3.0
260000	1.0
270000	7.0
280000	11.0
290000	17.0
300000	20.0
310000	37.0
320000	28.0
330000	63.0
340000	21.0
350000	39.0
360000	66.0
370000	35.0
380000	21.0
390000	41.0
400000	34.0
410000	23.0
420000	25.0
430000	34.0
440000	51.0
450000	50.0
460000	23.0
470000	16.0
480000	46.0
490000	25.0
500000	41.0
510000	30.0
520000	25.0
530000	5.0
540000	33.0
550000	16.0
560000	70.0
570000	33.0
580000	57.0
590000	39.0
600000	2.0
610000	34.0
620000	37.0
630000	26.0
640000	0.0
650000	21.0
660000	53.0
670000	81.0
680000	14.0
690000	16.0
700000	24.0
710000	28.0
720000	20.0
730000	30.0
740000	45.0
750000	10.0
760000	29.0
770000	32.0
780000	33.0
790000	43.0
800000	36.0
810000	28.0
820000	6.0
830000	18.0
840000	45.0
850000	18.0
860000	22.0
870000	8.0
880000	10.0
890000	16.0
900000	29.0
910000	34.0
920000	29.0
930000	33.0
940000	48.0
950000	38.0
960000	15.0
970000	17.0
980000	33.0
990000	38.0
1000000	44.0
1010000	5.0
1020000	43.0
1030000	5.0
1040000	49.0
1050000	26.0
1060000	23.0
1070000	25.0
1080000	21.0
1090000	15.0
1100000	30.0
1110000	28.0
1120000	29.0
1130000	29.0
1140000	18.0
1150000	28.0
1160000	32.0
1170000	34.0
1180000	45.0
1190000	11.0
1200000	33.0
1210000	22.0
1220000	9.0
1230000	37.0
1240000	28.0
1250000	26.0
1260000	16.0
1270000	8.0
1280000	11.0
1290000	11.0
1300000	13.0
1310000	17.0
1320000	33.0
1330000	26.0
1340000	14.0
1350000	18.0
1360000	29.0
1370000	46.0
1380000	14.0
1390000	36.0
1400000	23.0
1410000	38.0
1420000	26.0
1430000	12.0
1440000	22.0
1450000	33.0
1460000	9.0
1470000	17.0
1480000	20.0
1490000	7.0
1500000	24.0
1510000	11.0
1520000	43.0
1530000	61.0
1540000	17.0
1550000	53.0
1560000	31.0
1570000	10.0
1580000	12.0
1590000	9.0
1600000	18.0
1610000	12.0
1620000	19.0
1630000	13.0
1640000	16.0
1650000	27.0
1660000	37.0
1670000	63.0
1680000	12.0
1690000	4.0
1700000	26.0
1710000	2.0
1720000	17.0
1730000	17.0
1740000	19.0
1750000	53.0
1760000	13.0
1770000	29.0
1780000	40.0
1790000	6.0
1800000	36.0
1810000	21.0
1820000	10.0
1830000	16.0
1840000	15.0
1850000	35.0
1860000	18.0
1870000	27.0
1880000	26.0
1890000	55.0
1900000	15.0
1910000	33.0
1920000	11.0
1930000	14.0
1940000	8.0
1950000	40.0
1960000	30.0
1970000	26.0
1980000	24.0
1990000	14.0
2000000	42.0
2010000	36.0
2020000	36.0
2030000	4.0
2040000	0.0
2050000	24.0
2060000	32.0
2070000	48.0
2080000	18.0
2090000	37.0
2100000	25.0
2110000	38.0
2120000	34.0
2130000	17.0
2140000	32.0
2150000	0.0
2160000	0.0
2170000	15.0
2180000	24.0
2190000	20.0
2200000	16.0
2210000	24.0
2220000	24.0
2230000	62.0
2240000	51.0
2250000	17.0
2260000	0.0
2270000	10.0
2280000	18.0
2290000	9.0
2300000	21.0
2310000	63.0
2320000	0.0
2330000	28.0
2340000	24.0
2350000	32.0
2360000	7.0
2370000	0.0
2380000	16.0
2390000	48.0
2400000	30.0
2410000	14.0
2420000	33.0
2430000	20.0
2440000	50.0
2450000	9.0
2460000	45.0
2470000	0.0
2480000	11.0
2490000	60.0
2500000	53.0
2510000	22.0
2520000	9.0
2530000	29.0
2540000	14.0
2550000	15.0
2560000	24.0
2570000	30.0
2580000	0.0
2590000	45.0
2600000	12.0
2610000	42.0
2620000	20.0
2630000	46.0
2640000	52.0
2650000	1.0
2660000	22.0
2670000	18.0
2680000	42.0
2690000	15.0
2700000	20.0
2710000	9.0
2720000	37.0
2730000	32.0
2740000	15.0
2750000	19.0
2760000	0.0
2770000	15.0
2780000	28.0
2790000	30.0
2800000	7.0
2810000	36.0
2820000	46.0
2830000	29.0
2840000	23.0
2850000	10.0
2860000	18.0
2870000	7.0
2880000	41.0
2890000	9.0
2900000	41.0
2910000	9.0
2920000	17.0
2930000	68.0
2940000	11.0
2950000	23.0
2960000	23.0
2970000	52.0
2980000	8.0
2990000	13.0
3000000	26.0
