10000	4.0
20000	3.0
30000	5.0
40000	0.0
50000	2.0
60000	2.0
70000	1.0
80000	4.0
90000	2.0
100000	1.0
110000	2.0
120000	2.0
130000	2.0
140000	1.0
150000	5.0
160000	2.0
170000	2.0
180000	4.0
190000	2.0
200000	0.0
210000	2.0
220000	4.0
230000	3.0
240000	4.0
250000	3.0
260000	3.0
270000	3.0
280000	2.0
290000	2.0
300000	2.0
310000	0.0
320000	2.0
330000	4.0
340000	38.0
350000	59.0
360000	189.0
370000	192.0
380000	192.0
390000	196.0
400000	195.0
410000	194.0
420000	125.0
430000	200.0
440000	180.0
450000	201.0
460000	109.0
470000	196.0
480000	198.0
490000	152.0
500000	197.0
510000	198.0
520000	198.0
530000	157.0
540000	199.0
550000	168.0
560000	192.0
570000	132.0
580000	196.0
590000	197.0
600000	123.0
610000	199.0
620000	198.0
630000	203.0
640000	200.0
650000	151.0
660000	198.0
670000	169.0
680000	151.0
690000	148.0
700000	197.0
710000	196.0
720000	142.0
730000	203.0
740000	135.0
750000	202.0
760000	199.0
770000	194.0
780000	199.0
790000	110.0
800000	196.0
810000	140.0
820000	198.0
830000	199.0
840000	148.0
850000	201.0
860000	151.0
870000	203.0
880000	198.0
890000	198.0
900000	201.0
910000	142.0
920000	168.0
930000	139.0
940000	200.0
950000	199.0
960000	113.0
970000	199.0
980000	200.0
990000	200.0
1000000	200.0
1010000	172.0
1020000	170.0
1030000	143.0
1040000	199.0
1050000	199.0
1060000	200.0
1070000	110.0
1080000	161.0
1090000	198.0
1100000	195.0
1110000	198.0
1120000	151.0
1130000	201.0
1140000	197.0
1150000	201.0
1160000	159.0
1170000	184.0
1180000	108.0
1190000	197.0
1200000	201.0
1210000	199.0
1220000	197.0
1230000	139.0
1240000	200.0
1250000	200.0
1260000	201.0
1270000	161.0
1280000	153.0
1290000	201.0
1300000	144.0
1310000	198.0
1320000	198.0
1330000	171.0
1340000	136.0
1350000	198.0
1360000	199.0
1370000	202.0
1380000	200.0
1390000	196.0
1400000	161.0
1410000	124.0
1420000	201.0
1430000	198.0
1440000	199.0
1450000	194.0
1460000	188.0
1470000	127.0
1480000	198.0
1490000	201.0
1500000	202.0
1510000	149.0
1520000	128.0
1530000	201.0
1540000	198.0
1550000	201.0
1560000	199.0
1570000	185.0
1580000	151.0
1590000	201.0
1600000	184.0
1610000	200.0
1620000	122.0
1630000	70.0
1640000	200.0
1650000	198.0
1660000	195.0
1670000	198.0
1680000	199.0
1690000	199.0
1700000	201.0
1710000	202.0
1720000	130.0
1730000	203.0
1740000	120.0
1750000	179.0
1760000	167.0
1770000	196.0
1780000	198.0
1790000	199.0
1800000	201.0
1810000	200.0
1820000	198.0
1830000	126.0
1840000	170.0
1850000	129.0
1860000	183.0
1870000	201.0
1880000	202.0
1890000	198.0
1900000	199.0
1910000	198.0
1920000	198.0
1930000	200.0
1940000	80.0
1950000	153.0
1960000	166.0
1970000	202.0
1980000	156.0
1990000	198.0
2000000	199.0
2010000	198.0
2020000	201.0
2030000	198.0
2040000	200.0
2050000	90.0
2060000	125.0
2070000	200.0
2080000	198.0
2090000	201.0
2100000	185.0
2110000	198.0
2120000	135.0
2130000	202.0
2140000	201.0
2150000	200.0
2160000	126.0
2170000	121.0
2180000	203.0
2190000	199.0
2200000	201.0
2210000	198.0
2220000	132.0
2230000	199.0
2240000	200.0
2250000	200.0
2260000	186.0
2270000	118.0
2280000	116.0
2290000	198.0
2300000	197.0
2310000	201.0
2320000	197.0
2330000	198.0
2340000	168.0
2350000	199.0
2360000	202.0
2370000	156.0
2380000	200.0
2390000	101.0
2400000	169.0
2410000	202.0
2420000	200.0
2430000	201.0
2440000	200.0
2450000	201.0
2460000	180.0
2470000	187.0
2480000	174.0
2490000	95.0
2500000	158.0
2510000	199.0
2520000	198.0
2530000	201.0
2540000	199.0
2550000	200.0
2560000	202.0
2570000	200.0
2580000	135.0
2590000	200.0
2600000	142.0
2610000	125.0
2620000	199.0
2630000	109.0
2640000	198.0
2650000	200.0
2660000	200.0
2670000	197.0
2680000	200.0
2690000	199.0
2700000	116.0
2710000	142.0
2720000	198.0
2730000	200.0
2740000	124.0
2750000	199.0
2760000	197.0
2770000	198.0
2780000	198.0
2790000	198.0
2800000	200.0
2810000	101.0
2820000	192.0
2830000	199.0
2840000	126.0
2850000	201.0
2860000	163.0
2870000	197.0
2880000	198.0
2890000	198.0
2900000	198.0
2910000	198.0
2920000	92.0
2930000	200.0
2940000	190.0
2950000	127.0
2960000	200.0
2970000	167.0
2980000	199.0
2990000	200.0
3000000	198.0
