10000	3.0
20000	3.0
30000	2.0
40000	3.0
50000	5.0
60000	3.0
70000	0.0
80000	0.0
90000	4.0
100000	1.0
110000	3.0
120000	2.0
130000	5.0
140000	2.0
150000	2.0
160000	2.0
170000	3.0
180000	3.0
190000	1.0
200000	5.0
210000	1.0
220000	3.0
230000	1.0
240000	1.0
250000	3.0
260000	1.0
270000	16.0
280000	51.0
290000	179.0
300000	199.0
310000	194.0
320000	194.0
330000	169.0
340000	151.0
350000	195.0
360000	192.0
370000	114.0
380000	198.0
390000	166.0
400000	199.0
410000	200.0
420000	196.0
430000	151.0
440000	199.0
450000	201.0
460000	196.0
470000	185.0
480000	175.0
490000	130.0
500000	162.0
510000	199.0
520000	199.0
530000	130.0
540000	198.0
550000	199.0
560000	200.0
570000	199.0
580000	196.0
590000	102.0
600000	197.0
610000	203.0
620000	197.0
630000	152.0
640000	152.0
650000	198.0
660000	198.0
670000	199.0
680000	198.0
690000	161.0
700000	105.0
710000	199.0
720000	201.0
730000	198.0
740000	136.0
750000	199.0
760000	199.0
770000	185.0
780000	199.0
790000	198.0
800000	59.0
810000	201.0
820000	198.0
830000	204.0
840000	198.0
850000	119.0
860000	199.0
870000	197.0
880000	200.0
890000	201.0
900000	201.0
910000	101.0
920000	180.0
930000	200.0
940000	201.0
950000	199.0
960000	197.0
970000	139.0
980000	201.0
990000	175.0
1000000	200.0
1010000	129.0
1020000	126.0
1030000	201.0
1040000	199.0
1050000	203.0
1060000	196.0
1070000	194.0
1080000	198.0
1090000	200.0
1100000	167.0
1110000	190.0
1120000	94.0
1130000	129.0
1140000	202.0
1150000	200.0
1160000	198.0
1170000	200.0
1180000	200.0
1190000	198.0
1200000	199.0
1210000	199.0
1220000	148.0
1230000	49.0
1240000	201.0
1250000	200.0
1260000	201.0
1270000	200.0
1280000	197.0
1290000	195.0
1300000	196.0
1310000	197.0
1320000	124.0
1330000	93.0
1340000	118.0
1350000	200.0
1360000	201.0
1370000	200.0
1380000	200.0
1390000	201.0
1400000	200.0
1410000	199.0
1420000	200.0
1430000	201.0
1440000	27.0
1450000	197.0
1460000	198.0
1470000	202.0
1480000	202.0
1490000	159.0
1500000	202.0
1510000	200.0
1520000	200.0
1530000	199.0
1540000	110.0
1550000	144.0
1560000	202.0
1570000	199.0
1580000	201.0
1590000	186.0
1600000	142.0
1610000	146.0
1620000	201.0
1630000	201.0
1640000	199.0
1650000	200.0
1660000	131.0
1670000	199.0
1680000	200.0
1690000	199.0
1700000	122.0
1710000	166.0
1720000	200.0
1730000	202.0
1740000	200.0
1750000	201.0
1760000	199.0
1770000	110.0
1780000	200.0
1790000	197.0
1800000	188.0
1810000	120.0
1820000	199.0
1830000	198.0
1840000	199.0
1850000	202.0
1860000	112.0
1870000	202.0
1880000	201.0
1890000	200.0
1900000	201.0
1910000	133.0
1920000	204.0
1930000	112.0
1940000	201.0
1950000	203.0
1960000	174.0
1970000	200.0
1980000	204.0
1990000	201.0
2000000	147.0
2010000	202.0
2020000	201.0
2030000	124.0
2040000	170.0
2050000	198.0
2060000	200.0
2070000	142.0
2080000	203.0
2090000	200.0
2100000	200.0
2110000	114.0
2120000	194.0
2130000	202.0
2140000	142.0
2150000	201.0
2160000	198.0
2170000	200.0
2180000	100.0
2190000	200.0
2200000	178.0
2210000	198.0
2220000	199.0
2230000	199.0
2240000	118.0
2250000	172.0
2260000	199.0
2270000	201.0
2280000	170.0
2290000	154.0
2300000	201.0
2310000	198.0
2320000	196.0
2330000	200.0
2340000	86.0
2350000	197.0
2360000	200.0
2370000	198.0
2380000	198.0
2390000	168.0
2400000	100.0
2410000	199.0
2420000	159.0
2430000	200.0
2440000	199.0
2450000	111.0
2460000	202.0
2470000	201.0
2480000	200.0
2490000	201.0
2500000	187.0
2510000	124.0
2520000	199.0
2530000	160.0
2540000	201.0
2550000	196.0
2560000	74.0
2570000	199.0
2580000	202.0
2590000	201.0
2600000	199.0
2610000	198.0
2620000	200.0
2630000	125.0
2640000	197.0
2650000	199.0
2660000	169.0
2670000	130.0
2680000	164.0
2690000	197.0
2700000	201.0
2710000	203.0
2720000	199.0
2730000	201.0
2740000	146.0
2750000	199.0
2760000	180.0
2770000	122.0
2780000	201.0
2790000	120.0
2800000	201.0
2810000	199.0
2820000	200.0
2830000	199.0
2840000	196.0
2850000	202.0
2860000	122.0
2870000	200.0
2880000	135.0
2890000	135.0
2900000	200.0
2910000	200.0
2920000	202.0
2930000	200.0
2940000	198.0
2950000	202.0
2960000	199.0
2970000	139.0
2980000	97.0
2990000	198.0
3000000	150.0
