10000	2.0
20000	2.0
30000	3.0
40000	3.0
50000	3.0
60000	3.0
70000	2.0
80000	1.0
90000	2.0
100000	2.0
110000	3.0
120000	2.0
130000	2.0
140000	0.0
150000	2.0
160000	2.0
170000	2.0
180000	3.0
190000	1.0
200000	1.0
210000	3.0
220000	3.0
230000	2.0
240000	0.0
250000	3.0
260000	4.0
270000	2.0
280000	20.0
290000	124.0
300000	161.0
310000	171.0
320000	186.0
330000	196.0
340000	105.0
350000	196.0
360000	199.0
370000	196.0
380000	198.0
390000	200.0
400000	105.0
410000	200.0
420000	196.0
430000	185.0
440000	198.0
450000	112.0
460000	198.0
470000	199.0
480000	200.0
490000	196.0
500000	195.0
510000	99.0
520000	176.0
530000	202.0
540000	198.0
550000	201.0
560000	120.0
570000	201.0
580000	199.0
590000	198.0
600000	199.0
610000	123.0
620000	113.0
630000	200.0
640000	200.0
650000	199.0
660000	200.0
670000	141.0
680000	200.0
690000	202.0
700000	200.0
710000	202.0
720000	41.0
730000	197.0
740000	199.0
750000	199.0
760000	203.0
770000	202.0
780000	197.0
790000	134.0
800000	198.0
810000	197.0
820000	172.0
830000	101.0
840000	195.0
850000	138.0
860000	200.0
870000	198.0
880000	200.0
890000	197.0
900000	173.0
910000	199.0
920000	199.0
930000	130.0
940000	112.0
950000	201.0
960000	183.0
970000	201.0
980000	201.0
990000	197.0
1000000	200.0
1010000	155.0
1020000	198.0
1030000	112.0
1040000	157.0
1050000	200.0
1060000	198.0
1070000	172.0
1080000	205.0
1090000	200.0
1100000	199.0
1110000	165.0
1120000	200.0
1130000	201.0
1140000	127.0
1150000	137.0
1160000	199.0
1170000	200.0
1180000	169.0
1190000	200.0
1200000	201.0
1210000	199.0
1220000	181.0
1230000	202.0
1240000	137.0
1250000	111.0
1260000	202.0
1270000	199.0
1280000	196.0
1290000	191.0
1300000	103.0
1310000	199.0
1320000	199.0
1330000	172.0
1340000	202.0
1350000	169.0
1360000	187.0
1370000	203.0
1380000	200.0
1390000	112.0
1400000	198.0
1410000	188.0
1420000	195.0
1430000	199.0
1440000	138.0
1450000	199.0
1460000	199.0
1470000	108.0
1480000	203.0
1490000	200.0
1500000	118.0
1510000	198.0
1520000	201.0
1530000	200.0
1540000	202.0
1550000	122.0
1560000	199.0
1570000	188.0
1580000	177.0
1590000	201.0
1600000	182.0
1610000	114.0
1620000	199.0
1630000	202.0
1640000	196.0
1650000	199.0
1660000	130.0
1670000	198.0
1680000	160.0
1690000	199.0
1700000	197.0
1710000	201.0
1720000	105.0
1730000	184.0
1740000	197.0
1750000	199.0
1760000	109.0
1770000	199.0
1780000	200.0
1790000	197.0
1800000	199.0
1810000	200.0
1820000	200.0
1830000	134.0
1840000	139.0
1850000	200.0
1860000	200.0
1870000	161.0
1880000	149.0
1890000	201.0
1900000	200.0
1910000	200.0
1920000	200.0
1930000	200.0
1940000	146.0
1950000	146.0
1960000	199.0
1970000	142.0
1980000	198.0
1990000	130.0
2000000	198.0
2010000	199.0
2020000	200.0
2030000	149.0
2040000	201.0
2050000	204.0
2060000	201.0
2070000	162.0
2080000	161.0
2090000	198.0
2100000	115.0
2110000	200.0
2120000	199.0
2130000	203.0
2140000	120.0
2150000	198.0
2160000	201.0
2170000	200.0
2180000	203.0
2190000	181.0
2200000	130.0
2210000	201.0
2220000	125.0
2230000	201.0
2240000	202.0
2250000	183.0
2260000	200.0
2270000	201.0
2280000	195.0
2290000	189.0
2300000	200.0
2310000	115.0
2320000	126.0
2330000	168.0
2340000	201.0
2350000	198.0
2360000	201.0
2370000	202.0
2380000	199.0
2390000	198.0
2400000	124.0
2410000	199.0
2420000	201.0
2430000	108.0
2440000	202.0
2450000	185.0
2460000	202.0
2470000	200.0
2480000	201.0
2490000	198.0
2500000	194.0
2510000	166.0
2520000	129.0
2530000	123.0
2540000	200.0
2550000	175.0
2560000	198.0
2570000	174.0
2580000	201.0
2590000	178.0
2600000	199.0
2610000	199.0
2620000	159.0
2630000	184.0
2640000	172.0
2650000	146.0
2660000	193.0
2670000	122.0
2680000	178.0
2690000	201.0
2700000	204.0
2710000	199.0
2720000	201.0
2730000	197.0
2740000	149.0
2750000	201.0
2760000	170.0
2770000	131.0
2780000	179.0
2790000	176.0
2800000	202.0
2810000	199.0
2820000	197.0
2830000	199.0
2840000	167.0
2850000	197.0
2860000	198.0
2870000	101.0
2880000	200.0
2890000	168.0
2900000	197.0
2910000	171.0
2920000	200.0
2930000	203.0
2940000	200.0
2950000	157.0
2960000	199.0
2970000	200.0
2980000	113.0
2990000	168.0
3000000	200.0
