10000	1.0
20000	2.0
30000	2.0
40000	2.0
50000	2.0
60000	3.0
70000	1.0
80000	1.0
90000	5.0
100000	2.0
110000	2.0
120000	2.0
130000	1.0
140000	4.0
150000	2.0
160000	4.0
170000	2.0
180000	2.0
190000	3.0
200000	3.0
210000	1.0
220000	2.0
230000	2.0
240000	2.0
250000	3.0
260000	1.0
270000	4.0
280000	5.0
290000	2.0
300000	3.0
310000	2.0
320000	8.0
330000	51.0
340000	134.0
350000	187.0
360000	174.0
370000	143.0
380000	199.0
390000	192.0
400000	149.0
410000	199.0
420000	180.0
430000	195.0
440000	152.0
450000	199.0
460000	198.0
470000	154.0
480000	187.0
490000	145.0
500000	198.0
510000	199.0
520000	200.0
530000	164.0
540000	197.0
550000	199.0
560000	174.0
570000	108.0
580000	198.0
590000	202.0
600000	144.0
610000	201.0
620000	201.0
630000	200.0
640000	200.0
650000	171.0
660000	198.0
670000	198.0
680000	102.0
690000	197.0
700000	201.0
710000	129.0
720000	197.0
730000	130.0
740000	196.0
750000	199.0
760000	203.0
770000	203.0
780000	142.0
790000	200.0
800000	198.0
810000	116.0
820000	197.0
830000	196.0
840000	110.0
850000	195.0
860000	198.0
870000	197.0
880000	201.0
890000	185.0
900000	150.0
910000	199.0
920000	151.0
930000	198.0
940000	118.0
950000	199.0
960000	197.0
970000	198.0
980000	196.0
990000	201.0
1000000	146.0
1010000	142.0
1020000	200.0
1030000	168.0
1040000	203.0
1050000	144.0
1060000	200.0
1070000	202.0
1080000	200.0
1090000	201.0
1100000	201.0
1110000	116.0
1120000	200.0
1130000	201.0
1140000	102.0
1150000	196.0
1160000	203.0
1170000	171.0
1180000	200.0
1190000	200.0
1200000	198.0
1210000	198.0
1220000	135.0
1230000	188.0
1240000	131.0
1250000	144.0
1260000	200.0
1270000	198.0
1280000	131.0
1290000	200.0
1300000	201.0
1310000	200.0
1320000	200.0
1330000	200.0
1340000	198.0
1350000	43.0
1360000	199.0
1370000	201.0
1380000	201.0
1390000	160.0
1400000	200.0
1410000	200.0
1420000	202.0
1430000	198.0
1440000	198.0
1450000	118.0
1460000	141.0
1470000	200.0
1480000	199.0
1490000	139.0
1500000	196.0
1510000	199.0
1520000	198.0
1530000	199.0
1540000	198.0
1550000	200.0
1560000	130.0
1570000	202.0
1580000	109.0
1590000	199.0
1600000	202.0
1610000	197.0
1620000	166.0
1630000	201.0
1640000	199.0
1650000	196.0
1660000	129.0
1670000	198.0
1680000	138.0
1690000	120.0
1700000	201.0
1710000	196.0
1720000	200.0
1730000	199.0
1740000	196.0
1750000	200.0
1760000	199.0
1770000	128.0
1780000	199.0
1790000	136.0
1800000	102.0
1810000	197.0
1820000	196.0
1830000	187.0
1840000	200.0
1850000	200.0
1860000	198.0
1870000	154.0
1880000	199.0
1890000	200.0
1900000	172.0
1910000	71.0
1920000	203.0
1930000	197.0
1940000	200.0
1950000	199.0
1960000	203.0
1970000	198.0
1980000	108.0
1990000	201.0
2000000	199.0
2010000	198.0
2020000	121.0
2030000	156.0
2040000	196.0
2050000	200.0
2060000	200.0
2070000	198.0
2080000	200.0
2090000	96.0
2100000	197.0
2110000	197.0
2120000	154.0
2130000	105.0
2140000	198.0
2150000	197.0
2160000	201.0
2170000	195.0
2180000	196.0
2190000	201.0
2200000	123.0
2210000	201.0
2220000	200.0
2230000	108.0
2240000	149.0
2250000	198.0
2260000	199.0
2270000	194.0
2280000	200.0
2290000	203.0
2300000	110.0
2310000	201.0
2320000	196.0
2330000	152.0
2340000	199.0
2350000	141.0
2360000	199.0
2370000	198.0
2380000	198.0
2390000	141.0
2400000	202.0
2410000	198.0
2420000	150.0
2430000	197.0
2440000	179.0
2450000	201.0
2460000	200.0
2470000	154.0
2480000	201.0
2490000	200.0
2500000	127.0
2510000	197.0
2520000	123.0
2530000	199.0
2540000	201.0
2550000	199.0
2560000	198.0
2570000	195.0
2580000	158.0
2590000	197.0
2600000	185.0
2610000	97.0
2620000	202.0
2630000	102.0
2640000	199.0
2650000	201.0
2660000	202.0
2670000	202.0
2680000	200.0
2690000	203.0
2700000	201.0
2710000	128.0
2720000	200.0
2730000	126.0
2740000	123.0
2750000	199.0
2760000	159.0
2770000	200.0
2780000	197.0
2790000	199.0
2800000	198.0
2810000	202.0
2820000	196.0
2830000	80.0
2840000	171.0
2850000	169.0
2860000	198.0
2870000	181.0
2880000	202.0
2890000	199.0
2900000	201.0
2910000	201.0
2920000	200.0
2930000	185.0
2940000	110.0
2950000	101.0
2960000	196.0
2970000	198.0
2980000	199.0
2990000	195.0
3000000	198.0
