10000	1.0
20000	0.0
30000	5.0
40000	2.0
50000	2.0
60000	1.0
70000	3.0
80000	2.0
90000	1.0
100000	4.0
110000	1.0
120000	3.0
130000	1.0
140000	3.0
150000	2.0
160000	2.0
170000	3.0
180000	3.0
190000	2.0
200000	1.0
210000	2.0
220000	1.0
230000	3.0
240000	2.0
250000	2.0
260000	1.0
270000	73.0
280000	174.0
290000	194.0
300000	196.0
310000	194.0
320000	198.0
330000	200.0
340000	199.0
350000	199.0
360000	197.0
370000	198.0
380000	199.0
390000	204.0
400000	197.0
410000	201.0
420000	202.0
430000	198.0
440000	197.0
450000	200.0
460000	199.0
470000	199.0
480000	199.0
490000	200.0
500000	200.0
510000	198.0
520000	202.0
530000	200.0
540000	200.0
550000	199.0
560000	197.0
570000	200.0
580000	199.0
590000	195.0
600000	200.0
610000	200.0
620000	202.0
630000	201.0
640000	202.0
650000	199.0
660000	199.0
670000	199.0
680000	198.0
690000	204.0
700000	203.0
710000	201.0
720000	200.0
730000	199.0
740000	200.0
750000	199.0
760000	200.0
770000	199.0
780000	200.0
790000	198.0
800000	199.0
810000	198.0
820000	196.0
830000	199.0
840000	202.0
850000	199.0
860000	202.0
870000	200.0
880000	203.0
890000	201.0
900000	202.0
910000	198.0
920000	202.0
930000	197.0
940000	199.0
950000	200.0
960000	201.0
970000	197.0
980000	201.0
990000	203.0
1000000	199.0
1010000	200.0
1020000	200.0
1030000	200.0
1040000	202.0
1050000	198.0
1060000	199.0
1070000	200.0
1080000	198.0
1090000	202.0
1100000	199.0
1110000	201.0
1120000	200.0
1130000	199.0
1140000	201.0
1150000	199.0
1160000	200.0
1170000	202.0
1180000	197.0
1190000	198.0
1200000	198.0
1210000	203.0
1220000	202.0
1230000	201.0
1240000	200.0
1250000	200.0
1260000	199.0
1270000	203.0
1280000	200.0
1290000	203.0
1300000	202.0
1310000	201.0
1320000	198.0
1330000	201.0
1340000	200.0
1350000	199.0
1360000	199.0
1370000	198.0
1380000	199.0
1390000	199.0
1400000	200.0
1410000	198.0
1420000	199.0
1430000	198.0
1440000	198.0
1450000	199.0
1460000	200.0
1470000	198.0
1480000	201.0
1490000	201.0
1500000	202.0
1510000	201.0
1520000	202.0
1530000	202.0
1540000	197.0
1550000	203.0
1560000	201.0
1570000	197.0
1580000	199.0
1590000	199.0
1600000	202.0
1610000	201.0
1620000	202.0
1630000	202.0
1640000	199.0
1650000	198.0
1660000	201.0
1670000	199.0
1680000	197.0
1690000	204.0
1700000	201.0
1710000	199.0
1720000	197.0
1730000	199.0
1740000	203.0
1750000	197.0
1760000	200.0
1770000	199.0
1780000	202.0
1790000	198.0
1800000	199.0
1810000	201.0
1820000	199.0
1830000	200.0
1840000	203.0
1850000	199.0
1860000	201.0
1870000	200.0
1880000	199.0
1890000	201.0
1900000	198.0
1910000	203.0
1920000	201.0
1930000	203.0
1940000	203.0
1950000	200.0
1960000	201.0
1970000	201.0
1980000	198.0
1990000	196.0
2000000	200.0
2010000	203.0
2020000	202.0
2030000	202.0
2040000	200.0
2050000	201.0
2060000	203.0
2070000	201.0
2080000	199.0
2090000	204.0
2100000	199.0
2110000	200.0
2120000	203.0
2130000	200.0
2140000	203.0
2150000	200.0
2160000	196.0
2170000	200.0
2180000	200.0
2190000	199.0
2200000	201.0
2210000	200.0
2220000	200.0
2230000	202.0
2240000	202.0
2250000	201.0
2260000	201.0
2270000	200.0
2280000	199.0
2290000	201.0
2300000	201.0
2310000	202.0
2320000	200.0
2330000	197.0
2340000	200.0
2350000	200.0
2360000	204.0
2370000	203.0
2380000	199.0
2390000	201.0
2400000	201.0
2410000	200.0
2420000	200.0
2430000	197.0
2440000	202.0
2450000	201.0
2460000	199.0
2470000	201.0
2480000	198.0
2490000	204.0
2500000	201.0
2510000	200.0
2520000	201.0
2530000	199.0
2540000	197.0
2550000	198.0
2560000	201.0
2570000	200.0
2580000	203.0
2590000	197.0
2600000	197.0
2610000	200.0
2620000	200.0
2630000	202.0
2640000	201.0
2650000	199.0
2660000	201.0
2670000	201.0
2680000	198.0
2690000	195.0
2700000	202.0
2710000	202.0
2720000	200.0
2730000	197.0
2740000	200.0
2750000	201.0
2760000	199.0
2770000	201.0
2780000	201.0
2790000	201.0
2800000	202.0
2810000	201.0
2820000	201.0
2830000	200.0
2840000	201.0
2850000	204.0
2860000	197.0
2870000	199.0
2880000	200.0
2890000	199.0
2900000	198.0
2910000	199.0
2920000	200.0
2930000	200.0
2940000	200.0
2950000	203.0
2960000	195.0
2970000	199.0
2980000	201.0
2990000	201.0
3000000	199.0
