10000	2.0
20000	5.0
30000	2.0
40000	2.0
50000	4.0
60000	1.0
70000	3.0
80000	1.0
90000	3.0
100000	2.0
110000	3.0
120000	4.0
130000	3.0
140000	1.0
150000	3.0
160000	3.0
170000	3.0
180000	2.0
190000	3.0
200000	4.0
210000	4.0
220000	4.0
230000	2.0
240000	4.0
250000	2.0
260000	1.0
270000	3.0
280000	23.0
290000	103.0
300000	131.0
310000	131.0
320000	129.0
330000	135.0
340000	134.0
350000	134.0
360000	135.0
370000	135.0
380000	132.0
390000	139.0
400000	129.0
410000	132.0
420000	138.0
430000	128.0
440000	139.0
450000	137.0
460000	136.0
470000	143.0
480000	137.0
490000	139.0
500000	134.0
510000	134.0
520000	138.0
530000	136.0
540000	139.0
550000	142.0
560000	138.0
570000	137.0
580000	139.0
590000	140.0
600000	139.0
610000	140.0
620000	138.0
630000	137.0
640000	138.0
650000	139.0
660000	140.0
670000	141.0
680000	140.0
690000	141.0
700000	140.0
710000	138.0
720000	139.0
730000	143.0
740000	139.0
750000	140.0
760000	139.0
770000	137.0
780000	140.0
790000	138.0
800000	143.0
810000	137.0
820000	138.0
830000	137.0
840000	143.0
850000	142.0
860000	140.0
870000	140.0
880000	145.0
890000	138.0
900000	140.0
910000	138.0
920000	144.0
930000	139.0
940000	136.0
950000	138.0
960000	136.0
970000	140.0
980000	137.0
990000	140.0
1000000	141.0
1010000	142.0
1020000	137.0
1030000	142.0
1040000	141.0
1050000	136.0
1060000	142.0
1070000	141.0
1080000	140.0
1090000	142.0
1100000	137.0
1110000	147.0
1120000	143.0
1130000	138.0
1140000	136.0
1150000	137.0
1160000	141.0
1170000	143.0
1180000	141.0
1190000	136.0
1200000	141.0
1210000	138.0
1220000	145.0
1230000	143.0
1240000	137.0
1250000	138.0
1260000	140.0
1270000	138.0
1280000	139.0
1290000	137.0
1300000	142.0
1310000	138.0
1320000	137.0
1330000	148.0
1340000	138.0
1350000	136.0
1360000	140.0
1370000	141.0
1380000	135.0
1390000	142.0
1400000	140.0
1410000	136.0
1420000	138.0
1430000	140.0
1440000	143.0
1450000	139.0
1460000	136.0
1470000	137.0
1480000	146.0
1490000	144.0
1500000	136.0
1510000	137.0
1520000	138.0
1530000	136.0
1540000	138.0
1550000	136.0
1560000	140.0
1570000	138.0
1580000	137.0
1590000	142.0
1600000	136.0
1610000	136.0
1620000	141.0
1630000	136.0
1640000	141.0
1650000	143.0
1660000	142.0
1670000	140.0
1680000	144.0
1690000	149.0
1700000	137.0
1710000	143.0
1720000	141.0
1730000	138.0
1740000	137.0
1750000	138.0
1760000	135.0
1770000	138.0
1780000	139.0
1790000	145.0
1800000	137.0
1810000	151.0
1820000	139.0
1830000	139.0
1840000	135.0
1850000	140.0
1860000	138.0
1870000	144.0
1880000	140.0
1890000	137.0
1900000	140.0
1910000	142.0
1920000	138.0
1930000	143.0
1940000	139.0
1950000	136.0
1960000	139.0
1970000	138.0
1980000	138.0
1990000	138.0
2000000	136.0
2010000	137.0
2020000	137.0
2030000	141.0
2040000	134.0
2050000	139.0
2060000	139.0
2070000	142.0
2080000	141.0
2090000	149.0
2100000	139.0
2110000	138.0
2120000	138.0
2130000	134.0
2140000	137.0
2150000	142.0
2160000	143.0
2170000	146.0
2180000	141.0
2190000	143.0
2200000	141.0
2210000	140.0
2220000	138.0
2230000	135.0
2240000	139.0
2250000	137.0
2260000	137.0
2270000	141.0
2280000	136.0
2290000	144.0
2300000	146.0
2310000	137.0
2320000	148.0
2330000	137.0
2340000	134.0
2350000	138.0
2360000	141.0
2370000	140.0
2380000	137.0
2390000	136.0
2400000	137.0
2410000	145.0
2420000	142.0
2430000	139.0
2440000	138.0
2450000	136.0
2460000	142.0
2470000	138.0
2480000	144.0
2490000	140.0
2500000	142.0
2510000	142.0
2520000	136.0
2530000	140.0
2540000	143.0
2550000	136.0
2560000	141.0
2570000	141.0
2580000	138.0
2590000	137.0
2600000	137.0
2610000	136.0
2620000	139.0
2630000	141.0
2640000	142.0
2650000	142.0
2660000	135.0
2670000	141.0
2680000	140.0
2690000	137.0
2700000	137.0
2710000	142.0
2720000	136.0
2730000	136.0
2740000	137.0
2750000	141.0
2760000	144.0
2770000	143.0
2780000	139.0
2790000	137.0
2800000	143.0
2810000	138.0
2820000	142.0
2830000	136.0
2840000	137.0
2850000	136.0
2860000	137.0
2870000	149.0
2880000	143.0
2890000	138.0
2900000	138.0
2910000	138.0
2920000	138.0
2930000	138.0
2940000	135.0
2950000	135.0
2960000	137.0
2970000	136.0
2980000	156.0
2990000	141.0
3000000	140.0
