10000	3.0
20000	3.0
30000	2.0
40000	1.0
50000	2.0
60000	2.0
70000	3.0
80000	5.0
90000	2.0
100000	2.0
110000	3.0
120000	3.0
130000	0.0
140000	2.0
150000	2.0
160000	3.0
170000	3.0
180000	3.0
190000	4.0
200000	2.0
210000	2.0
220000	4.0
230000	4.0
240000	1.0
250000	0.0
260000	2.0
270000	1.0
280000	2.0
290000	4.0
300000	2.0
310000	1.0
320000	3.0
330000	1.0
340000	4.0
350000	3.0
360000	2.0
370000	1.0
380000	1.0
390000	3.0
400000	4.0
410000	4.0
420000	3.0
430000	2.0
440000	1.0
450000	3.0
460000	8.0
470000	33.0
480000	163.0
490000	133.0
500000	191.0
510000	196.0
520000	192.0
530000	140.0
540000	194.0
550000	196.0
560000	196.0
570000	177.0
580000	115.0
590000	123.0
600000	198.0
610000	201.0
620000	197.0
630000	174.0
640000	198.0
650000	196.0
660000	198.0
670000	200.0
680000	169.0
690000	139.0
700000	99.0
710000	199.0
720000	197.0
730000	199.0
740000	198.0
750000	201.0
760000	199.0
770000	164.0
780000	185.0
790000	200.0
800000	54.0
810000	188.0
820000	199.0
830000	198.0
840000	198.0
850000	200.0
860000	199.0
870000	122.0
880000	198.0
890000	201.0
900000	140.0
910000	113.0
920000	198.0
930000	199.0
940000	198.0
950000	198.0
960000	198.0
970000	196.0
980000	139.0
990000	199.0
1000000	198.0
1010000	41.0
1020000	195.0
1030000	170.0
1040000	199.0
1050000	199.0
1060000	200.0
1070000	196.0
1080000	200.0
1090000	142.0
1100000	201.0
1110000	202.0
1120000	104.0
1130000	136.0
1140000	198.0
1150000	200.0
1160000	201.0
1170000	197.0
1180000	202.0
1190000	181.0
1200000	198.0
1210000	189.0
1220000	129.0
1230000	101.0
1240000	201.0
1250000	198.0
1260000	200.0
1270000	201.0
1280000	198.0
1290000	197.0
1300000	178.0
1310000	202.0
1320000	188.0
1330000	61.0
1340000	196.0
1350000	197.0
1360000	197.0
1370000	164.0
1380000	202.0
1390000	198.0
1400000	201.0
1410000	201.0
1420000	199.0
1430000	163.0
1440000	100.0
1450000	138.0
1460000	196.0
1470000	203.0
1480000	197.0
1490000	198.0
1500000	201.0
1510000	199.0
1520000	200.0
1530000	197.0
1540000	108.0
1550000	121.0
1560000	160.0
1570000	196.0
1580000	201.0
1590000	198.0
1600000	198.0
1610000	198.0
1620000	195.0
1630000	199.0
1640000	175.0
1650000	42.0
1660000	199.0
1670000	156.0
1680000	199.0
1690000	198.0
1700000	198.0
1710000	196.0
1720000	200.0
1730000	201.0
1740000	197.0
1750000	159.0
1760000	10.0
1770000	200.0
1780000	198.0
1790000	202.0
1800000	196.0
1810000	201.0
1820000	196.0
1830000	197.0
1840000	197.0
1850000	199.0
1860000	119.0
1870000	99.0
1880000	156.0
1890000	201.0
1900000	200.0
1910000	202.0
1920000	201.0
1930000	200.0
1940000	197.0
1950000	201.0
1960000	181.0
1970000	57.0
1980000	166.0
1990000	200.0
2000000	199.0
2010000	199.0
2020000	196.0
2030000	199.0
2040000	201.0
2050000	199.0
2060000	203.0
2070000	118.0
2080000	119.0
2090000	147.0
2100000	200.0
2110000	198.0
2120000	200.0
2130000	200.0
2140000	201.0
2150000	200.0
2160000	197.0
2170000	201.0
2180000	52.0
2190000	137.0
2200000	198.0
2210000	201.0
2220000	199.0
2230000	198.0
2240000	200.0
2250000	198.0
2260000	198.0
2270000	199.0
2280000	170.0
2290000	98.0
2300000	111.0
2310000	200.0
2320000	199.0
2330000	200.0
2340000	199.0
2350000	198.0
2360000	181.0
2370000	200.0
2380000	199.0
2390000	164.0
2400000	65.0
2410000	152.0
2420000	199.0
2430000	201.0
2440000	198.0
2450000	200.0
2460000	199.0
2470000	200.0
2480000	193.0
2490000	198.0
2500000	169.0
2510000	84.0
2520000	133.0
2530000	200.0
2540000	199.0
2550000	196.0
2560000	202.0
2570000	199.0
2580000	195.0
2590000	200.0
2600000	173.0
2610000	187.0
2620000	114.0
2630000	126.0
2640000	194.0
2650000	201.0
2660000	200.0
2670000	200.0
2680000	196.0
2690000	199.0
2700000	166.0
2710000	202.0
2720000	128.0
2730000	90.0
2740000	197.0
2750000	197.0
2760000	201.0
2770000	201.0
2780000	201.0
2790000	203.0
2800000	197.0
2810000	199.0
2820000	203.0
2830000	49.0
2840000	161.0
2850000	200.0
2860000	195.0
2870000	199.0
2880000	199.0
2890000	198.0
2900000	200.0
2910000	199.0
2920000	201.0
2930000	137.0
2940000	10.0
2950000	178.0
2960000	202.0
2970000	197.0
2980000	202.0
2990000	201.0
3000000	201.0
