10000	4.0
20000	1.0
30000	2.0
40000	0.0
50000	3.0
60000	0.0
70000	2.0
80000	3.0
90000	3.0
100000	2.0
110000	2.0
120000	1.0
130000	3.0
140000	2.0
150000	2.0
160000	1.0
170000	3.0
180000	4.0
190000	1.0
200000	2.0
210000	2.0
220000	1.0
230000	3.0
240000	1.0
250000	2.0
260000	2.0
270000	3.0
280000	2.0
290000	2.0
300000	1.0
310000	2.0
320000	1.0
330000	1.0
340000	4.0
350000	2.0
360000	2.0
370000	1.0
380000	2.0
390000	2.0
400000	44.0
410000	162.0
420000	196.0
430000	196.0
440000	193.0
450000	196.0
460000	197.0
470000	199.0
480000	195.0
490000	199.0
500000	198.0
510000	199.0
520000	196.0
530000	197.0
540000	199.0
550000	200.0
560000	198.0
570000	198.0
580000	198.0
590000	201.0
600000	194.0
610000	198.0
620000	200.0
630000	197.0
640000	199.0
650000	200.0
660000	198.0
670000	198.0
680000	198.0
690000	200.0
700000	197.0
710000	199.0
720000	198.0
730000	198.0
740000	198.0
750000	197.0
760000	198.0
770000	198.0
780000	200.0
790000	199.0
800000	199.0
810000	197.0
820000	201.0
830000	199.0
840000	198.0
850000	199.0
860000	202.0
870000	197.0
880000	201.0
890000	198.0
900000	199.0
910000	202.0
920000	199.0
930000	195.0
940000	196.0
950000	196.0
960000	200.0
970000	197.0
980000	198.0
990000	200.0
1000000	196.0
1010000	195.0
1020000	197.0
1030000	200.0
1040000	201.0
1050000	198.0
1060000	197.0
1070000	197.0
1080000	201.0
1090000	200.0
1100000	200.0
1110000	198.0
1120000	196.0
1130000	203.0
1140000	200.0
1150000	198.0
1160000	201.0
1170000	196.0
1180000	199.0
1190000	198.0
1200000	202.0
1210000	201.0
1220000	199.0
1230000	200.0
1240000	199.0
1250000	197.0
1260000	203.0
1270000	198.0
1280000	202.0
1290000	197.0
1300000	198.0
1310000	200.0
1320000	202.0
1330000	200.0
1340000	204.0
1350000	204.0
1360000	199.0
1370000	199.0
1380000	196.0
1390000	195.0
1400000	200.0
1410000	204.0
1420000	200.0
1430000	199.0
1440000	198.0
1450000	200.0
1460000	199.0
1470000	201.0
1480000	198.0
1490000	199.0
1500000	197.0
1510000	199.0
1520000	201.0
1530000	198.0
1540000	200.0
1550000	198.0
1560000	200.0
1570000	200.0
1580000	198.0
1590000	199.0
1600000	198.0
1610000	199.0
1620000	199.0
1630000	200.0
1640000	196.0
1650000	200.0
1660000	198.0
1670000	200.0
1680000	202.0
1690000	200.0
1700000	202.0
1710000	201.0
1720000	197.0
1730000	201.0
1740000	202.0
1750000	200.0
1760000	202.0
1770000	201.0
1780000	197.0
1790000	199.0
1800000	203.0
1810000	201.0
1820000	198.0
1830000	198.0
1840000	200.0
1850000	201.0
1860000	200.0
1870000	199.0
1880000	202.0
1890000	196.0
1900000	202.0
1910000	202.0
1920000	199.0
1930000	201.0
1940000	202.0
1950000	198.0
1960000	199.0
1970000	199.0
1980000	195.0
1990000	200.0
2000000	198.0
2010000	201.0
2020000	201.0
2030000	198.0
2040000	201.0
2050000	198.0
2060000	199.0
2070000	199.0
2080000	197.0
2090000	199.0
2100000	198.0
2110000	199.0
2120000	202.0
2130000	201.0
2140000	198.0
2150000	196.0
2160000	199.0
2170000	199.0
2180000	199.0
2190000	200.0
2200000	199.0
2210000	201.0
2220000	201.0
2230000	201.0
2240000	201.0
2250000	201.0
2260000	198.0
2270000	200.0
2280000	199.0
2290000	201.0
2300000	199.0
2310000	201.0
2320000	203.0
2330000	201.0
2340000	199.0
2350000	198.0
2360000	200.0
2370000	199.0
2380000	198.0
2390000	196.0
2400000	198.0
2410000	202.0
2420000	197.0
2430000	200.0
2440000	205.0
2450000	198.0
2460000	200.0
2470000	200.0
2480000	197.0
2490000	197.0
2500000	202.0
2510000	199.0
2520000	199.0
2530000	199.0
2540000	201.0
2550000	199.0
2560000	200.0
2570000	200.0
2580000	198.0
2590000	199.0
2600000	201.0
2610000	203.0
2620000	199.0
2630000	200.0
2640000	200.0
2650000	199.0
2660000	204.0
2670000	201.0
2680000	198.0
2690000	202.0
2700000	197.0
2710000	198.0
2720000	203.0
2730000	199.0
2740000	200.0
2750000	199.0
2760000	201.0
2770000	199.0
2780000	200.0
2790000	199.0
2800000	202.0
2810000	199.0
2820000	201.0
2830000	202.0
2840000	197.0
2850000	202.0
2860000	201.0
2870000	202.0
2880000	197.0
2890000	199.0
2900000	197.0
2910000	198.0
2920000	201.0
2930000	198.0
2940000	197.0
2950000	196.0
2960000	197.0
2970000	199.0
2980000	200.0
2990000	200.0
3000000	199.0
