10000	1.0
20000	2.0
30000	2.0
40000	3.0
50000	2.0
60000	3.0
70000	2.0
80000	3.0
90000	2.0
100000	3.0
110000	4.0
120000	3.0
130000	1.0
140000	3.0
150000	3.0
160000	2.0
170000	2.0
180000	1.0
190000	4.0
200000	3.0
210000	3.0
220000	2.0
230000	0.0
240000	1.0
250000	2.0
260000	0.0
270000	1.0
280000	1.0
290000	2.0
300000	4.0
310000	3.0
320000	1.0
330000	4.0
340000	2.0
350000	2.0
360000	2.0
370000	2.0
380000	36.0
390000	49.0
400000	177.0
410000	184.0
420000	188.0
430000	132.0
440000	192.0
450000	170.0
460000	192.0
470000	143.0
480000	194.0
490000	194.0
500000	130.0
510000	162.0
520000	195.0
530000	195.0
540000	144.0
550000	196.0
560000	158.0
570000	170.0
580000	173.0
590000	192.0
600000	147.0
610000	195.0
620000	198.0
630000	139.0
640000	130.0
650000	196.0
660000	195.0
670000	195.0
680000	125.0
690000	193.0
700000	197.0
710000	137.0
720000	137.0
730000	196.0
740000	151.0
750000	192.0
760000	194.0
770000	195.0
780000	195.0
790000	137.0
800000	172.0
810000	190.0
820000	168.0
830000	117.0
840000	175.0
850000	171.0
860000	198.0
870000	196.0
880000	194.0
890000	117.0
900000	197.0
910000	195.0
920000	194.0
930000	143.0
940000	149.0
950000	111.0
960000	194.0
970000	195.0
980000	193.0
990000	195.0
1000000	107.0
1010000	195.0
1020000	196.0
1030000	195.0
1040000	194.0
1050000	121.0
1060000	135.0
1070000	198.0
1080000	193.0
1090000	175.0
1100000	196.0
1110000	131.0
1120000	198.0
1130000	196.0
1140000	197.0
1150000	159.0
1160000	166.0
1170000	111.0
1180000	197.0
1190000	195.0
1200000	196.0
1210000	129.0
1220000	196.0
1230000	194.0
1240000	198.0
1250000	195.0
1260000	183.0
1270000	67.0
1280000	151.0
1290000	195.0
1300000	196.0
1310000	193.0
1320000	195.0
1330000	133.0
1340000	197.0
1350000	196.0
1360000	197.0
1370000	187.0
1380000	123.0
1390000	115.0
1400000	186.0
1410000	194.0
1420000	195.0
1430000	109.0
1440000	193.0
1450000	154.0
1460000	196.0
1470000	197.0
1480000	196.0
1490000	181.0
1500000	100.0
1510000	195.0
1520000	196.0
1530000	175.0
1540000	130.0
1550000	196.0
1560000	106.0
1570000	196.0
1580000	195.0
1590000	197.0
1600000	196.0
1610000	160.0
1620000	184.0
1630000	193.0
1640000	195.0
1650000	185.0
1660000	60.0
1670000	195.0
1680000	196.0
1690000	180.0
1700000	197.0
1710000	121.0
1720000	195.0
1730000	197.0
1740000	194.0
1750000	195.0
1760000	131.0
1770000	161.0
1780000	179.0
1790000	139.0
1800000	194.0
1810000	196.0
1820000	143.0
1830000	196.0
1840000	195.0
1850000	193.0
1860000	197.0
1870000	116.0
1880000	164.0
1890000	186.0
1900000	120.0
1910000	196.0
1920000	151.0
1930000	194.0
1940000	196.0
1950000	197.0
1960000	196.0
1970000	196.0
1980000	194.0
1990000	163.0
2000000	86.0
2010000	104.0
2020000	195.0
2030000	191.0
2040000	196.0
2050000	198.0
2060000	194.0
2070000	192.0
2080000	196.0
2090000	197.0
2100000	198.0
2110000	22.0
2120000	96.0
2130000	195.0
2140000	195.0
2150000	195.0
2160000	194.0
2170000	193.0
2180000	196.0
2190000	196.0
2200000	197.0
2210000	197.0
2220000	6.0
2230000	189.0
2240000	194.0
2250000	193.0
2260000	163.0
2270000	193.0
2280000	195.0
2290000	197.0
2300000	197.0
2310000	196.0
2320000	142.0
2330000	8.0
2340000	195.0
2350000	196.0
2360000	197.0
2370000	194.0
2380000	199.0
2390000	194.0
2400000	195.0
2410000	196.0
2420000	194.0
2430000	112.0
2440000	1.0
2450000	194.0
2460000	195.0
2470000	194.0
2480000	197.0
2490000	195.0
2500000	195.0
2510000	194.0
2520000	194.0
2530000	196.0
2540000	48.0
2550000	113.0
2560000	195.0
2570000	195.0
2580000	195.0
2590000	196.0
2600000	196.0
2610000	198.0
2620000	193.0
2630000	195.0
2640000	192.0
2650000	10.0
2660000	177.0
2670000	197.0
2680000	195.0
2690000	196.0
2700000	115.0
2710000	194.0
2720000	196.0
2730000	198.0
2740000	194.0
2750000	139.0
2760000	118.0
2770000	198.0
2780000	193.0
2790000	195.0
2800000	196.0
2810000	166.0
2820000	168.0
2830000	141.0
2840000	194.0
2850000	194.0
2860000	192.0
2870000	168.0
2880000	196.0
2890000	138.0
2900000	196.0
2910000	136.0
2920000	195.0
2930000	178.0
2940000	120.0
2950000	195.0
2960000	193.0
2970000	195.0
2980000	195.0
2990000	195.0
3000000	138.0
