10000	2.0
20000	5.0
30000	2.0
40000	2.0
50000	1.0
60000	3.0
70000	3.0
80000	2.0
90000	3.0
100000	1.0
110000	2.0
120000	3.0
130000	1.0
140000	2.0
150000	3.0
160000	2.0
170000	1.0
180000	1.0
190000	2.0
200000	2.0
210000	2.0
220000	2.0
230000	3.0
240000	2.0
250000	2.0
260000	3.0
270000	1.0
280000	1.0
290000	1.0
300000	2.0
310000	7.0
320000	63.0
330000	157.0
340000	193.0
350000	195.0
360000	199.0
370000	199.0
380000	203.0
390000	201.0
400000	203.0
410000	199.0
420000	198.0
430000	198.0
440000	194.0
450000	198.0
460000	201.0
470000	200.0
480000	197.0
490000	200.0
500000	200.0
510000	201.0
520000	203.0
530000	201.0
540000	200.0
550000	202.0
560000	199.0
570000	202.0
580000	199.0
590000	202.0
600000	201.0
610000	198.0
620000	201.0
630000	200.0
640000	200.0
650000	199.0
660000	201.0
670000	201.0
680000	201.0
690000	201.0
700000	199.0
710000	200.0
720000	201.0
730000	197.0
740000	199.0
750000	199.0
760000	202.0
770000	203.0
780000	199.0
790000	201.0
800000	200.0
810000	201.0
820000	199.0
830000	198.0
840000	201.0
850000	197.0
860000	202.0
870000	201.0
880000	202.0
890000	200.0
900000	201.0
910000	202.0
920000	200.0
930000	200.0
940000	201.0
950000	200.0
960000	199.0
970000	201.0
980000	202.0
990000	199.0
1000000	202.0
1010000	199.0
1020000	202.0
1030000	202.0
1040000	198.0
1050000	201.0
1060000	200.0
1070000	198.0
1080000	201.0
1090000	200.0
1100000	201.0
1110000	199.0
1120000	201.0
1130000	201.0
1140000	202.0
1150000	202.0
1160000	201.0
1170000	200.0
1180000	198.0
1190000	199.0
1200000	201.0
1210000	199.0
1220000	197.0
1230000	201.0
1240000	203.0
1250000	201.0
1260000	199.0
1270000	199.0
1280000	203.0
1290000	200.0
1300000	200.0
1310000	203.0
1320000	199.0
1330000	198.0
1340000	199.0
1350000	201.0
1360000	199.0
1370000	198.0
1380000	200.0
1390000	201.0
1400000	200.0
1410000	204.0
1420000	197.0
1430000	201.0
1440000	205.0
1450000	199.0
1460000	200.0
1470000	202.0
1480000	198.0
1490000	203.0
1500000	201.0
1510000	203.0
1520000	199.0
1530000	202.0
1540000	201.0
1550000	199.0
1560000	203.0
1570000	201.0
1580000	200.0
1590000	201.0
1600000	198.0
1610000	199.0
1620000	201.0
1630000	199.0
1640000	200.0
1650000	201.0
1660000	196.0
1670000	200.0
1680000	201.0
1690000	197.0
1700000	201.0
1710000	199.0
1720000	204.0
1730000	203.0
1740000	197.0
1750000	200.0
1760000	199.0
1770000	202.0
1780000	199.0
1790000	197.0
1800000	201.0
1810000	197.0
1820000	201.0
1830000	202.0
1840000	201.0
1850000	201.0
1860000	198.0
1870000	200.0
1880000	201.0
1890000	202.0
1900000	200.0
1910000	198.0
1920000	199.0
1930000	201.0
1940000	200.0
1950000	200.0
1960000	197.0
1970000	199.0
1980000	199.0
1990000	201.0
2000000	201.0
2010000	201.0
2020000	204.0
2030000	201.0
2040000	198.0
2050000	200.0
2060000	198.0
2070000	200.0
2080000	199.0
2090000	198.0
2100000	197.0
2110000	199.0
2120000	199.0
2130000	200.0
2140000	198.0
2150000	199.0
2160000	197.0
2170000	200.0
2180000	201.0
2190000	203.0
2200000	201.0
2210000	204.0
2220000	198.0
2230000	198.0
2240000	200.0
2250000	203.0
2260000	200.0
2270000	199.0
2280000	199.0
2290000	201.0
2300000	197.0
2310000	199.0
2320000	202.0
2330000	201.0
2340000	201.0
2350000	200.0
2360000	200.0
2370000	198.0
2380000	201.0
2390000	198.0
2400000	201.0
2410000	197.0
2420000	198.0
2430000	202.0
2440000	197.0
2450000	202.0
2460000	199.0
2470000	198.0
2480000	198.0
2490000	200.0
2500000	199.0
2510000	200.0
2520000	198.0
2530000	201.0
2540000	198.0
2550000	202.0
2560000	197.0
2570000	198.0
2580000	200.0
2590000	201.0
2600000	201.0
2610000	201.0
2620000	200.0
2630000	200.0
2640000	199.0
2650000	201.0
2660000	203.0
2670000	200.0
2680000	201.0
2690000	202.0
2700000	203.0
2710000	200.0
2720000	200.0
2730000	202.0
2740000	199.0
2750000	198.0
2760000	201.0
2770000	202.0
2780000	204.0
2790000	204.0
2800000	200.0
2810000	201.0
2820000	202.0
2830000	202.0
2840000	204.0
2850000	200.0
2860000	202.0
2870000	201.0
2880000	199.0
2890000	196.0
2900000	199.0
2910000	200.0
2920000	201.0
2930000	199.0
2940000	199.0
2950000	204.0
2960000	199.0
2970000	201.0
2980000	197.0
2990000	203.0
3000000	200.0
