10000	1.0
20000	1.0
30000	4.0
40000	2.0
50000	2.0
60000	4.0
70000	0.0
80000	2.0
90000	4.0
100000	1.0
110000	1.0
120000	2.0
130000	4.0
140000	5.0
150000	2.0
160000	3.0
170000	2.0
180000	2.0
190000	1.0
200000	3.0
210000	2.0
220000	3.0
230000	3.0
240000	3.0
250000	4.0
260000	3.0
270000	5.0
280000	1.0
290000	3.0
300000	0.0
310000	2.0
320000	79.0
330000	170.0
340000	194.0
350000	193.0
360000	197.0
370000	195.0
380000	200.0
390000	197.0
400000	198.0
410000	195.0
420000	195.0
430000	197.0
440000	198.0
450000	202.0
460000	200.0
470000	198.0
480000	201.0
490000	200.0
500000	201.0
510000	200.0
520000	200.0
530000	203.0
540000	201.0
550000	196.0
560000	200.0
570000	200.0
580000	201.0
590000	200.0
600000	201.0
610000	200.0
620000	203.0
630000	202.0
640000	200.0
650000	200.0
660000	200.0
670000	197.0
680000	196.0
690000	198.0
700000	202.0
710000	201.0
720000	197.0
730000	197.0
740000	200.0
750000	199.0
760000	198.0
770000	202.0
780000	200.0
790000	198.0
800000	198.0
810000	198.0
820000	198.0
830000	201.0
840000	200.0
850000	198.0
860000	196.0
870000	200.0
880000	201.0
890000	199.0
900000	200.0
910000	200.0
920000	202.0
930000	197.0
940000	200.0
950000	202.0
960000	197.0
970000	196.0
980000	199.0
990000	199.0
1000000	200.0
1010000	200.0
1020000	200.0
1030000	200.0
1040000	197.0
1050000	201.0
1060000	198.0
1070000	200.0
1080000	199.0
1090000	201.0
1100000	200.0
1110000	200.0
1120000	201.0
1130000	198.0
1140000	197.0
1150000	202.0
1160000	198.0
1170000	203.0
1180000	200.0
1190000	200.0
1200000	198.0
1210000	198.0
1220000	199.0
1230000	198.0
1240000	198.0
1250000	201.0
1260000	199.0
1270000	199.0
1280000	197.0
1290000	202.0
1300000	198.0
1310000	201.0
1320000	202.0
1330000	200.0
1340000	199.0
1350000	202.0
1360000	200.0
1370000	200.0
1380000	201.0
1390000	202.0
1400000	204.0
1410000	200.0
1420000	200.0
1430000	201.0
1440000	198.0
1450000	201.0
1460000	200.0
1470000	196.0
1480000	199.0
1490000	198.0
1500000	198.0
1510000	200.0
1520000	200.0
1530000	198.0
1540000	201.0
1550000	202.0
1560000	202.0
1570000	199.0
1580000	199.0
1590000	201.0
1600000	199.0
1610000	199.0
1620000	202.0
1630000	201.0
1640000	198.0
1650000	203.0
1660000	199.0
1670000	201.0
1680000	199.0
1690000	201.0
1700000	199.0
1710000	198.0
1720000	202.0
1730000	201.0
1740000	202.0
1750000	198.0
1760000	199.0
1770000	201.0
1780000	199.0
1790000	200.0
1800000	200.0
1810000	199.0
1820000	200.0
1830000	199.0
1840000	200.0
1850000	198.0
1860000	201.0
1870000	198.0
1880000	198.0
1890000	201.0
1900000	201.0
1910000	198.0
1920000	201.0
1930000	197.0
1940000	200.0
1950000	200.0
1960000	202.0
1970000	201.0
1980000	200.0
1990000	201.0
2000000	197.0
2010000	198.0
2020000	199.0
2030000	200.0
2040000	199.0
2050000	202.0
2060000	201.0
2070000	199.0
2080000	197.0
2090000	196.0
2100000	198.0
2110000	202.0
2120000	200.0
2130000	198.0
2140000	199.0
2150000	199.0
2160000	198.0
2170000	199.0
2180000	201.0
2190000	202.0
2200000	197.0
2210000	199.0
2220000	197.0
2230000	199.0
2240000	201.0
2250000	199.0
2260000	199.0
2270000	196.0
2280000	201.0
2290000	196.0
2300000	201.0
2310000	200.0
2320000	200.0
2330000	201.0
2340000	198.0
2350000	198.0
2360000	200.0
2370000	200.0
2380000	197.0
2390000	199.0
2400000	198.0
2410000	198.0
2420000	200.0
2430000	198.0
2440000	198.0
2450000	201.0
2460000	200.0
2470000	200.0
2480000	199.0
2490000	200.0
2500000	200.0
2510000	199.0
2520000	200.0
2530000	202.0
2540000	199.0
2550000	201.0
2560000	200.0
2570000	200.0
2580000	200.0
2590000	201.0
2600000	200.0
2610000	198.0
2620000	201.0
2630000	199.0
2640000	199.0
2650000	203.0
2660000	202.0
2670000	198.0
2680000	199.0
2690000	201.0
2700000	200.0
2710000	199.0
2720000	200.0
2730000	200.0
2740000	202.0
2750000	198.0
2760000	200.0
2770000	198.0
2780000	199.0
2790000	199.0
2800000	199.0
2810000	198.0
2820000	200.0
2830000	199.0
2840000	201.0
2850000	201.0
2860000	201.0
2870000	197.0
2880000	201.0
2890000	202.0
2900000	197.0
2910000	198.0
2920000	201.0
2930000	196.0
2940000	198.0
2950000	199.0
2960000	202.0
2970000	200.0
2980000	199.0
2990000	199.0
3000000	196.0
