10000	3.0
20000	1.0
30000	1.0
40000	1.0
50000	2.0
60000	4.0
70000	4.0
80000	3.0
90000	2.0
100000	1.0
110000	3.0
120000	2.0
130000	1.0
140000	2.0
150000	2.0
160000	2.0
170000	1.0
180000	2.0
190000	1.0
200000	1.0
210000	2.0
220000	1.0
230000	2.0
240000	2.0
250000	2.0
260000	3.0
270000	2.0
280000	4.0
290000	2.0
300000	6.0
310000	4.0
320000	3.0
330000	2.0
340000	3.0
350000	2.0
360000	1.0
370000	2.0
380000	0.0
390000	1.0
400000	3.0
410000	7.0
420000	26.0
430000	153.0
440000	150.0
450000	175.0
460000	191.0
470000	117.0
480000	198.0
490000	197.0
500000	196.0
510000	153.0
520000	196.0
530000	200.0
540000	200.0
550000	134.0
560000	197.0
570000	128.0
580000	196.0
590000	196.0
600000	197.0
610000	200.0
620000	139.0
630000	195.0
640000	199.0
650000	199.0
660000	108.0
670000	200.0
680000	123.0
690000	201.0
700000	196.0
710000	197.0
720000	140.0
730000	199.0
740000	198.0
750000	199.0
760000	115.0
770000	199.0
780000	199.0
790000	126.0
800000	199.0
810000	198.0
820000	200.0
830000	138.0
840000	197.0
850000	199.0
860000	129.0
870000	195.0
880000	196.0
890000	128.0
900000	200.0
910000	199.0
920000	199.0
930000	158.0
940000	124.0
950000	200.0
960000	199.0
970000	156.0
980000	199.0
990000	196.0
1000000	137.0
1010000	193.0
1020000	199.0
1030000	197.0
1040000	200.0
1050000	87.0
1060000	201.0
1070000	198.0
1080000	127.0
1090000	197.0
1100000	196.0
1110000	199.0
1120000	198.0
1130000	196.0
1140000	126.0
1150000	159.0
1160000	181.0
1170000	199.0
1180000	198.0
1190000	108.0
1200000	199.0
1210000	198.0
1220000	199.0
1230000	198.0
1240000	195.0
1250000	127.0
1260000	142.0
1270000	195.0
1280000	198.0
1290000	93.0
1300000	199.0
1310000	199.0
1320000	198.0
1330000	199.0
1340000	199.0
1350000	171.0
1360000	199.0
1370000	109.0
1380000	203.0
1390000	197.0
1400000	100.0
1410000	204.0
1420000	156.0
1430000	201.0
1440000	201.0
1450000	199.0
1460000	200.0
1470000	197.0
1480000	164.0
1490000	197.0
1500000	66.0
1510000	198.0
1520000	198.0
1530000	194.0
1540000	199.0
1550000	201.0
1560000	164.0
1570000	199.0
1580000	197.0
1590000	199.0
1600000	102.0
1610000	137.0
1620000	197.0
1630000	201.0
1640000	198.0
1650000	200.0
1660000	199.0
1670000	155.0
1680000	198.0
1690000	200.0
1700000	195.0
1710000	59.0
1720000	106.0
1730000	198.0
1740000	196.0
1750000	199.0
1760000	199.0
1770000	197.0
1780000	196.0
1790000	197.0
1800000	199.0
1810000	197.0
1820000	18.0
1830000	174.0
1840000	199.0
1850000	197.0
1860000	199.0
1870000	200.0
1880000	200.0
1890000	203.0
1900000	199.0
1910000	201.0
1920000	118.0
1930000	94.0
1940000	198.0
1950000	198.0
1960000	200.0
1970000	200.0
1980000	199.0
1990000	201.0
2000000	199.0
2010000	200.0
2020000	184.0
2030000	91.0
2040000	101.0
2050000	200.0
2060000	201.0
2070000	202.0
2080000	197.0
2090000	200.0
2100000	197.0
2110000	199.0
2120000	197.0
2130000	200.0
2140000	42.0
2150000	199.0
2160000	129.0
2170000	199.0
2180000	201.0
2190000	201.0
2200000	199.0
2210000	200.0
2220000	197.0
2230000	201.0
2240000	155.0
2250000	77.0
2260000	198.0
2270000	199.0
2280000	150.0
2290000	199.0
2300000	164.0
2310000	197.0
2320000	201.0
2330000	197.0
2340000	202.0
2350000	201.0
2360000	18.0
2370000	205.0
2380000	200.0
2390000	199.0
2400000	199.0
2410000	199.0
2420000	200.0
2430000	199.0
2440000	199.0
2450000	200.0
2460000	67.0
2470000	131.0
2480000	198.0
2490000	197.0
2500000	199.0
2510000	200.0
2520000	199.0
2530000	197.0
2540000	198.0
2550000	201.0
2560000	176.0
2570000	52.0
2580000	175.0
2590000	201.0
2600000	201.0
2610000	202.0
2620000	198.0
2630000	201.0
2640000	197.0
2650000	199.0
2660000	199.0
2670000	157.0
2680000	44.0
2690000	202.0
2700000	198.0
2710000	199.0
2720000	198.0
2730000	127.0
2740000	198.0
2750000	197.0
2760000	199.0
2770000	199.0
2780000	165.0
2790000	200.0
2800000	89.0
2810000	199.0
2820000	201.0
2830000	113.0
2840000	197.0
2850000	201.0
2860000	180.0
2870000	201.0
2880000	203.0
2890000	200.0
2900000	197.0
2910000	111.0
2920000	201.0
2930000	201.0
2940000	134.0
2950000	177.0
2960000	169.0
2970000	201.0
2980000	197.0
2990000	198.0
3000000	201.0
