10000	3.0
20000	3.0
30000	3.0
40000	2.0
50000	4.0
60000	4.0
70000	2.0
80000	3.0
90000	5.0
100000	3.0
110000	1.0
120000	1.0
130000	2.0
140000	4.0
150000	3.0
160000	2.0
170000	3.0
180000	0.0
190000	3.0
200000	3.0
210000	4.0
220000	3.0
230000	1.0
240000	2.0
250000	3.0
260000	1.0
270000	12.0
280000	41.0
290000	165.0
300000	194.0
310000	165.0
320000	197.0
330000	198.0
340000	196.0
350000	134.0
360000	199.0
370000	195.0
380000	147.0
390000	193.0
400000	175.0
410000	169.0
420000	200.0
430000	196.0
440000	118.0
450000	197.0
460000	200.0
470000	200.0
480000	146.0
490000	199.0
500000	199.0
510000	163.0
520000	167.0
530000	199.0
540000	161.0
550000	199.0
560000	170.0
570000	200.0
580000	200.0
590000	143.0
600000	200.0
610000	119.0
620000	198.0
630000	201.0
640000	198.0
650000	193.0
660000	120.0
670000	198.0
680000	201.0
690000	183.0
700000	199.0
710000	173.0
720000	141.0
730000	198.0
740000	199.0
750000	199.0
760000	199.0
770000	102.0
780000	201.0
790000	200.0
800000	199.0
810000	201.0
820000	104.0
830000	177.0
840000	198.0
850000	200.0
860000	196.0
870000	170.0
880000	119.0
890000	198.0
900000	197.0
910000	201.0
920000	200.0
930000	111.0
940000	199.0
950000	201.0
960000	196.0
970000	136.0
980000	166.0
990000	201.0
1000000	198.0
1010000	179.0
1020000	198.0
1030000	125.0
1040000	155.0
1050000	189.0
1060000	199.0
1070000	202.0
1080000	200.0
1090000	155.0
1100000	199.0
1110000	197.0
1120000	155.0
1130000	201.0
1140000	113.0
1150000	200.0
1160000	203.0
1170000	172.0
1180000	200.0
1190000	201.0
1200000	147.0
1210000	201.0
1220000	199.0
1230000	200.0
1240000	104.0
1250000	199.0
1260000	198.0
1270000	161.0
1280000	198.0
1290000	200.0
1300000	107.0
1310000	198.0
1320000	199.0
1330000	199.0
1340000	201.0
1350000	151.0
1360000	189.0
1370000	200.0
1380000	185.0
1390000	195.0
1400000	172.0
1410000	117.0
1420000	198.0
1430000	199.0
1440000	199.0
1450000	199.0
1460000	113.0
1470000	199.0
1480000	199.0
1490000	196.0
1500000	163.0
1510000	202.0
1520000	153.0
1530000	162.0
1540000	197.0
1550000	156.0
1560000	141.0
1570000	197.0
1580000	200.0
1590000	203.0
1600000	196.0
1610000	102.0
1620000	202.0
1630000	145.0
1640000	200.0
1650000	200.0
1660000	198.0
1670000	163.0
1680000	200.0
1690000	200.0
1700000	201.0
1710000	85.0
1720000	199.0
1730000	169.0
1740000	197.0
1750000	199.0
1760000	137.0
1770000	195.0
1780000	200.0
1790000	198.0
1800000	168.0
1810000	200.0
1820000	89.0
1830000	202.0
1840000	202.0
1850000	199.0
1860000	200.0
1870000	170.0
1880000	168.0
1890000	198.0
1900000	201.0
1910000	177.0
1920000	141.0
1930000	148.0
1940000	199.0
1950000	199.0
1960000	198.0
1970000	146.0
1980000	200.0
1990000	202.0
2000000	200.0
2010000	199.0
2020000	151.0
2030000	151.0
2040000	109.0
2050000	201.0
2060000	198.0
2070000	199.0
2080000	172.0
2090000	166.0
2100000	201.0
2110000	198.0
2120000	202.0
2130000	201.0
2140000	95.0
2150000	137.0
2160000	200.0
2170000	201.0
2180000	200.0
2190000	200.0
2200000	187.0
2210000	204.0
2220000	181.0
2230000	199.0
2240000	193.0
2250000	50.0
2260000	201.0
2270000	197.0
2280000	102.0
2290000	200.0
2300000	200.0
2310000	198.0
2320000	198.0
2330000	198.0
2340000	196.0
2350000	199.0
2360000	103.0
2370000	201.0
2380000	198.0
2390000	97.0
2400000	202.0
2410000	201.0
2420000	198.0
2430000	196.0
2440000	200.0
2450000	200.0
2460000	144.0
2470000	135.0
2480000	202.0
2490000	106.0
2500000	193.0
2510000	199.0
2520000	198.0
2530000	198.0
2540000	156.0
2550000	201.0
2560000	201.0
2570000	197.0
2580000	124.0
2590000	188.0
2600000	130.0
2610000	200.0
2620000	200.0
2630000	200.0
2640000	155.0
2650000	148.0
2660000	198.0
2670000	199.0
2680000	198.0
2690000	199.0
2700000	149.0
2710000	200.0
2720000	132.0
2730000	199.0
2740000	202.0
2750000	149.0
2760000	183.0
2770000	200.0
2780000	201.0
2790000	198.0
2800000	200.0
2810000	138.0
2820000	126.0
2830000	200.0
2840000	201.0
2850000	201.0
2860000	169.0
2870000	150.0
2880000	198.0
2890000	201.0
2900000	198.0
2910000	198.0
2920000	140.0
2930000	149.0
2940000	199.0
2950000	202.0
2960000	168.0
2970000	200.0
2980000	120.0
2990000	201.0
3000000	201.0
