10000	-6.0
20000	-6.0
30000	-12.0
40000	-11.0
50000	-11.0
60000	-3.0
70000	-14.0
80000	-7.0
90000	-7.0
100000	-14.0
110000	-5.0
120000	-19.0
130000	-13.0
140000	-16.0
150000	-13.0
160000	-17.0
170000	-17.0
180000	-6.0
190000	-8.0
200000	-19.0
210000	-22.0
220000	-6.0
230000	-17.0
240000	-10.0
250000	-18.0
260000	-15.0
270000	-9.0
280000	-6.0
290000	-11.0
300000	-16.0
310000	-5.0
320000	-9.0
330000	-8.0
340000	-5.0
350000	-24.0
360000	-4.0
370000	-14.0
380000	0.0
390000	225.0
400000	469.0
410000	468.0
420000	473.0
430000	480.0
440000	478.0
450000	469.0
460000	476.0
470000	473.0
480000	477.0
490000	466.0
500000	480.0
510000	477.0
520000	471.0
530000	473.0
540000	474.0
550000	474.0
560000	462.0
570000	478.0
580000	483.0
590000	479.0
600000	467.0
610000	464.0
620000	476.0
630000	476.0
640000	483.0
650000	479.0
660000	467.0
670000	478.0
680000	477.0
690000	464.0
700000	476.0
710000	473.0
720000	469.0
730000	475.0
740000	469.0
750000	459.0
760000	470.0
770000	475.0
780000	463.0
790000	471.0
800000	470.0
810000	470.0
820000	473.0
830000	477.0
840000	475.0
850000	478.0
860000	481.0
870000	475.0
880000	470.0
890000	470.0
900000	471.0
910000	470.0
920000	476.0
930000	466.0
940000	471.0
950000	465.0
960000	460.0
970000	477.0
980000	473.0
990000	468.0
1000000	461.0
1010000	470.0
1020000	476.0
1030000	472.0
1040000	470.0
1050000	479.0
1060000	470.0
1070000	479.0
1080000	471.0
1090000	469.0
1100000	478.0
1110000	474.0
1120000	476.0
1130000	474.0
1140000	474.0
1150000	471.0
1160000	472.0
1170000	480.0
1180000	476.0
1190000	475.0
1200000	472.0
1210000	477.0
1220000	475.0
1230000	472.0
1240000	478.0
1250000	480.0
1260000	478.0
1270000	471.0
1280000	474.0
1290000	477.0
1300000	468.0
1310000	470.0
1320000	477.0
1330000	480.0
1340000	475.0
1350000	466.0
1360000	478.0
1370000	465.0
1380000	470.0
1390000	473.0
1400000	472.0
1410000	469.0
1420000	471.0
1430000	478.0
1440000	466.0
1450000	475.0
1460000	475.0
1470000	474.0
1480000	471.0
1490000	462.0
1500000	470.0
1510000	472.0
1520000	475.0
1530000	468.0
1540000	460.0
1550000	466.0
1560000	469.0
1570000	466.0
1580000	469.0
1590000	468.0
1600000	468.0
1610000	477.0
1620000	469.0
1630000	478.0
1640000	475.0
1650000	476.0
1660000	470.0
1670000	475.0
1680000	478.0
1690000	478.0
1700000	480.0
1710000	476.0
1720000	480.0
1730000	465.0
1740000	464.0
1750000	475.0
1760000	466.0
1770000	464.0
1780000	474.0
1790000	467.0
1800000	470.0
1810000	477.0
1820000	469.0
1830000	469.0
1840000	474.0
1850000	475.0
1860000	473.0
1870000	466.0
1880000	469.0
1890000	472.0
1900000	480.0
1910000	470.0
1920000	472.0
1930000	469.0
1940000	462.0
1950000	479.0
1960000	458.0
1970000	472.0
1980000	473.0
1990000	476.0
2000000	470.0
