10000	-12.0
20000	-16.0
30000	-6.0
40000	-8.0
50000	-10.0
60000	-18.0
70000	-16.0
80000	-28.0
90000	-17.0
100000	-11.0
110000	-8.0
120000	-4.0
130000	-5.0
140000	-18.0
150000	-6.0
160000	-10.0
170000	-5.0
180000	-9.0
190000	-15.0
200000	-19.0
210000	-12.0
220000	-13.0
230000	-17.0
240000	-2.0
250000	-15.0
260000	-8.0
270000	431.0
280000	472.0
290000	480.0
300000	479.0
310000	467.0
320000	472.0
330000	467.0
340000	472.0
350000	474.0
360000	467.0
370000	465.0
380000	472.0
390000	474.0
400000	473.0
410000	478.0
420000	466.0
430000	476.0
440000	465.0
450000	474.0
460000	468.0
470000	471.0
480000	478.0
490000	473.0
500000	469.0
510000	466.0
520000	469.0
530000	473.0
540000	471.0
550000	469.0
560000	466.0
570000	473.0
580000	462.0
590000	472.0
600000	465.0
610000	471.0
620000	466.0
630000	482.0
640000	471.0
650000	479.0
660000	476.0
670000	469.0
680000	470.0
690000	479.0
700000	465.0
710000	474.0
720000	470.0
730000	481.0
740000	464.0
750000	465.0
760000	468.0
770000	468.0
780000	471.0
790000	478.0
800000	475.0
810000	467.0
820000	465.0
830000	475.0
840000	459.0
850000	480.0
860000	468.0
870000	466.0
880000	481.0
890000	471.0
900000	473.0
910000	478.0
920000	476.0
930000	467.0
940000	481.0
950000	475.0
960000	477.0
970000	474.0
980000	469.0
990000	471.0
1000000	469.0
1010000	465.0
1020000	464.0
1030000	477.0
1040000	471.0
1050000	463.0
1060000	474.0
1070000	467.0
1080000	475.0
1090000	467.0
1100000	462.0
1110000	463.0
1120000	469.0
1130000	468.0
1140000	476.0
1150000	462.0
1160000	463.0
1170000	473.0
1180000	482.0
1190000	474.0
1200000	471.0
1210000	471.0
1220000	475.0
1230000	472.0
1240000	466.0
1250000	474.0
1260000	475.0
1270000	476.0
1280000	473.0
1290000	471.0
1300000	470.0
1310000	475.0
1320000	476.0
1330000	472.0
1340000	465.0
1350000	460.0
1360000	472.0
1370000	476.0
1380000	469.0
1390000	469.0
1400000	471.0
1410000	462.0
1420000	477.0
1430000	474.0
1440000	461.0
1450000	471.0
1460000	460.0
1470000	481.0
1480000	482.0
1490000	469.0
1500000	470.0
1510000	470.0
1520000	467.0
1530000	483.0
1540000	468.0
1550000	467.0
1560000	459.0
1570000	476.0
1580000	472.0
1590000	473.0
1600000	473.0
1610000	476.0
1620000	477.0
1630000	474.0
1640000	478.0
1650000	483.0
1660000	472.0
1670000	469.0
1680000	465.0
1690000	467.0
1700000	473.0
1710000	470.0
1720000	484.0
1730000	474.0
1740000	480.0
1750000	475.0
1760000	468.0
1770000	464.0
1780000	469.0
1790000	471.0
1800000	473.0
1810000	467.0
1820000	468.0
1830000	470.0
1840000	469.0
1850000	469.0
1860000	480.0
1870000	467.0
1880000	475.0
1890000	470.0
1900000	467.0
1910000	470.0
1920000	470.0
1930000	467.0
1940000	471.0
1950000	470.0
1960000	465.0
1970000	480.0
1980000	474.0
1990000	469.0
2000000	474.0
