10000	-11.0
20000	-14.0
30000	-10.0
40000	-8.0
50000	-7.0
60000	-17.0
70000	-5.0
80000	-10.0
90000	-5.0
100000	-12.0
110000	-8.0
120000	-14.0
130000	-17.0
140000	-12.0
150000	-14.0
160000	-13.0
170000	-2.0
180000	-12.0
190000	-16.0
200000	-9.0
210000	-16.0
220000	-12.0
230000	-13.0
240000	-17.0
250000	-20.0
260000	-18.0
270000	-8.0
280000	-10.0
290000	-7.0
300000	-16.0
310000	-16.0
320000	-1.0
330000	-5.0
340000	-10.0
350000	-10.0
360000	-7.0
370000	174.0
380000	470.0
390000	474.0
400000	479.0
410000	465.0
420000	472.0
430000	480.0
440000	470.0
450000	469.0
460000	474.0
470000	475.0
480000	457.0
490000	477.0
500000	471.0
510000	472.0
520000	469.0
530000	467.0
540000	462.0
550000	471.0
560000	471.0
570000	468.0
580000	468.0
590000	470.0
600000	470.0
610000	471.0
620000	470.0
630000	473.0
640000	473.0
650000	479.0
660000	472.0
670000	476.0
680000	474.0
690000	465.0
700000	480.0
710000	473.0
720000	464.0
730000	461.0
740000	478.0
750000	465.0
760000	461.0
770000	478.0
780000	466.0
790000	465.0
800000	471.0
810000	478.0
820000	473.0
830000	473.0
840000	473.0
850000	474.0
860000	473.0
870000	463.0
880000	477.0
890000	453.0
900000	477.0
910000	468.0
920000	474.0
930000	470.0
940000	477.0
950000	479.0
960000	480.0
970000	467.0
980000	476.0
990000	466.0
1000000	473.0
1010000	465.0
1020000	464.0
1030000	475.0
1040000	469.0
1050000	468.0
1060000	475.0
1070000	476.0
1080000	471.0
1090000	467.0
1100000	460.0
1110000	470.0
1120000	467.0
1130000	483.0
1140000	468.0
1150000	459.0
1160000	477.0
1170000	465.0
1180000	465.0
1190000	475.0
1200000	470.0
1210000	478.0
1220000	474.0
1230000	460.0
1240000	473.0
1250000	473.0
1260000	465.0
1270000	479.0
1280000	470.0
1290000	483.0
1300000	466.0
1310000	478.0
1320000	478.0
1330000	471.0
1340000	473.0
1350000	474.0
1360000	467.0
1370000	468.0
1380000	473.0
1390000	469.0
1400000	473.0
1410000	473.0
1420000	464.0
1430000	466.0
1440000	473.0
1450000	469.0
1460000	477.0
1470000	469.0
1480000	477.0
1490000	466.0
1500000	461.0
1510000	475.0
1520000	469.0
1530000	479.0
1540000	479.0
1550000	469.0
1560000	469.0
1570000	468.0
1580000	471.0
1590000	474.0
1600000	478.0
1610000	473.0
1620000	474.0
1630000	468.0
1640000	469.0
1650000	470.0
1660000	474.0
1670000	465.0
1680000	469.0
1690000	480.0
1700000	470.0
1710000	466.0
1720000	470.0
1730000	474.0
1740000	476.0
1750000	468.0
1760000	465.0
1770000	470.0
1780000	477.0
1790000	470.0
1800000	458.0
1810000	470.0
1820000	469.0
1830000	467.0
1840000	469.0
1850000	473.0
1860000	478.0
1870000	480.0
1880000	466.0
1890000	465.0
1900000	473.0
1910000	474.0
1920000	477.0
1930000	464.0
1940000	477.0
1950000	476.0
1960000	474.0
1970000	462.0
1980000	475.0
1990000	468.0
2000000	477.0
