10000	-8.0
20000	-6.0
30000	-5.0
40000	-9.0
50000	-14.0
60000	-4.0
70000	-8.0
80000	-11.0
90000	-13.0
100000	-7.0
110000	-2.0
120000	-34.0
130000	-6.0
140000	-7.0
150000	-20.0
160000	-12.0
170000	-18.0
180000	-13.0
190000	-13.0
200000	-11.0
210000	-12.0
220000	-8.0
230000	-14.0
240000	-6.0
250000	-13.0
260000	-25.0
270000	-5.0
280000	139.0
290000	473.0
300000	466.0
310000	475.0
320000	477.0
330000	473.0
340000	473.0
350000	473.0
360000	473.0
370000	481.0
380000	474.0
390000	469.0
400000	475.0
410000	472.0
420000	473.0
430000	473.0
440000	471.0
450000	466.0
460000	469.0
470000	468.0
480000	469.0
490000	471.0
500000	472.0
510000	460.0
520000	464.0
530000	475.0
540000	478.0
550000	477.0
560000	475.0
570000	468.0
580000	470.0
590000	475.0
600000	474.0
610000	476.0
620000	469.0
630000	468.0
640000	479.0
650000	459.0
660000	462.0
670000	465.0
680000	473.0
690000	468.0
700000	473.0
710000	471.0
720000	465.0
730000	479.0
740000	467.0
750000	468.0
760000	468.0
770000	470.0
780000	462.0
790000	469.0
800000	467.0
810000	478.0
820000	476.0
830000	481.0
840000	458.0
850000	475.0
860000	467.0
870000	478.0
880000	465.0
890000	467.0
900000	463.0
910000	472.0
920000	463.0
930000	464.0
940000	468.0
950000	475.0
960000	480.0
970000	471.0
980000	464.0
990000	471.0
1000000	467.0
1010000	467.0
1020000	479.0
1030000	475.0
1040000	472.0
1050000	472.0
1060000	469.0
1070000	471.0
1080000	470.0
1090000	470.0
1100000	471.0
1110000	473.0
1120000	459.0
1130000	463.0
1140000	468.0
1150000	475.0
1160000	472.0
1170000	477.0
1180000	475.0
1190000	474.0
1200000	467.0
1210000	479.0
1220000	467.0
1230000	474.0
1240000	473.0
1250000	475.0
1260000	472.0
1270000	474.0
1280000	468.0
1290000	481.0
1300000	480.0
1310000	478.0
1320000	474.0
1330000	477.0
1340000	475.0
1350000	467.0
1360000	474.0
1370000	478.0
1380000	468.0
1390000	473.0
1400000	467.0
1410000	469.0
1420000	475.0
1430000	476.0
1440000	468.0
1450000	479.0
1460000	473.0
1470000	455.0
1480000	469.0
1490000	473.0
1500000	476.0
1510000	480.0
1520000	478.0
1530000	468.0
1540000	472.0
1550000	469.0
1560000	463.0
1570000	469.0
1580000	472.0
1590000	468.0
1600000	475.0
1610000	471.0
1620000	475.0
1630000	459.0
1640000	477.0
1650000	471.0
1660000	468.0
1670000	479.0
1680000	470.0
1690000	467.0
1700000	466.0
1710000	467.0
1720000	474.0
1730000	472.0
1740000	467.0
1750000	471.0
1760000	476.0
1770000	470.0
1780000	473.0
1790000	470.0
1800000	474.0
1810000	472.0
1820000	461.0
1830000	480.0
1840000	464.0
1850000	470.0
1860000	471.0
1870000	468.0
1880000	474.0
1890000	471.0
1900000	473.0
1910000	473.0
1920000	471.0
1930000	464.0
1940000	471.0
1950000	477.0
1960000	476.0
1970000	475.0
1980000	471.0
1990000	471.0
2000000	476.0
