10000	-23.0
20000	-15.0
30000	-7.0
40000	-10.0
50000	-12.0
60000	-11.0
70000	-11.0
80000	-9.0
90000	-2.0
100000	-13.0
110000	-13.0
120000	-6.0
130000	-4.0
140000	-12.0
150000	-16.0
160000	-18.0
170000	-25.0
180000	-9.0
190000	-10.0
200000	-16.0
210000	-7.0
220000	-6.0
230000	-2.0
240000	-2.0
250000	-9.0
260000	0.0
270000	-6.0
280000	-14.0
290000	-16.0
300000	-14.0
310000	-7.0
320000	-13.0
330000	-16.0
340000	-21.0
350000	-13.0
360000	-15.0
370000	-18.0
380000	-2.0
390000	170.0
400000	311.0
410000	310.0
420000	332.0
430000	361.0
440000	329.0
450000	339.0
460000	372.0
470000	341.0
480000	324.0
490000	318.0
500000	347.0
510000	351.0
520000	325.0
530000	335.0
540000	328.0
550000	343.0
560000	343.0
570000	362.0
580000	341.0
590000	357.0
600000	333.0
610000	342.0
620000	348.0
630000	315.0
640000	337.0
650000	322.0
660000	376.0
670000	348.0
680000	345.0
690000	381.0
700000	341.0
710000	307.0
720000	374.0
730000	309.0
740000	332.0
750000	343.0
760000	352.0
770000	335.0
780000	358.0
790000	353.0
800000	359.0
810000	334.0
820000	299.0
830000	346.0
840000	316.0
850000	369.0
860000	353.0
870000	316.0
880000	354.0
890000	335.0
900000	366.0
910000	356.0
920000	342.0
930000	370.0
940000	351.0
950000	341.0
960000	346.0
970000	372.0
980000	328.0
990000	333.0
1000000	353.0
1010000	325.0
1020000	338.0
1030000	345.0
1040000	326.0
1050000	333.0
1060000	353.0
1070000	364.0
1080000	345.0
1090000	364.0
1100000	346.0
1110000	312.0
1120000	360.0
1130000	364.0
1140000	358.0
1150000	320.0
1160000	348.0
1170000	340.0
1180000	367.0
1190000	352.0
1200000	383.0
1210000	336.0
1220000	354.0
1230000	331.0
1240000	353.0
1250000	375.0
1260000	339.0
1270000	333.0
1280000	370.0
1290000	332.0
1300000	325.0
1310000	353.0
1320000	363.0
1330000	312.0
1340000	326.0
1350000	352.0
1360000	346.0
1370000	359.0
1380000	332.0
1390000	341.0
1400000	338.0
1410000	332.0
1420000	333.0
1430000	354.0
1440000	356.0
1450000	345.0
1460000	346.0
1470000	344.0
1480000	359.0
1490000	358.0
1500000	343.0
1510000	348.0
1520000	310.0
1530000	333.0
1540000	355.0
1550000	347.0
1560000	342.0
1570000	360.0
1580000	333.0
1590000	349.0
1600000	345.0
1610000	347.0
1620000	377.0
1630000	375.0
1640000	316.0
1650000	345.0
1660000	332.0
1670000	368.0
1680000	326.0
1690000	380.0
1700000	334.0
1710000	323.0
1720000	358.0
1730000	322.0
1740000	351.0
1750000	361.0
1760000	336.0
1770000	347.0
1780000	360.0
1790000	327.0
1800000	345.0
1810000	376.0
1820000	343.0
1830000	336.0
1840000	343.0
1850000	356.0
1860000	355.0
1870000	374.0
1880000	369.0
1890000	331.0
1900000	337.0
1910000	334.0
1920000	342.0
1930000	347.0
1940000	364.0
1950000	331.0
1960000	341.0
1970000	363.0
1980000	354.0
1990000	373.0
2000000	356.0
