10000	-8.0
20000	-10.0
30000	-10.0
40000	-13.0
50000	-20.0
60000	-8.0
70000	-3.0
80000	-7.0
90000	-3.0
100000	-9.0
110000	-17.0
120000	-10.0
130000	-13.0
140000	-4.0
150000	-10.0
160000	-15.0
170000	-14.0
180000	-17.0
190000	-8.0
200000	-27.0
210000	-12.0
220000	-6.0
230000	-5.0
240000	-16.0
250000	-14.0
260000	-12.0
270000	-16.0
280000	-8.0
290000	-4.0
300000	-21.0
310000	-5.0
320000	72.0
330000	151.0
340000	121.0
350000	133.0
360000	131.0
370000	179.0
380000	207.0
390000	220.0
400000	196.0
410000	190.0
420000	127.0
430000	96.0
440000	109.0
450000	69.0
460000	81.0
470000	43.0
480000	41.0
490000	61.0
500000	70.0
510000	48.0
520000	21.0
530000	40.0
540000	-9.0
550000	62.0
560000	43.0
570000	56.0
580000	17.0
590000	6.0
600000	9.0
610000	12.0
620000	3.0
630000	-8.0
640000	-9.0
650000	-2.0
660000	-16.0
670000	-6.0
680000	-7.0
690000	-5.0
700000	-2.0
710000	-7.0
720000	-10.0
730000	-12.0
740000	-7.0
750000	-9.0
760000	92.0
770000	374.0
780000	478.0
790000	480.0
800000	476.0
810000	478.0
820000	465.0
830000	467.0
840000	471.0
850000	471.0
860000	470.0
870000	486.0
880000	471.0
890000	475.0
900000	463.0
910000	469.0
920000	477.0
930000	477.0
940000	472.0
950000	478.0
960000	466.0
970000	471.0
980000	474.0
990000	471.0
1000000	473.0
1010000	468.0
1020000	475.0
1030000	474.0
1040000	462.0
1050000	467.0
1060000	479.0
1070000	468.0
1080000	471.0
1090000	475.0
1100000	468.0
1110000	479.0
1120000	465.0
1130000	474.0
1140000	461.0
1150000	465.0
1160000	478.0
1170000	474.0
1180000	475.0
1190000	466.0
1200000	471.0
1210000	476.0
1220000	472.0
1230000	468.0
1240000	470.0
1250000	458.0
1260000	483.0
1270000	478.0
1280000	474.0
1290000	466.0
1300000	474.0
1310000	477.0
1320000	471.0
1330000	475.0
1340000	480.0
1350000	469.0
1360000	466.0
1370000	466.0
1380000	468.0
1390000	472.0
1400000	479.0
1410000	469.0
1420000	471.0
1430000	461.0
1440000	474.0
1450000	473.0
1460000	471.0
1470000	469.0
1480000	469.0
1490000	472.0
1500000	466.0
1510000	474.0
1520000	470.0
1530000	464.0
1540000	461.0
1550000	468.0
1560000	467.0
1570000	475.0
1580000	472.0
1590000	474.0
1600000	472.0
1610000	463.0
1620000	475.0
1630000	471.0
1640000	473.0
1650000	468.0
1660000	473.0
1670000	467.0
1680000	464.0
1690000	477.0
1700000	467.0
1710000	474.0
1720000	478.0
1730000	473.0
1740000	478.0
1750000	476.0
1760000	473.0
1770000	474.0
1780000	480.0
1790000	471.0
1800000	475.0
1810000	476.0
1820000	474.0
1830000	474.0
1840000	471.0
1850000	460.0
1860000	473.0
1870000	459.0
1880000	474.0
1890000	468.0
1900000	471.0
1910000	470.0
1920000	464.0
1930000	470.0
1940000	469.0
1950000	469.0
1960000	475.0
1970000	472.0
1980000	474.0
1990000	472.0
2000000	477.0
