10000	-11.0
20000	-5.0
30000	-11.0
40000	0.0
50000	-5.0
60000	-14.0
70000	-24.0
80000	-14.0
90000	-23.0
100000	-3.0
110000	-19.0
120000	-2.0
130000	-7.0
140000	-13.0
150000	-6.0
160000	-9.0
170000	-15.0
180000	-9.0
190000	-11.0
200000	2.0
210000	-11.0
220000	-10.0
230000	-8.0
240000	-13.0
250000	-7.0
260000	-9.0
270000	94.0
280000	62.0
290000	44.0
300000	4.0
310000	12.0
320000	-16.0
330000	-5.0
340000	-12.0
350000	-23.0
360000	-13.0
370000	-20.0
380000	0.0
390000	-7.0
400000	-16.0
410000	1.0
420000	-9.0
430000	183.0
440000	348.0
450000	351.0
460000	357.0
470000	357.0
480000	359.0
490000	351.0
500000	354.0
510000	338.0
520000	354.0
530000	305.0
540000	361.0
550000	385.0
560000	354.0
570000	337.0
580000	322.0
590000	328.0
600000	333.0
610000	348.0
620000	347.0
630000	364.0
640000	331.0
650000	343.0
660000	367.0
670000	330.0
680000	346.0
690000	347.0
700000	339.0
710000	333.0
720000	356.0
730000	358.0
740000	345.0
750000	362.0
760000	362.0
770000	368.0
780000	332.0
790000	341.0
800000	337.0
810000	322.0
820000	336.0
830000	342.0
840000	347.0
850000	373.0
860000	357.0
870000	361.0
880000	344.0
890000	332.0
900000	349.0
910000	346.0
920000	352.0
930000	371.0
940000	340.0
950000	320.0
960000	363.0
970000	338.0
980000	352.0
990000	351.0
1000000	351.0
1010000	328.0
1020000	321.0
1030000	356.0
1040000	326.0
1050000	352.0
1060000	335.0
1070000	369.0
1080000	323.0
1090000	330.0
1100000	342.0
1110000	342.0
1120000	335.0
1130000	358.0
1140000	331.0
1150000	314.0
1160000	362.0
1170000	341.0
1180000	378.0
1190000	353.0
1200000	336.0
1210000	341.0
1220000	328.0
1230000	346.0
1240000	348.0
1250000	328.0
1260000	348.0
1270000	352.0
1280000	323.0
1290000	378.0
1300000	334.0
1310000	318.0
1320000	338.0
1330000	361.0
1340000	346.0
1350000	352.0
1360000	338.0
1370000	340.0
1380000	338.0
1390000	368.0
1400000	327.0
1410000	323.0
1420000	336.0
1430000	361.0
1440000	359.0
1450000	337.0
1460000	336.0
1470000	380.0
1480000	332.0
1490000	339.0
1500000	357.0
1510000	337.0
1520000	287.0
1530000	355.0
1540000	357.0
1550000	357.0
1560000	356.0
1570000	340.0
1580000	367.0
1590000	343.0
1600000	358.0
1610000	372.0
1620000	336.0
1630000	347.0
1640000	341.0
1650000	363.0
1660000	353.0
1670000	366.0
1680000	351.0
1690000	361.0
1700000	371.0
1710000	353.0
1720000	359.0
1730000	388.0
1740000	338.0
1750000	326.0
1760000	328.0
1770000	357.0
1780000	345.0
1790000	333.0
1800000	364.0
1810000	334.0
1820000	353.0
1830000	368.0
1840000	364.0
1850000	370.0
1860000	324.0
1870000	337.0
1880000	353.0
1890000	356.0
1900000	336.0
1910000	345.0
1920000	363.0
1930000	350.0
1940000	335.0
1950000	344.0
1960000	364.0
1970000	342.0
1980000	344.0
1990000	370.0
2000000	323.0
