10000	-18.0
20000	-15.0
30000	-19.0
40000	-4.0
50000	-8.0
60000	-1.0
70000	-7.0
80000	-6.0
90000	-8.0
100000	-15.0
110000	-11.0
120000	-8.0
130000	-13.0
140000	-10.0
150000	-12.0
160000	-10.0
170000	-8.0
180000	-11.0
190000	-4.0
200000	-8.0
210000	-12.0
220000	-8.0
230000	-11.0
240000	-8.0
250000	-10.0
260000	-10.0
270000	-10.0
280000	-5.0
290000	27.0
300000	32.0
310000	7.0
320000	56.0
330000	106.0
340000	47.0
350000	49.0
360000	154.0
370000	285.0
380000	256.0
390000	276.0
400000	245.0
410000	296.0
420000	275.0
430000	246.0
440000	243.0
450000	245.0
460000	251.0
470000	250.0
480000	236.0
490000	299.0
500000	307.0
510000	252.0
520000	268.0
530000	294.0
540000	355.0
550000	322.0
560000	301.0
570000	266.0
580000	265.0
590000	256.0
600000	239.0
610000	233.0
620000	260.0
630000	264.0
640000	285.0
650000	252.0
660000	262.0
670000	263.0
680000	234.0
690000	224.0
700000	262.0
710000	247.0
720000	226.0
730000	222.0
740000	236.0
750000	255.0
760000	264.0
770000	216.0
780000	237.0
790000	264.0
800000	265.0
810000	213.0
820000	260.0
830000	261.0
840000	264.0
850000	233.0
860000	267.0
870000	230.0
880000	256.0
890000	263.0
900000	199.0
910000	215.0
920000	201.0
930000	158.0
940000	154.0
950000	170.0
960000	186.0
970000	178.0
980000	276.0
990000	254.0
1000000	340.0
1010000	379.0
1020000	333.0
1030000	240.0
1040000	232.0
1050000	233.0
1060000	302.0
1070000	261.0
1080000	267.0
1090000	287.0
1100000	247.0
1110000	261.0
1120000	223.0
1130000	249.0
1140000	237.0
1150000	201.0
1160000	230.0
1170000	243.0
1180000	213.0
1190000	216.0
1200000	254.0
1210000	254.0
1220000	236.0
1230000	264.0
1240000	256.0
1250000	260.0
1260000	260.0
1270000	256.0
1280000	284.0
1290000	279.0
1300000	235.0
1310000	218.0
1320000	225.0
1330000	241.0
1340000	290.0
1350000	196.0
1360000	246.0
1370000	225.0
1380000	206.0
1390000	243.0
1400000	229.0
1410000	201.0
1420000	275.0
1430000	294.0
1440000	228.0
1450000	257.0
1460000	296.0
1470000	290.0
1480000	286.0
1490000	266.0
1500000	266.0
1510000	282.0
1520000	298.0
1530000	287.0
1540000	282.0
1550000	265.0
1560000	240.0
1570000	238.0
1580000	250.0
1590000	230.0
1600000	226.0
1610000	260.0
1620000	284.0
1630000	263.0
1640000	267.0
1650000	262.0
1660000	242.0
1670000	243.0
1680000	253.0
1690000	276.0
1700000	255.0
1710000	251.0
1720000	294.0
1730000	221.0
1740000	222.0
1750000	234.0
1760000	251.0
1770000	233.0
1780000	259.0
1790000	213.0
1800000	253.0
1810000	253.0
1820000	271.0
1830000	257.0
1840000	269.0
1850000	274.0
1860000	298.0
1870000	285.0
1880000	229.0
1890000	261.0
1900000	275.0
1910000	236.0
1920000	273.0
1930000	290.0
1940000	258.0
1950000	260.0
1960000	262.0
1970000	270.0
1980000	206.0
1990000	208.0
2000000	251.0
