10000	-16.0
20000	-12.0
30000	-8.0
40000	-15.0
50000	-7.0
60000	-6.0
70000	-2.0
80000	-18.0
90000	-15.0
100000	-11.0
110000	-12.0
120000	-16.0
130000	-6.0
140000	-9.0
150000	-14.0
160000	-10.0
170000	-12.0
180000	-11.0
190000	-17.0
200000	-12.0
210000	-10.0
220000	-12.0
230000	-4.0
240000	-8.0
250000	-14.0
260000	-30.0
270000	-6.0
280000	-9.0
290000	-19.0
300000	-4.0
310000	-9.0
320000	-6.0
330000	-12.0
340000	0.0
350000	135.0
360000	468.0
370000	469.0
380000	476.0
390000	477.0
400000	467.0
410000	472.0
420000	475.0
430000	475.0
440000	475.0
450000	471.0
460000	475.0
470000	468.0
480000	478.0
490000	472.0
500000	465.0
510000	462.0
520000	472.0
530000	476.0
540000	467.0
550000	468.0
560000	469.0
570000	474.0
580000	473.0
590000	467.0
600000	462.0
610000	469.0
620000	484.0
630000	471.0
640000	464.0
650000	480.0
660000	470.0
670000	463.0
680000	472.0
690000	467.0
700000	473.0
710000	477.0
720000	476.0
730000	471.0
740000	477.0
750000	474.0
760000	474.0
770000	470.0
780000	467.0
790000	473.0
800000	474.0
810000	471.0
820000	473.0
830000	477.0
840000	473.0
850000	469.0
860000	463.0
870000	479.0
880000	462.0
890000	469.0
900000	469.0
910000	477.0
920000	475.0
930000	471.0
940000	474.0
950000	465.0
960000	473.0
970000	474.0
980000	471.0
990000	473.0
1000000	471.0
1010000	457.0
1020000	465.0
1030000	479.0
1040000	470.0
1050000	461.0
1060000	474.0
1070000	468.0
1080000	472.0
1090000	464.0
1100000	471.0
1110000	466.0
1120000	474.0
1130000	473.0
1140000	475.0
1150000	477.0
1160000	477.0
1170000	470.0
1180000	475.0
1190000	470.0
1200000	467.0
1210000	476.0
1220000	468.0
1230000	473.0
1240000	462.0
1250000	474.0
1260000	473.0
1270000	472.0
1280000	469.0
1290000	474.0
1300000	473.0
1310000	479.0
1320000	477.0
1330000	475.0
1340000	476.0
1350000	470.0
1360000	473.0
1370000	471.0
1380000	470.0
1390000	473.0
1400000	473.0
1410000	465.0
1420000	468.0
1430000	474.0
1440000	470.0
1450000	476.0
1460000	474.0
1470000	477.0
1480000	474.0
1490000	465.0
1500000	479.0
1510000	479.0
1520000	478.0
1530000	465.0
1540000	473.0
1550000	471.0
1560000	471.0
1570000	466.0
1580000	470.0
1590000	460.0
1600000	474.0
1610000	470.0
1620000	470.0
1630000	479.0
1640000	472.0
1650000	474.0
1660000	470.0
1670000	471.0
1680000	470.0
1690000	477.0
1700000	477.0
1710000	476.0
1720000	476.0
1730000	464.0
1740000	476.0
1750000	475.0
1760000	472.0
1770000	476.0
1780000	475.0
1790000	469.0
1800000	472.0
1810000	472.0
1820000	465.0
1830000	472.0
1840000	470.0
1850000	477.0
1860000	474.0
1870000	476.0
1880000	468.0
1890000	471.0
1900000	471.0
1910000	472.0
1920000	476.0
1930000	470.0
1940000	480.0
1950000	470.0
1960000	461.0
1970000	467.0
1980000	480.0
1990000	475.0
2000000	475.0
