10000	-11.0
20000	-13.0
30000	-12.0
40000	-16.0
50000	-19.0
60000	-11.0
70000	-7.0
80000	-17.0
90000	-9.0
100000	-13.0
110000	-12.0
120000	-14.0
130000	0.0
140000	-11.0
150000	-4.0
160000	-18.0
170000	-6.0
180000	-4.0
190000	-16.0
200000	-7.0
210000	-11.0
220000	-13.0
230000	-4.0
240000	-18.0
250000	-13.0
260000	-6.0
270000	-16.0
280000	-5.0
290000	-10.0
300000	-5.0
310000	-17.0
320000	36.0
330000	91.0
340000	71.0
350000	61.0
360000	104.0
370000	132.0
380000	124.0
390000	52.0
400000	27.0
410000	34.0
420000	315.0
430000	470.0
440000	472.0
450000	478.0
460000	468.0
470000	468.0
480000	461.0
490000	466.0
500000	462.0
510000	468.0
520000	455.0
530000	470.0
540000	464.0
550000	471.0
560000	479.0
570000	467.0
580000	457.0
590000	479.0
600000	462.0
610000	472.0
620000	465.0
630000	472.0
640000	478.0
650000	460.0
660000	475.0
670000	475.0
680000	475.0
690000	474.0
700000	465.0
710000	469.0
720000	471.0
730000	477.0
740000	467.0
750000	480.0
760000	462.0
770000	456.0
780000	477.0
790000	472.0
800000	460.0
810000	476.0
820000	478.0
830000	469.0
840000	467.0
850000	464.0
860000	464.0
870000	468.0
880000	473.0
890000	460.0
900000	472.0
910000	469.0
920000	475.0
930000	481.0
940000	472.0
950000	467.0
960000	473.0
970000	473.0
980000	467.0
990000	475.0
1000000	461.0
1010000	474.0
1020000	468.0
1030000	468.0
1040000	471.0
1050000	465.0
1060000	468.0
1070000	466.0
1080000	477.0
1090000	461.0
1100000	476.0
1110000	482.0
1120000	479.0
1130000	466.0
1140000	465.0
1150000	466.0
1160000	456.0
1170000	473.0
1180000	465.0
1190000	470.0
1200000	467.0
1210000	470.0
1220000	476.0
1230000	476.0
1240000	473.0
1250000	473.0
1260000	471.0
1270000	468.0
1280000	462.0
1290000	471.0
1300000	472.0
1310000	467.0
1320000	463.0
1330000	470.0
1340000	476.0
1350000	473.0
1360000	469.0
1370000	469.0
1380000	467.0
1390000	476.0
1400000	466.0
1410000	471.0
1420000	477.0
1430000	468.0
1440000	468.0
1450000	477.0
1460000	462.0
1470000	459.0
1480000	478.0
1490000	464.0
1500000	475.0
1510000	471.0
1520000	469.0
1530000	480.0
1540000	472.0
1550000	465.0
1560000	467.0
1570000	471.0
1580000	474.0
1590000	471.0
1600000	455.0
1610000	470.0
1620000	478.0
1630000	474.0
1640000	466.0
1650000	461.0
1660000	472.0
1670000	472.0
1680000	462.0
1690000	471.0
1700000	466.0
1710000	472.0
1720000	464.0
1730000	477.0
1740000	480.0
1750000	473.0
1760000	460.0
1770000	474.0
1780000	472.0
1790000	466.0
1800000	468.0
1810000	470.0
1820000	471.0
1830000	476.0
1840000	473.0
1850000	458.0
1860000	472.0
1870000	473.0
1880000	461.0
1890000	467.0
1900000	467.0
1910000	474.0
1920000	462.0
1930000	462.0
1940000	470.0
1950000	466.0
1960000	471.0
1970000	475.0
1980000	458.0
1990000	471.0
2000000	476.0
