10000	-4.0
20000	-3.0
30000	-12.0
40000	-8.0
50000	-14.0
60000	-3.0
70000	-9.0
80000	-5.0
90000	-14.0
100000	-15.0
110000	-27.0
120000	-13.0
130000	-10.0
140000	-11.0
150000	-2.0
160000	-14.0
170000	-14.0
180000	-3.0
190000	-19.0
200000	-7.0
210000	-3.0
220000	-11.0
230000	-10.0
240000	-5.0
250000	-18.0
260000	-7.0
270000	-7.0
280000	-22.0
290000	-12.0
300000	-11.0
310000	-6.0
320000	-17.0
330000	-7.0
340000	-15.0
350000	-10.0
360000	-3.0
370000	269.0
380000	351.0
390000	321.0
400000	329.0
410000	345.0
420000	357.0
430000	376.0
440000	388.0
450000	387.0
460000	418.0
470000	402.0
480000	425.0
490000	462.0
500000	475.0
510000	458.0
520000	462.0
530000	468.0
540000	469.0
550000	473.0
560000	474.0
570000	471.0
580000	471.0
590000	470.0
600000	475.0
610000	470.0
620000	473.0
630000	467.0
640000	475.0
650000	478.0
660000	468.0
670000	424.0
680000	469.0
690000	462.0
700000	472.0
710000	472.0
720000	472.0
730000	466.0
740000	462.0
750000	467.0
760000	476.0
770000	472.0
780000	471.0
790000	480.0
800000	472.0
810000	464.0
820000	478.0
830000	471.0
840000	463.0
850000	460.0
860000	472.0
870000	465.0
880000	471.0
890000	471.0
900000	471.0
910000	456.0
920000	476.0
930000	476.0
940000	477.0
950000	469.0
960000	470.0
970000	467.0
980000	469.0
990000	473.0
1000000	457.0
1010000	471.0
1020000	465.0
1030000	460.0
1040000	474.0
1050000	465.0
1060000	470.0
1070000	467.0
1080000	443.0
1090000	443.0
1100000	471.0
1110000	478.0
1120000	470.0
1130000	463.0
1140000	466.0
1150000	451.0
1160000	470.0
1170000	472.0
1180000	471.0
1190000	473.0
1200000	469.0
1210000	475.0
1220000	469.0
1230000	465.0
1240000	466.0
1250000	475.0
1260000	472.0
1270000	472.0
1280000	458.0
1290000	459.0
1300000	457.0
1310000	460.0
1320000	465.0
1330000	471.0
1340000	460.0
1350000	459.0
1360000	475.0
1370000	472.0
1380000	463.0
1390000	461.0
1400000	470.0
1410000	452.0
1420000	454.0
1430000	465.0
1440000	475.0
1450000	477.0
1460000	466.0
1470000	468.0
1480000	468.0
1490000	454.0
1500000	454.0
1510000	466.0
1520000	468.0
1530000	453.0
1540000	473.0
1550000	466.0
1560000	478.0
1570000	469.0
1580000	466.0
1590000	480.0
1600000	466.0
1610000	475.0
1620000	458.0
1630000	468.0
1640000	459.0
1650000	460.0
1660000	468.0
1670000	468.0
1680000	474.0
1690000	467.0
1700000	470.0
1710000	462.0
1720000	459.0
1730000	456.0
1740000	455.0
1750000	451.0
1760000	470.0
1770000	457.0
1780000	452.0
1790000	469.0
1800000	434.0
1810000	464.0
1820000	452.0
1830000	458.0
1840000	465.0
1850000	461.0
1860000	464.0
1870000	472.0
1880000	475.0
1890000	472.0
1900000	461.0
1910000	458.0
1920000	468.0
1930000	463.0
1940000	472.0
1950000	467.0
1960000	461.0
1970000	467.0
1980000	464.0
1990000	477.0
2000000	461.0
