10000	-20.0
20000	-14.0
30000	-12.0
40000	-14.0
50000	-9.0
60000	-1.0
70000	-14.0
80000	-9.0
90000	-10.0
100000	-4.0
110000	-20.0
120000	-16.0
130000	-3.0
140000	-7.0
150000	-11.0
160000	-8.0
170000	-3.0
180000	-13.0
190000	-18.0
200000	-12.0
210000	-11.0
220000	-17.0
230000	-19.0
240000	-20.0
250000	-2.0
260000	-9.0
270000	169.0
280000	173.0
290000	174.0
300000	219.0
310000	171.0
320000	134.0
330000	156.0
340000	172.0
350000	146.0
360000	229.0
370000	222.0
380000	231.0
390000	230.0
400000	222.0
410000	207.0
420000	233.0
430000	218.0
440000	207.0
450000	213.0
460000	226.0
470000	231.0
480000	219.0
490000	211.0
500000	234.0
510000	216.0
520000	226.0
530000	213.0
540000	219.0
550000	224.0
560000	239.0
570000	251.0
580000	234.0
590000	213.0
600000	208.0
610000	241.0
620000	233.0
630000	234.0
640000	242.0
650000	233.0
660000	228.0
670000	214.0
680000	218.0
690000	220.0
700000	246.0
710000	220.0
720000	206.0
730000	175.0
740000	232.0
750000	225.0
760000	227.0
770000	208.0
780000	230.0
790000	196.0
800000	223.0
810000	214.0
820000	198.0
830000	219.0
840000	188.0
850000	191.0
860000	211.0
870000	301.0
880000	276.0
890000	201.0
900000	216.0
910000	214.0
920000	236.0
930000	200.0
940000	212.0
950000	208.0
960000	196.0
970000	301.0
980000	327.0
990000	316.0
1000000	327.0
1010000	337.0
1020000	301.0
1030000	329.0
1040000	313.0
1050000	325.0
1060000	299.0
1070000	317.0
1080000	273.0
1090000	324.0
1100000	321.0
1110000	301.0
1120000	336.0
1130000	312.0
1140000	309.0
1150000	314.0
1160000	329.0
1170000	335.0
1180000	297.0
1190000	327.0
1200000	302.0
1210000	329.0
1220000	336.0
1230000	325.0
1240000	331.0
1250000	295.0
1260000	318.0
1270000	297.0
1280000	330.0
1290000	318.0
1300000	299.0
1310000	296.0
1320000	328.0
1330000	302.0
1340000	319.0
1350000	324.0
1360000	318.0
1370000	323.0
1380000	338.0
1390000	323.0
1400000	312.0
1410000	311.0
1420000	299.0
1430000	291.0
1440000	337.0
1450000	316.0
1460000	330.0
1470000	299.0
1480000	312.0
1490000	322.0
1500000	325.0
1510000	320.0
1520000	341.0
1530000	336.0
1540000	325.0
1550000	318.0
1560000	310.0
1570000	327.0
1580000	321.0
1590000	317.0
1600000	309.0
1610000	337.0
1620000	326.0
1630000	307.0
1640000	323.0
1650000	362.0
1660000	324.0
1670000	331.0
1680000	338.0
1690000	316.0
1700000	342.0
1710000	331.0
1720000	320.0
1730000	307.0
1740000	310.0
1750000	347.0
1760000	336.0
1770000	311.0
1780000	299.0
1790000	305.0
1800000	306.0
1810000	303.0
1820000	335.0
1830000	329.0
1840000	317.0
1850000	314.0
1860000	323.0
1870000	332.0
1880000	334.0
1890000	331.0
1900000	328.0
1910000	314.0
1920000	316.0
1930000	304.0
1940000	321.0
1950000	338.0
1960000	320.0
1970000	336.0
1980000	298.0
1990000	319.0
2000000	322.0
