10000	-3.0
20000	-16.0
30000	-19.0
40000	-3.0
50000	-14.0
60000	-17.0
70000	-4.0
80000	-6.0
90000	-6.0
100000	-12.0
110000	-9.0
120000	-10.0
130000	-6.0
140000	-3.0
150000	-15.0
160000	-14.0
170000	-12.0
180000	-5.0
190000	-4.0
200000	-11.0
210000	-10.0
220000	-11.0
230000	-16.0
240000	-13.0
250000	-8.0
260000	-11.0
270000	-6.0
280000	-13.0
290000	-13.0
300000	-21.0
310000	-3.0
320000	18.0
330000	17.0
340000	62.0
350000	42.0
360000	85.0
370000	358.0
380000	356.0
390000	372.0
400000	371.0
410000	363.0
420000	336.0
430000	368.0
440000	364.0
450000	369.0
460000	388.0
470000	361.0
480000	372.0
490000	380.0
500000	359.0
510000	398.0
520000	366.0
530000	359.0
540000	373.0
550000	356.0
560000	362.0
570000	355.0
580000	376.0
590000	388.0
600000	348.0
610000	322.0
620000	368.0
630000	358.0
640000	344.0
650000	344.0
660000	375.0
670000	361.0
680000	377.0
690000	369.0
700000	369.0
710000	359.0
720000	374.0
730000	355.0
740000	364.0
750000	381.0
760000	350.0
770000	356.0
780000	349.0
790000	349.0
800000	334.0
810000	357.0
820000	356.0
830000	392.0
840000	345.0
850000	383.0
860000	347.0
870000	364.0
880000	375.0
890000	348.0
900000	365.0
910000	368.0
920000	354.0
930000	361.0
940000	349.0
950000	354.0
960000	372.0
970000	363.0
980000	386.0
990000	381.0
1000000	367.0
1010000	386.0
1020000	388.0
1030000	367.0
1040000	358.0
1050000	352.0
1060000	363.0
1070000	356.0
1080000	356.0
1090000	374.0
1100000	368.0
1110000	352.0
1120000	364.0
1130000	366.0
1140000	373.0
1150000	386.0
1160000	348.0
1170000	390.0
1180000	367.0
1190000	352.0
1200000	356.0
1210000	355.0
1220000	375.0
1230000	369.0
1240000	363.0
1250000	358.0
1260000	356.0
1270000	360.0
1280000	367.0
1290000	356.0
1300000	384.0
1310000	370.0
1320000	381.0
1330000	365.0
1340000	370.0
1350000	370.0
1360000	361.0
1370000	390.0
1380000	357.0
1390000	348.0
1400000	345.0
1410000	378.0
1420000	391.0
1430000	362.0
1440000	365.0
1450000	340.0
1460000	377.0
1470000	364.0
1480000	389.0
1490000	365.0
1500000	376.0
1510000	343.0
1520000	388.0
1530000	379.0
1540000	370.0
1550000	358.0
1560000	360.0
1570000	336.0
1580000	380.0
1590000	365.0
1600000	352.0
1610000	368.0
1620000	345.0
1630000	325.0
1640000	373.0
1650000	360.0
1660000	378.0
1670000	366.0
1680000	357.0
1690000	362.0
1700000	380.0
1710000	392.0
1720000	380.0
1730000	377.0
1740000	368.0
1750000	379.0
1760000	371.0
1770000	392.0
1780000	370.0
1790000	336.0
1800000	377.0
1810000	365.0
1820000	364.0
1830000	368.0
1840000	358.0
1850000	361.0
1860000	355.0
1870000	357.0
1880000	367.0
1890000	387.0
1900000	365.0
1910000	400.0
1920000	369.0
1930000	341.0
1940000	342.0
1950000	345.0
1960000	370.0
1970000	371.0
1980000	373.0
1990000	352.0
2000000	376.0
