10000	-13.0
20000	-10.0
30000	-16.0
40000	-13.0
50000	-18.0
60000	-13.0
70000	-8.0
80000	-11.0
90000	-10.0
100000	-11.0
110000	-11.0
120000	-11.0
130000	-11.0
140000	-14.0
150000	-12.0
160000	-14.0
170000	-15.0
180000	-7.0
190000	-22.0
200000	-6.0
210000	-10.0
220000	-28.0
230000	-14.0
240000	-15.0
250000	-6.0
260000	-21.0
270000	-7.0
280000	4.0
290000	217.0
300000	473.0
310000	467.0
320000	473.0
330000	461.0
340000	472.0
350000	471.0
360000	477.0
370000	473.0
380000	473.0
390000	475.0
400000	474.0
410000	475.0
420000	465.0
430000	466.0
440000	468.0
450000	464.0
460000	472.0
470000	470.0
480000	462.0
490000	469.0
500000	482.0
510000	475.0
520000	458.0
530000	477.0
540000	478.0
550000	472.0
560000	475.0
570000	469.0
580000	466.0
590000	470.0
600000	477.0
610000	470.0
620000	471.0
630000	472.0
640000	468.0
650000	473.0
660000	470.0
670000	468.0
680000	470.0
690000	476.0
700000	471.0
710000	466.0
720000	474.0
730000	472.0
740000	465.0
750000	466.0
760000	475.0
770000	476.0
780000	471.0
790000	465.0
800000	472.0
810000	476.0
820000	478.0
830000	472.0
840000	475.0
850000	471.0
860000	467.0
870000	475.0
880000	476.0
890000	478.0
900000	481.0
910000	475.0
920000	471.0
930000	465.0
940000	473.0
950000	471.0
960000	455.0
970000	467.0
980000	471.0
990000	464.0
1000000	476.0
1010000	477.0
1020000	472.0
1030000	469.0
1040000	466.0
1050000	467.0
1060000	473.0
1070000	473.0
1080000	472.0
1090000	475.0
1100000	477.0
1110000	479.0
1120000	475.0
1130000	469.0
1140000	465.0
1150000	464.0
1160000	469.0
1170000	465.0
1180000	465.0
1190000	456.0
1200000	470.0
1210000	463.0
1220000	466.0
1230000	474.0
1240000	474.0
1250000	461.0
1260000	478.0
1270000	470.0
1280000	475.0
1290000	471.0
1300000	483.0
1310000	475.0
1320000	474.0
1330000	467.0
1340000	475.0
1350000	469.0
1360000	473.0
1370000	465.0
1380000	468.0
1390000	469.0
1400000	470.0
1410000	468.0
1420000	472.0
1430000	471.0
1440000	472.0
1450000	473.0
1460000	471.0
1470000	465.0
1480000	476.0
1490000	462.0
1500000	479.0
1510000	469.0
1520000	481.0
1530000	470.0
1540000	479.0
1550000	468.0
1560000	477.0
1570000	465.0
1580000	466.0
1590000	472.0
1600000	472.0
1610000	478.0
1620000	475.0
1630000	467.0
1640000	473.0
1650000	463.0
1660000	480.0
1670000	476.0
1680000	472.0
1690000	478.0
1700000	478.0
1710000	473.0
1720000	474.0
1730000	470.0
1740000	479.0
1750000	467.0
1760000	469.0
1770000	463.0
1780000	476.0
1790000	468.0
1800000	461.0
1810000	465.0
1820000	478.0
1830000	465.0
1840000	470.0
1850000	474.0
1860000	476.0
1870000	466.0
1880000	463.0
1890000	474.0
1900000	479.0
1910000	467.0
1920000	475.0
1930000	467.0
1940000	471.0
1950000	468.0
1960000	480.0
1970000	474.0
1980000	470.0
1990000	462.0
2000000	485.0
