10000	-10.0
20000	-5.0
30000	-14.0
40000	-7.0
50000	-22.0
60000	-11.0
70000	-4.0
80000	-13.0
90000	-11.0
100000	-13.0
110000	-18.0
120000	-3.0
130000	-5.0
140000	-19.0
150000	-17.0
160000	-23.0
170000	-5.0
180000	-4.0
190000	-14.0
200000	-4.0
210000	-9.0
220000	-14.0
230000	-13.0
240000	-16.0
250000	-11.0
260000	-8.0
270000	221.0
280000	444.0
290000	472.0
300000	467.0
310000	475.0
320000	470.0
330000	470.0
340000	461.0
350000	465.0
360000	470.0
370000	473.0
380000	474.0
390000	469.0
400000	465.0
410000	464.0
420000	462.0
430000	469.0
440000	475.0
450000	462.0
460000	473.0
470000	474.0
480000	470.0
490000	469.0
500000	472.0
510000	471.0
520000	464.0
530000	461.0
540000	466.0
550000	460.0
560000	465.0
570000	470.0
580000	472.0
590000	467.0
600000	466.0
610000	474.0
620000	464.0
630000	472.0
640000	468.0
650000	473.0
660000	464.0
670000	462.0
680000	476.0
690000	465.0
700000	449.0
710000	466.0
720000	468.0
730000	470.0
740000	475.0
750000	473.0
760000	468.0
770000	468.0
780000	471.0
790000	474.0
800000	462.0
810000	476.0
820000	465.0
830000	470.0
840000	477.0
850000	471.0
860000	474.0
870000	465.0
880000	477.0
890000	460.0
900000	461.0
910000	481.0
920000	478.0
930000	471.0
940000	463.0
950000	471.0
960000	465.0
970000	470.0
980000	459.0
990000	464.0
1000000	467.0
1010000	471.0
1020000	469.0
1030000	466.0
1040000	467.0
1050000	465.0
1060000	473.0
1070000	469.0
1080000	473.0
1090000	469.0
1100000	464.0
1110000	466.0
1120000	472.0
1130000	460.0
1140000	459.0
1150000	476.0
1160000	471.0
1170000	465.0
1180000	470.0
1190000	476.0
1200000	470.0
1210000	474.0
1220000	468.0
1230000	468.0
1240000	475.0
1250000	470.0
1260000	479.0
1270000	476.0
1280000	455.0
1290000	459.0
1300000	468.0
1310000	463.0
1320000	467.0
1330000	472.0
1340000	475.0
1350000	473.0
1360000	470.0
1370000	468.0
1380000	478.0
1390000	473.0
1400000	475.0
1410000	473.0
1420000	463.0
1430000	477.0
1440000	468.0
1450000	475.0
1460000	469.0
1470000	474.0
1480000	472.0
1490000	457.0
1500000	459.0
1510000	466.0
1520000	471.0
1530000	473.0
1540000	468.0
1550000	468.0
1560000	467.0
1570000	469.0
1580000	472.0
1590000	474.0
1600000	477.0
1610000	467.0
1620000	469.0
1630000	456.0
1640000	469.0
1650000	472.0
1660000	466.0
1670000	467.0
1680000	459.0
1690000	477.0
1700000	468.0
1710000	469.0
1720000	468.0
1730000	472.0
1740000	468.0
1750000	476.0
1760000	473.0
1770000	470.0
1780000	458.0
1790000	465.0
1800000	462.0
1810000	463.0
1820000	468.0
1830000	460.0
1840000	467.0
1850000	463.0
1860000	470.0
1870000	469.0
1880000	469.0
1890000	472.0
1900000	460.0
1910000	470.0
1920000	467.0
1930000	468.0
1940000	466.0
1950000	468.0
1960000	456.0
1970000	467.0
1980000	456.0
1990000	473.0
2000000	475.0
