10000	-19.0
20000	-20.0
30000	-15.0
40000	-8.0
50000	-12.0
60000	-9.0
70000	-2.0
80000	-15.0
90000	-10.0
100000	-4.0
110000	-24.0
120000	-5.0
130000	-6.0
140000	-11.0
150000	-21.0
160000	-9.0
170000	-12.0
180000	-15.0
190000	-14.0
200000	-10.0
210000	-12.0
220000	-8.0
230000	-24.0
240000	-6.0
250000	-18.0
260000	-1.0
270000	130.0
280000	237.0
290000	472.0
300000	469.0
310000	470.0
320000	476.0
330000	468.0
340000	470.0
350000	469.0
360000	462.0
370000	472.0
380000	475.0
390000	467.0
400000	470.0
410000	468.0
420000	464.0
430000	477.0
440000	474.0
450000	468.0
460000	468.0
470000	482.0
480000	475.0
490000	475.0
500000	472.0
510000	477.0
520000	473.0
530000	470.0
540000	451.0
550000	469.0
560000	465.0
570000	473.0
580000	466.0
590000	468.0
600000	467.0
610000	458.0
620000	469.0
630000	479.0
640000	469.0
650000	468.0
660000	475.0
670000	464.0
680000	470.0
690000	474.0
700000	472.0
710000	466.0
720000	472.0
730000	483.0
740000	467.0
750000	479.0
760000	478.0
770000	459.0
780000	476.0
790000	473.0
800000	478.0
810000	474.0
820000	472.0
830000	471.0
840000	466.0
850000	470.0
860000	474.0
870000	471.0
880000	467.0
890000	467.0
900000	473.0
910000	459.0
920000	465.0
930000	476.0
940000	478.0
950000	471.0
960000	467.0
970000	474.0
980000	478.0
990000	469.0
1000000	471.0
1010000	472.0
1020000	462.0
1030000	476.0
1040000	465.0
1050000	473.0
1060000	465.0
1070000	469.0
1080000	480.0
1090000	468.0
1100000	473.0
1110000	475.0
1120000	477.0
1130000	480.0
1140000	470.0
1150000	473.0
1160000	473.0
1170000	471.0
1180000	474.0
1190000	467.0
1200000	477.0
1210000	467.0
1220000	461.0
1230000	472.0
1240000	470.0
1250000	475.0
1260000	474.0
1270000	469.0
1280000	474.0
1290000	479.0
1300000	472.0
1310000	476.0
1320000	475.0
1330000	473.0
1340000	472.0
1350000	474.0
1360000	474.0
1370000	473.0
1380000	469.0
1390000	480.0
1400000	476.0
1410000	467.0
1420000	466.0
1430000	475.0
1440000	473.0
1450000	466.0
1460000	473.0
1470000	476.0
1480000	475.0
1490000	480.0
1500000	488.0
1510000	473.0
1520000	467.0
1530000	470.0
1540000	466.0
1550000	461.0
1560000	472.0
1570000	480.0
1580000	469.0
1590000	480.0
1600000	474.0
1610000	484.0
1620000	480.0
1630000	474.0
1640000	474.0
1650000	460.0
1660000	470.0
1670000	468.0
1680000	470.0
1690000	466.0
1700000	481.0
1710000	472.0
1720000	479.0
1730000	471.0
1740000	477.0
1750000	472.0
1760000	471.0
1770000	470.0
1780000	475.0
1790000	476.0
1800000	465.0
1810000	474.0
1820000	475.0
1830000	481.0
1840000	467.0
1850000	469.0
1860000	480.0
1870000	462.0
1880000	469.0
1890000	469.0
1900000	471.0
1910000	474.0
1920000	474.0
1930000	466.0
1940000	470.0
1950000	476.0
1960000	470.0
1970000	470.0
1980000	477.0
1990000	477.0
2000000	467.0
