10000	-5.0
20000	-7.0
30000	-15.0
40000	-19.0
50000	-12.0
60000	-3.0
70000	-24.0
80000	-14.0
90000	-9.0
100000	-9.0
110000	-22.0
120000	-22.0
130000	-1.0
140000	-4.0
150000	-12.0
160000	-4.0
170000	-9.0
180000	-2.0
190000	-8.0
200000	-15.0
210000	-8.0
220000	-7.0
230000	0.0
240000	-10.0
250000	-10.0
260000	-6.0
270000	-11.0
280000	-2.0
290000	-9.0
300000	-6.0
310000	-5.0
320000	114.0
330000	-15.0
340000	-16.0
350000	-16.0
360000	-9.0
370000	-14.0
380000	-4.0
390000	-11.0
400000	409.0
410000	475.0
420000	475.0
430000	462.0
440000	479.0
450000	461.0
460000	471.0
470000	473.0
480000	473.0
490000	473.0
500000	467.0
510000	471.0
520000	470.0
530000	466.0
540000	472.0
550000	466.0
560000	478.0
570000	474.0
580000	477.0
590000	468.0
600000	468.0
610000	475.0
620000	476.0
630000	475.0
640000	479.0
650000	475.0
660000	475.0
670000	476.0
680000	468.0
690000	479.0
700000	454.0
710000	468.0
720000	463.0
730000	475.0
740000	470.0
750000	462.0
760000	461.0
770000	482.0
780000	471.0
790000	476.0
800000	466.0
810000	466.0
820000	476.0
830000	463.0
840000	472.0
850000	470.0
860000	474.0
870000	466.0
880000	465.0
890000	464.0
900000	472.0
910000	473.0
920000	474.0
930000	464.0
940000	475.0
950000	468.0
960000	476.0
970000	474.0
980000	472.0
990000	468.0
1000000	465.0
1010000	474.0
1020000	473.0
1030000	479.0
1040000	463.0
1050000	475.0
1060000	466.0
1070000	481.0
1080000	477.0
1090000	476.0
1100000	468.0
1110000	465.0
1120000	477.0
1130000	468.0
1140000	471.0
1150000	471.0
1160000	477.0
1170000	470.0
1180000	474.0
1190000	470.0
1200000	479.0
1210000	480.0
1220000	481.0
1230000	470.0
1240000	478.0
1250000	470.0
1260000	475.0
1270000	471.0
1280000	467.0
1290000	466.0
1300000	463.0
1310000	472.0
1320000	475.0
1330000	463.0
1340000	474.0
1350000	462.0
1360000	461.0
1370000	473.0
1380000	480.0
1390000	467.0
1400000	473.0
1410000	479.0
1420000	469.0
1430000	458.0
1440000	458.0
1450000	475.0
1460000	470.0
1470000	466.0
1480000	481.0
1490000	474.0
1500000	468.0
1510000	475.0
1520000	473.0
1530000	479.0
1540000	471.0
1550000	467.0
1560000	468.0
1570000	469.0
1580000	468.0
1590000	476.0
1600000	479.0
1610000	466.0
1620000	480.0
1630000	476.0
1640000	475.0
1650000	470.0
1660000	469.0
1670000	478.0
1680000	473.0
1690000	471.0
1700000	468.0
1710000	472.0
1720000	472.0
1730000	473.0
1740000	480.0
1750000	478.0
1760000	464.0
1770000	466.0
1780000	474.0
1790000	467.0
1800000	467.0
1810000	468.0
1820000	459.0
1830000	483.0
1840000	473.0
1850000	468.0
1860000	479.0
1870000	466.0
1880000	471.0
1890000	471.0
1900000	477.0
1910000	464.0
1920000	455.0
1930000	475.0
1940000	471.0
1950000	477.0
1960000	480.0
1970000	470.0
1980000	480.0
1990000	469.0
2000000	460.0
