10000	-5.0
20000	-7.0
30000	-15.0
40000	-19.0
50000	-12.0
60000	-3.0
70000	-24.0
80000	-14.0
90000	-9.0
100000	-9.0
110000	-22.0
120000	-22.0
130000	-1.0
140000	-4.0
150000	-12.0
160000	-4.0
170000	-9.0
180000	-2.0
190000	-8.0
200000	-15.0
210000	-18.0
220000	-6.0
230000	-6.0
240000	-14.0
250000	-1.0
260000	-20.0
270000	-4.0
280000	-16.0
290000	-7.0
300000	-22.0
310000	-12.0
320000	-4.0
330000	-8.0
340000	-11.0
350000	-16.0
360000	-31.0
370000	-29.0
380000	-37.0
390000	-32.0
400000	-30.0
410000	-33.0
420000	-15.0
430000	2.0
440000	-10.0
450000	-4.0
460000	10.0
470000	5.0
480000	6.0
490000	6.0
500000	55.0
510000	36.0
520000	93.0
530000	223.0
540000	169.0
550000	126.0
560000	89.0
570000	370.0
580000	442.0
590000	470.0
600000	461.0
610000	455.0
620000	455.0
630000	465.0
640000	481.0
650000	472.0
660000	274.0
670000	481.0
680000	470.0
690000	461.0
700000	475.0
710000	479.0
720000	456.0
730000	471.0
740000	471.0
750000	472.0
760000	475.0
770000	466.0
780000	464.0
790000	451.0
800000	469.0
810000	477.0
820000	470.0
830000	471.0
840000	467.0
850000	452.0
860000	466.0
870000	478.0
880000	256.0
890000	435.0
900000	469.0
910000	472.0
920000	461.0
930000	470.0
940000	475.0
950000	472.0
960000	460.0
970000	463.0
980000	472.0
990000	475.0
1000000	470.0
1010000	471.0
1020000	452.0
1030000	477.0
1040000	451.0
1050000	477.0
1060000	471.0
1070000	466.0
1080000	463.0
1090000	466.0
1100000	472.0
1110000	462.0
1120000	460.0
1130000	472.0
1140000	468.0
1150000	467.0
1160000	471.0
1170000	472.0
1180000	475.0
1190000	473.0
1200000	463.0
1210000	473.0
1220000	469.0
1230000	467.0
1240000	463.0
1250000	459.0
1260000	470.0
1270000	464.0
1280000	473.0
1290000	461.0
1300000	442.0
1310000	455.0
1320000	471.0
1330000	466.0
1340000	470.0
1350000	476.0
1360000	472.0
1370000	468.0
1380000	480.0
1390000	480.0
1400000	466.0
1410000	464.0
1420000	476.0
1430000	471.0
1440000	473.0
1450000	460.0
1460000	471.0
1470000	467.0
1480000	474.0
1490000	470.0
1500000	461.0
1510000	473.0
1520000	473.0
1530000	472.0
1540000	457.0
1550000	468.0
1560000	462.0
1570000	409.0
1580000	467.0
1590000	471.0
1600000	472.0
1610000	467.0
1620000	472.0
1630000	480.0
1640000	475.0
1650000	474.0
1660000	470.0
1670000	471.0
1680000	470.0
1690000	475.0
1700000	469.0
1710000	480.0
1720000	481.0
1730000	463.0
1740000	468.0
1750000	473.0
1760000	469.0
1770000	468.0
1780000	476.0
1790000	460.0
1800000	470.0
1810000	465.0
1820000	469.0
1830000	466.0
1840000	457.0
1850000	471.0
1860000	477.0
1870000	485.0
1880000	475.0
1890000	467.0
1900000	468.0
1910000	475.0
1920000	470.0
1930000	474.0
1940000	474.0
1950000	472.0
1960000	477.0
1970000	479.0
1980000	466.0
1990000	475.0
2000000	479.0
2010000	453.0
2020000	470.0
2030000	466.0
2040000	480.0
2050000	474.0
2060000	466.0
2070000	475.0
2080000	470.0
2090000	478.0
2100000	472.0
2110000	478.0
2120000	476.0
2130000	480.0
2140000	466.0
2150000	470.0
2160000	469.0
2170000	467.0
2180000	476.0
2190000	477.0
2200000	464.0
2210000	471.0
2220000	477.0
2230000	468.0
2240000	476.0
2250000	466.0
2260000	475.0
2270000	471.0
2280000	481.0
2290000	467.0
2300000	473.0
2310000	468.0
2320000	463.0
2330000	482.0
2340000	471.0
2350000	472.0
2360000	472.0
2370000	480.0
2380000	469.0
2390000	477.0
2400000	464.0
2410000	480.0
2420000	474.0
2430000	471.0
2440000	467.0
2450000	471.0
2460000	452.0
2470000	476.0
2480000	482.0
2490000	470.0
2500000	380.0
2510000	434.0
2520000	468.0
2530000	467.0
2540000	459.0
2550000	474.0
2560000	474.0
2570000	468.0
2580000	464.0
2590000	423.0
2600000	472.0
2610000	482.0
2620000	470.0
2630000	474.0
2640000	471.0
2650000	475.0
2660000	472.0
2670000	475.0
2680000	468.0
2690000	472.0
2700000	475.0
2710000	456.0
2720000	461.0
2730000	415.0
2740000	472.0
2750000	471.0
2760000	466.0
2770000	475.0
2780000	473.0
2790000	465.0
2800000	478.0
2810000	464.0
2820000	475.0
2830000	470.0
2840000	470.0
2850000	480.0
2860000	463.0
2870000	452.0
2880000	470.0
2890000	465.0
2900000	471.0
2910000	472.0
2920000	469.0
2930000	476.0
2940000	475.0
2950000	475.0
2960000	476.0
2970000	466.0
2980000	474.0
2990000	463.0
3000000	471.0
3010000	471.0
3020000	474.0
3030000	465.0
3040000	472.0
3050000	476.0
3060000	474.0
3070000	455.0
3080000	467.0
3090000	474.0
3100000	479.0
3110000	464.0
3120000	477.0
3130000	473.0
3140000	470.0
3150000	466.0
3160000	470.0
3170000	475.0
3180000	478.0
3190000	467.0
3200000	477.0
3210000	471.0
3220000	454.0
3230000	475.0
3240000	472.0
3250000	470.0
3260000	477.0
3270000	474.0
3280000	469.0
3290000	474.0
3300000	478.0
3310000	445.0
3320000	472.0
3330000	464.0
3340000	462.0
3350000	461.0
3360000	469.0
3370000	459.0
3380000	474.0
3390000	468.0
3400000	475.0
3410000	469.0
3420000	473.0
3430000	470.0
3440000	476.0
3450000	480.0
3460000	472.0
3470000	464.0
3480000	469.0
3490000	474.0
3500000	465.0
3510000	477.0
3520000	471.0
3530000	467.0
3540000	474.0
3550000	472.0
3560000	473.0
3570000	472.0
3580000	467.0
3590000	475.0
3600000	479.0
3610000	463.0
3620000	477.0
3630000	475.0
3640000	476.0
3650000	434.0
3660000	480.0
3670000	468.0
3680000	471.0
3690000	470.0
3700000	462.0
3710000	472.0
3720000	462.0
3730000	478.0
3740000	473.0
3750000	482.0
3760000	469.0
3770000	474.0
3780000	468.0
3790000	471.0
3800000	479.0
3810000	470.0
3820000	476.0
3830000	474.0
3840000	469.0
3850000	473.0
3860000	475.0
3870000	475.0
3880000	464.0
3890000	460.0
3900000	474.0
3910000	475.0
3920000	474.0
3930000	470.0
3940000	473.0
3950000	466.0
3960000	459.0
3970000	464.0
3980000	464.0
3990000	460.0
4000000	480.0
4010000	463.0
4020000	474.0
4030000	474.0
4040000	468.0
4050000	470.0
4060000	470.0
4070000	468.0
4080000	475.0
4090000	478.0
4100000	470.0
4110000	474.0
4120000	458.0
4130000	456.0
4140000	465.0
4150000	464.0
4160000	466.0
4170000	468.0
4180000	462.0
4190000	468.0
4200000	468.0
4210000	465.0
4220000	474.0
4230000	473.0
4240000	475.0
4250000	467.0
4260000	468.0
4270000	458.0
4280000	468.0
4290000	477.0
4300000	462.0
4310000	462.0
4320000	468.0
4330000	478.0
4340000	476.0
4350000	476.0
4360000	465.0
4370000	465.0
4380000	465.0
4390000	469.0
4400000	477.0
4410000	481.0
4420000	468.0
4430000	473.0
4440000	477.0
4450000	470.0
4460000	465.0
4470000	468.0
4480000	445.0
4490000	473.0
4500000	472.0
4510000	466.0
4520000	461.0
4530000	473.0
4540000	464.0
4550000	476.0
4560000	472.0
4570000	467.0
4580000	474.0
4590000	472.0
4600000	478.0
4610000	479.0
4620000	465.0
4630000	469.0
4640000	471.0
4650000	473.0
4660000	468.0
4670000	472.0
4680000	472.0
4690000	472.0
4700000	474.0
4710000	477.0
4720000	478.0
4730000	467.0
4740000	470.0
4750000	454.0
4760000	466.0
4770000	469.0
4780000	480.0
4790000	461.0
4800000	477.0
4810000	469.0
4820000	468.0
4830000	473.0
4840000	469.0
4850000	461.0
4860000	471.0
4870000	469.0
4880000	476.0
4890000	469.0
4900000	466.0
4910000	467.0
4920000	477.0
4930000	462.0
4940000	466.0
4950000	470.0
4960000	466.0
4970000	470.0
4980000	468.0
4990000	473.0
5000000	466.0
