10000	-6.0
20000	-5.0
30000	-14.0
40000	-11.0
50000	-4.0
60000	-4.0
70000	-14.0
80000	-27.0
90000	-11.0
100000	-3.0
110000	-7.0
120000	-18.0
130000	-15.0
140000	-22.0
150000	-14.0
160000	-6.0
170000	-6.0
180000	-23.0
190000	-4.0
200000	-8.0
210000	-14.0
220000	-14.0
230000	-11.0
240000	-23.0
250000	-11.0
260000	-11.0
270000	-18.0
280000	-7.0
290000	-1.0
300000	-21.0
310000	-29.0
320000	-27.0
330000	-25.0
340000	-16.0
350000	-10.0
360000	-22.0
370000	-33.0
380000	-20.0
390000	-9.0
400000	-19.0
410000	-20.0
420000	-21.0
430000	-8.0
440000	-7.0
450000	0.0
460000	-5.0
470000	0.0
480000	-5.0
490000	22.0
500000	24.0
510000	27.0
520000	28.0
530000	32.0
540000	17.0
550000	45.0
560000	52.0
570000	118.0
580000	98.0
590000	155.0
600000	101.0
610000	204.0
620000	400.0
630000	461.0
640000	428.0
650000	459.0
660000	419.0
670000	458.0
680000	467.0
690000	461.0
700000	455.0
710000	463.0
720000	447.0
730000	440.0
740000	463.0
750000	447.0
760000	456.0
770000	469.0
780000	458.0
790000	466.0
800000	464.0
810000	451.0
820000	471.0
830000	458.0
840000	366.0
850000	466.0
860000	468.0
870000	469.0
880000	466.0
890000	455.0
900000	468.0
910000	458.0
920000	466.0
930000	461.0
940000	466.0
950000	450.0
960000	463.0
970000	458.0
980000	465.0
990000	461.0
1000000	465.0
1010000	470.0
1020000	464.0
1030000	456.0
1040000	466.0
1050000	469.0
1060000	471.0
1070000	444.0
1080000	475.0
1090000	466.0
1100000	466.0
1110000	471.0
1120000	459.0
1130000	470.0
1140000	482.0
1150000	458.0
1160000	468.0
1170000	464.0
1180000	465.0
1190000	463.0
1200000	473.0
1210000	464.0
1220000	472.0
1230000	461.0
1240000	468.0
1250000	467.0
1260000	467.0
1270000	458.0
1280000	464.0
1290000	458.0
1300000	464.0
1310000	462.0
1320000	460.0
1330000	467.0
1340000	471.0
1350000	456.0
1360000	470.0
1370000	460.0
1380000	473.0
1390000	465.0
1400000	468.0
1410000	461.0
1420000	471.0
1430000	472.0
1440000	473.0
1450000	470.0
1460000	469.0
1470000	468.0
1480000	466.0
1490000	473.0
1500000	476.0
1510000	466.0
1520000	460.0
1530000	462.0
1540000	460.0
1550000	481.0
1560000	472.0
1570000	463.0
1580000	473.0
1590000	457.0
1600000	473.0
1610000	462.0
1620000	466.0
1630000	463.0
1640000	469.0
1650000	462.0
1660000	458.0
1670000	472.0
1680000	469.0
1690000	453.0
1700000	458.0
1710000	467.0
1720000	472.0
1730000	467.0
1740000	472.0
1750000	441.0
1760000	360.0
1770000	464.0
1780000	475.0
1790000	467.0
1800000	461.0
1810000	484.0
1820000	472.0
1830000	461.0
1840000	470.0
1850000	474.0
1860000	459.0
1870000	469.0
1880000	464.0
1890000	473.0
1900000	466.0
1910000	454.0
1920000	475.0
1930000	472.0
1940000	455.0
1950000	470.0
1960000	459.0
1970000	467.0
1980000	472.0
1990000	472.0
2000000	469.0
2010000	473.0
2020000	476.0
2030000	465.0
2040000	466.0
2050000	479.0
2060000	464.0
2070000	475.0
2080000	454.0
2090000	477.0
2100000	474.0
2110000	470.0
2120000	472.0
2130000	464.0
2140000	477.0
2150000	464.0
2160000	447.0
2170000	385.0
2180000	450.0
2190000	452.0
2200000	458.0
2210000	468.0
2220000	465.0
2230000	470.0
2240000	474.0
2250000	469.0
2260000	447.0
2270000	469.0
2280000	467.0
2290000	466.0
2300000	466.0
2310000	473.0
2320000	470.0
2330000	468.0
2340000	471.0
2350000	468.0
2360000	468.0
2370000	467.0
2380000	465.0
2390000	468.0
2400000	470.0
2410000	461.0
2420000	456.0
2430000	467.0
2440000	471.0
2450000	471.0
2460000	448.0
2470000	464.0
2480000	467.0
2490000	466.0
2500000	478.0
2510000	471.0
2520000	465.0
2530000	471.0
2540000	461.0
2550000	339.0
2560000	475.0
2570000	464.0
2580000	459.0
2590000	474.0
2600000	472.0
2610000	463.0
2620000	464.0
2630000	458.0
2640000	469.0
2650000	454.0
2660000	465.0
2670000	465.0
2680000	461.0
2690000	465.0
2700000	471.0
2710000	469.0
2720000	472.0
2730000	470.0
2740000	470.0
2750000	469.0
2760000	467.0
2770000	475.0
2780000	472.0
2790000	470.0
2800000	466.0
2810000	472.0
2820000	463.0
2830000	475.0
2840000	465.0
2850000	470.0
2860000	464.0
2870000	461.0
2880000	463.0
2890000	467.0
2900000	469.0
2910000	394.0
2920000	461.0
2930000	453.0
2940000	457.0
2950000	467.0
2960000	457.0
2970000	470.0
2980000	474.0
2990000	464.0
3000000	477.0
3010000	458.0
3020000	469.0
3030000	472.0
3040000	469.0
3050000	473.0
3060000	468.0
3070000	466.0
3080000	470.0
3090000	472.0
3100000	443.0
3110000	465.0
3120000	408.0
3130000	448.0
3140000	473.0
3150000	464.0
3160000	471.0
3170000	472.0
3180000	468.0
3190000	446.0
3200000	465.0
3210000	467.0
3220000	454.0
3230000	469.0
3240000	464.0
3250000	465.0
3260000	468.0
3270000	472.0
3280000	481.0
3290000	462.0
3300000	474.0
3310000	470.0
3320000	474.0
3330000	470.0
3340000	465.0
3350000	481.0
3360000	464.0
3370000	473.0
3380000	474.0
3390000	473.0
3400000	460.0
3410000	470.0
3420000	468.0
3430000	475.0
3440000	470.0
3450000	474.0
3460000	470.0
3470000	481.0
3480000	474.0
3490000	464.0
3500000	473.0
3510000	468.0
3520000	465.0
3530000	465.0
3540000	462.0
3550000	469.0
3560000	475.0
3570000	476.0
3580000	461.0
3590000	471.0
3600000	473.0
3610000	473.0
3620000	471.0
3630000	458.0
3640000	475.0
3650000	475.0
3660000	471.0
3670000	475.0
3680000	463.0
3690000	462.0
3700000	474.0
3710000	472.0
3720000	468.0
3730000	476.0
3740000	462.0
3750000	476.0
3760000	472.0
3770000	470.0
3780000	464.0
3790000	466.0
3800000	472.0
3810000	467.0
3820000	463.0
3830000	465.0
3840000	473.0
3850000	474.0
3860000	475.0
3870000	474.0
3880000	470.0
3890000	480.0
3900000	476.0
3910000	477.0
3920000	467.0
3930000	465.0
3940000	467.0
3950000	473.0
3960000	466.0
3970000	462.0
3980000	469.0
3990000	463.0
4000000	455.0
4010000	476.0
4020000	464.0
4030000	468.0
4040000	458.0
4050000	472.0
4060000	466.0
4070000	466.0
4080000	463.0
4090000	473.0
4100000	459.0
4110000	473.0
4120000	473.0
4130000	470.0
4140000	466.0
4150000	469.0
4160000	473.0
4170000	474.0
4180000	471.0
4190000	465.0
4200000	465.0
4210000	479.0
4220000	472.0
4230000	476.0
4240000	460.0
4250000	467.0
4260000	472.0
4270000	473.0
4280000	484.0
4290000	472.0
4300000	461.0
4310000	470.0
4320000	468.0
4330000	464.0
4340000	470.0
4350000	472.0
4360000	476.0
4370000	478.0
4380000	467.0
4390000	479.0
4400000	472.0
4410000	464.0
4420000	475.0
4430000	462.0
4440000	472.0
4450000	478.0
4460000	476.0
4470000	467.0
4480000	453.0
4490000	455.0
4500000	468.0
4510000	470.0
4520000	478.0
4530000	465.0
4540000	464.0
4550000	473.0
4560000	467.0
4570000	464.0
4580000	469.0
4590000	462.0
4600000	470.0
4610000	468.0
4620000	467.0
4630000	475.0
4640000	469.0
4650000	473.0
4660000	468.0
4670000	462.0
4680000	470.0
4690000	461.0
4700000	458.0
4710000	432.0
4720000	472.0
4730000	467.0
4740000	470.0
4750000	475.0
4760000	465.0
4770000	465.0
4780000	471.0
4790000	475.0
4800000	459.0
4810000	467.0
4820000	478.0
4830000	420.0
4840000	471.0
4850000	478.0
4860000	478.0
4870000	469.0
4880000	468.0
4890000	457.0
4900000	470.0
4910000	465.0
4920000	465.0
4930000	474.0
4940000	469.0
4950000	471.0
4960000	459.0
4970000	466.0
4980000	460.0
4990000	470.0
5000000	466.0
