10000	-9.0
20000	-14.0
30000	-10.0
40000	-16.0
50000	-14.0
60000	-15.0
70000	-19.0
80000	-9.0
90000	-9.0
100000	-5.0
110000	-13.0
120000	-2.0
130000	-8.0
140000	-14.0
150000	-11.0
160000	-10.0
170000	-9.0
180000	-7.0
190000	-8.0
200000	-36.0
210000	-17.0
220000	-15.0
230000	-21.0
240000	-27.0
250000	-4.0
260000	-16.0
270000	-21.0
280000	-4.0
290000	-16.0
300000	-18.0
310000	-25.0
320000	-15.0
330000	-20.0
340000	-16.0
350000	-17.0
360000	-4.0
370000	-22.0
380000	-6.0
390000	-37.0
400000	-36.0
410000	-50.0
420000	-36.0
430000	-24.0
440000	-54.0
450000	-31.0
460000	-13.0
470000	-29.0
480000	-36.0
490000	-16.0
500000	0.0
510000	-2.0
520000	5.0
530000	2.0
540000	16.0
550000	28.0
560000	89.0
570000	171.0
580000	278.0
590000	235.0
600000	383.0
610000	394.0
620000	453.0
630000	438.0
640000	458.0
650000	464.0
660000	447.0
670000	444.0
680000	456.0
690000	444.0
700000	434.0
710000	410.0
720000	438.0
730000	445.0
740000	464.0
750000	462.0
760000	466.0
770000	463.0
780000	463.0
790000	464.0
800000	468.0
810000	468.0
820000	451.0
830000	472.0
840000	470.0
850000	455.0
860000	464.0
870000	476.0
880000	466.0
890000	472.0
900000	471.0
910000	470.0
920000	465.0
930000	463.0
940000	439.0
950000	461.0
960000	467.0
970000	471.0
980000	467.0
990000	471.0
1000000	472.0
1010000	468.0
1020000	475.0
1030000	463.0
1040000	468.0
1050000	462.0
1060000	476.0
1070000	465.0
1080000	466.0
1090000	459.0
1100000	451.0
1110000	459.0
1120000	457.0
1130000	464.0
1140000	463.0
1150000	458.0
1160000	449.0
1170000	453.0
1180000	452.0
1190000	455.0
1200000	417.0
1210000	436.0
1220000	437.0
1230000	460.0
1240000	456.0
1250000	460.0
1260000	468.0
1270000	476.0
1280000	471.0
1290000	440.0
1300000	468.0
1310000	471.0
1320000	466.0
1330000	476.0
1340000	468.0
1350000	465.0
1360000	464.0
1370000	462.0
1380000	477.0
1390000	474.0
1400000	464.0
1410000	454.0
1420000	475.0
1430000	434.0
1440000	461.0
1450000	473.0
1460000	394.0
1470000	426.0
1480000	455.0
1490000	472.0
1500000	463.0
1510000	475.0
1520000	470.0
1530000	474.0
1540000	472.0
1550000	469.0
1560000	460.0
1570000	464.0
1580000	466.0
1590000	469.0
1600000	460.0
1610000	455.0
1620000	473.0
1630000	463.0
1640000	463.0
1650000	463.0
1660000	466.0
1670000	462.0
1680000	461.0
1690000	468.0
1700000	463.0
1710000	460.0
1720000	473.0
1730000	460.0
1740000	464.0
1750000	461.0
1760000	472.0
1770000	471.0
1780000	469.0
1790000	473.0
1800000	465.0
1810000	463.0
1820000	466.0
1830000	475.0
1840000	463.0
1850000	472.0
1860000	480.0
1870000	466.0
1880000	477.0
1890000	461.0
1900000	461.0
1910000	453.0
1920000	438.0
1930000	474.0
1940000	468.0
1950000	456.0
1960000	438.0
1970000	413.0
1980000	463.0
1990000	465.0
2000000	468.0
2010000	475.0
2020000	461.0
2030000	461.0
2040000	466.0
2050000	464.0
2060000	478.0
2070000	458.0
2080000	454.0
2090000	474.0
2100000	474.0
2110000	468.0
2120000	469.0
2130000	464.0
2140000	456.0
2150000	469.0
2160000	457.0
2170000	461.0
2180000	468.0
2190000	471.0
2200000	467.0
2210000	469.0
2220000	465.0
2230000	472.0
2240000	465.0
2250000	457.0
2260000	445.0
2270000	461.0
2280000	458.0
2290000	455.0
2300000	469.0
2310000	458.0
2320000	477.0
2330000	459.0
2340000	459.0
2350000	452.0
2360000	464.0
2370000	458.0
2380000	466.0
2390000	460.0
2400000	475.0
2410000	472.0
2420000	468.0
2430000	392.0
2440000	464.0
2450000	459.0
2460000	459.0
2470000	461.0
2480000	448.0
2490000	466.0
2500000	470.0
2510000	468.0
2520000	473.0
2530000	462.0
2540000	445.0
2550000	454.0
2560000	474.0
2570000	446.0
2580000	477.0
2590000	469.0
2600000	464.0
2610000	450.0
2620000	458.0
2630000	465.0
2640000	462.0
2650000	468.0
2660000	472.0
2670000	460.0
2680000	471.0
2690000	468.0
2700000	475.0
2710000	472.0
2720000	452.0
2730000	473.0
2740000	464.0
2750000	462.0
2760000	464.0
2770000	470.0
2780000	470.0
2790000	473.0
2800000	466.0
2810000	459.0
2820000	455.0
2830000	457.0
2840000	473.0
2850000	466.0
2860000	472.0
2870000	471.0
2880000	462.0
2890000	466.0
2900000	478.0
2910000	464.0
2920000	461.0
2930000	460.0
2940000	468.0
2950000	461.0
2960000	469.0
2970000	468.0
2980000	446.0
2990000	469.0
3000000	470.0
3010000	460.0
3020000	470.0
3030000	456.0
3040000	470.0
3050000	470.0
3060000	467.0
3070000	462.0
3080000	464.0
3090000	466.0
3100000	472.0
3110000	464.0
3120000	467.0
3130000	473.0
3140000	469.0
3150000	458.0
3160000	452.0
3170000	461.0
3180000	459.0
3190000	464.0
3200000	459.0
3210000	460.0
3220000	467.0
3230000	473.0
3240000	476.0
3250000	468.0
3260000	464.0
3270000	473.0
3280000	464.0
3290000	465.0
3300000	473.0
3310000	466.0
3320000	460.0
3330000	462.0
3340000	479.0
3350000	475.0
3360000	469.0
3370000	463.0
3380000	470.0
3390000	463.0
3400000	467.0
3410000	475.0
3420000	455.0
3430000	458.0
3440000	472.0
3450000	476.0
3460000	467.0
3470000	469.0
3480000	460.0
3490000	459.0
3500000	470.0
3510000	471.0
3520000	470.0
3530000	473.0
3540000	469.0
3550000	468.0
3560000	469.0
3570000	471.0
3580000	462.0
3590000	448.0
3600000	466.0
3610000	457.0
3620000	402.0
3630000	465.0
3640000	460.0
3650000	221.0
3660000	461.0
3670000	466.0
3680000	459.0
3690000	462.0
3700000	464.0
3710000	467.0
3720000	465.0
3730000	454.0
3740000	466.0
3750000	457.0
3760000	461.0
3770000	464.0
3780000	459.0
3790000	450.0
3800000	461.0
3810000	470.0
3820000	470.0
3830000	469.0
3840000	470.0
3850000	467.0
3860000	467.0
3870000	449.0
3880000	462.0
3890000	459.0
3900000	466.0
3910000	467.0
3920000	470.0
3930000	471.0
3940000	455.0
3950000	464.0
3960000	472.0
3970000	461.0
3980000	472.0
3990000	460.0
4000000	475.0
4010000	469.0
4020000	462.0
4030000	461.0
4040000	465.0
4050000	462.0
4060000	463.0
4070000	461.0
4080000	465.0
4090000	465.0
4100000	458.0
4110000	460.0
4120000	460.0
4130000	468.0
4140000	478.0
4150000	462.0
4160000	461.0
4170000	478.0
4180000	469.0
4190000	475.0
4200000	470.0
4210000	459.0
4220000	471.0
4230000	463.0
4240000	465.0
4250000	469.0
4260000	465.0
4270000	475.0
4280000	459.0
4290000	470.0
4300000	461.0
4310000	468.0
4320000	450.0
4330000	470.0
4340000	465.0
4350000	466.0
4360000	468.0
4370000	470.0
4380000	453.0
4390000	450.0
4400000	460.0
4410000	469.0
4420000	476.0
4430000	471.0
4440000	476.0
4450000	466.0
4460000	461.0
4470000	464.0
4480000	461.0
4490000	449.0
4500000	444.0
4510000	463.0
4520000	470.0
4530000	465.0
4540000	455.0
4550000	460.0
4560000	468.0
4570000	471.0
4580000	466.0
4590000	468.0
4600000	474.0
4610000	458.0
4620000	464.0
4630000	462.0
4640000	476.0
4650000	476.0
4660000	457.0
4670000	465.0
4680000	475.0
4690000	465.0
4700000	436.0
4710000	460.0
4720000	467.0
4730000	459.0
4740000	467.0
4750000	465.0
4760000	472.0
4770000	464.0
4780000	456.0
4790000	471.0
4800000	471.0
4810000	469.0
4820000	467.0
4830000	469.0
4840000	451.0
4850000	472.0
4860000	471.0
4870000	467.0
4880000	470.0
4890000	457.0
4900000	458.0
4910000	461.0
4920000	475.0
4930000	459.0
4940000	458.0
4950000	475.0
4960000	468.0
4970000	473.0
4980000	462.0
4990000	453.0
5000000	469.0
