10000	-22.0
20000	-12.0
30000	-11.0
40000	-6.0
50000	-11.0
60000	-10.0
70000	-10.0
80000	-18.0
90000	-9.0
100000	-20.0
110000	-17.0
120000	-9.0
130000	-10.0
140000	-13.0
150000	-7.0
160000	-8.0
170000	-3.0
180000	-9.0
190000	-9.0
200000	-5.0
210000	-14.0
220000	-2.0
230000	-7.0
240000	-23.0
250000	-7.0
260000	-5.0
270000	-23.0
280000	-26.0
290000	-51.0
300000	-36.0
310000	-42.0
320000	-21.0
330000	-33.0
340000	-12.0
350000	-4.0
360000	-21.0
370000	-6.0
380000	-9.0
390000	-14.0
400000	-19.0
410000	-9.0
420000	-1.0
430000	0.0
440000	-15.0
450000	-11.0
460000	-6.0
470000	-17.0
480000	-20.0
490000	-32.0
500000	-30.0
510000	-36.0
520000	-42.0
530000	-50.0
540000	-52.0
550000	-38.0
560000	-32.0
570000	-32.0
580000	-9.0
590000	-38.0
600000	-34.0
610000	-38.0
620000	-36.0
630000	-35.0
640000	-39.0
650000	-27.0
660000	-29.0
670000	-27.0
680000	-19.0
690000	-6.0
700000	-7.0
710000	-9.0
720000	-3.0
730000	-3.0
740000	-3.0
750000	-13.0
760000	10.0
770000	39.0
780000	8.0
790000	27.0
800000	85.0
810000	98.0
820000	33.0
830000	349.0
840000	391.0
850000	465.0
860000	455.0
870000	467.0
880000	461.0
890000	468.0
900000	473.0
910000	467.0
920000	466.0
930000	472.0
940000	472.0
950000	459.0
960000	471.0
970000	464.0
980000	461.0
990000	466.0
1000000	461.0
1010000	458.0
1020000	474.0
1030000	385.0
1040000	455.0
1050000	394.0
1060000	419.0
1070000	475.0
1080000	453.0
1090000	306.0
1100000	474.0
1110000	467.0
1120000	471.0
1130000	474.0
1140000	471.0
1150000	472.0
1160000	439.0
1170000	465.0
1180000	463.0
1190000	479.0
1200000	456.0
1210000	467.0
1220000	477.0
1230000	467.0
1240000	467.0
1250000	471.0
1260000	474.0
1270000	474.0
1280000	469.0
1290000	466.0
1300000	469.0
1310000	466.0
1320000	469.0
1330000	469.0
1340000	456.0
1350000	463.0
1360000	471.0
1370000	471.0
1380000	469.0
1390000	462.0
1400000	455.0
1410000	472.0
1420000	474.0
1430000	468.0
1440000	481.0
1450000	452.0
1460000	471.0
1470000	466.0
1480000	463.0
1490000	472.0
1500000	471.0
1510000	478.0
1520000	446.0
1530000	469.0
1540000	453.0
1550000	471.0
1560000	473.0
1570000	471.0
1580000	479.0
1590000	440.0
1600000	475.0
1610000	472.0
1620000	449.0
1630000	465.0
1640000	467.0
1650000	473.0
1660000	466.0
1670000	467.0
1680000	478.0
1690000	463.0
1700000	469.0
1710000	475.0
1720000	458.0
1730000	474.0
1740000	467.0
1750000	475.0
1760000	484.0
1770000	467.0
1780000	466.0
1790000	472.0
1800000	472.0
1810000	472.0
1820000	470.0
1830000	476.0
1840000	467.0
1850000	463.0
1860000	473.0
1870000	468.0
1880000	475.0
1890000	470.0
1900000	462.0
1910000	468.0
1920000	472.0
1930000	482.0
1940000	474.0
1950000	473.0
1960000	465.0
1970000	477.0
1980000	404.0
1990000	449.0
2000000	471.0
2010000	478.0
2020000	474.0
2030000	471.0
2040000	473.0
2050000	465.0
2060000	463.0
2070000	463.0
2080000	443.0
2090000	471.0
2100000	469.0
2110000	473.0
2120000	476.0
2130000	466.0
2140000	477.0
2150000	478.0
2160000	468.0
2170000	462.0
2180000	478.0
2190000	471.0
2200000	469.0
2210000	472.0
2220000	468.0
2230000	467.0
2240000	474.0
2250000	474.0
2260000	463.0
2270000	470.0
2280000	467.0
2290000	473.0
2300000	467.0
2310000	475.0
2320000	468.0
2330000	472.0
2340000	475.0
2350000	476.0
2360000	472.0
2370000	472.0
2380000	470.0
2390000	471.0
2400000	463.0
2410000	473.0
2420000	450.0
2430000	469.0
2440000	474.0
2450000	472.0
2460000	471.0
2470000	468.0
2480000	469.0
2490000	476.0
2500000	474.0
2510000	478.0
2520000	473.0
2530000	466.0
2540000	470.0
2550000	467.0
2560000	475.0
2570000	464.0
2580000	468.0
2590000	467.0
2600000	468.0
2610000	470.0
2620000	476.0
2630000	480.0
2640000	468.0
2650000	467.0
2660000	473.0
2670000	473.0
2680000	468.0
2690000	475.0
2700000	468.0
2710000	467.0
2720000	475.0
2730000	462.0
2740000	469.0
2750000	476.0
2760000	479.0
2770000	472.0
2780000	474.0
2790000	463.0
2800000	476.0
2810000	465.0
2820000	471.0
2830000	472.0
2840000	476.0
2850000	472.0
2860000	472.0
2870000	467.0
2880000	470.0
2890000	476.0
2900000	480.0
2910000	469.0
2920000	474.0
2930000	474.0
2940000	473.0
2950000	466.0
2960000	482.0
2970000	476.0
2980000	476.0
2990000	475.0
3000000	462.0
3010000	473.0
3020000	473.0
3030000	471.0
3040000	465.0
3050000	453.0
3060000	471.0
3070000	467.0
3080000	476.0
3090000	473.0
3100000	465.0
3110000	465.0
3120000	468.0
3130000	473.0
3140000	473.0
3150000	472.0
3160000	476.0
3170000	458.0
3180000	464.0
3190000	457.0
3200000	462.0
3210000	88.0
3220000	-11.0
3230000	-5.0
3240000	-15.0
3250000	-5.0
3260000	0.0
3270000	-22.0
3280000	-31.0
3290000	-27.0
3300000	-41.0
3310000	-20.0
3320000	-31.0
3330000	-28.0
3340000	-13.0
3350000	-46.0
3360000	-28.0
3370000	-30.0
3380000	-9.0
3390000	-2.0
3400000	6.0
3410000	7.0
3420000	11.0
3430000	13.0
3440000	24.0
3450000	30.0
3460000	46.0
3470000	33.0
3480000	95.0
3490000	92.0
3500000	418.0
3510000	356.0
3520000	465.0
3530000	473.0
3540000	472.0
3550000	469.0
3560000	460.0
3570000	463.0
3580000	469.0
3590000	454.0
3600000	464.0
3610000	467.0
3620000	462.0
3630000	464.0
3640000	470.0
3650000	469.0
3660000	467.0
3670000	462.0
3680000	466.0
3690000	466.0
3700000	442.0
3710000	458.0
3720000	458.0
3730000	465.0
3740000	459.0
3750000	450.0
3760000	472.0
3770000	471.0
3780000	442.0
3790000	449.0
3800000	465.0
3810000	471.0
3820000	458.0
3830000	477.0
3840000	468.0
3850000	470.0
3860000	472.0
3870000	472.0
3880000	480.0
3890000	469.0
3900000	466.0
3910000	471.0
3920000	416.0
3930000	465.0
3940000	474.0
3950000	468.0
3960000	455.0
3970000	477.0
3980000	476.0
3990000	457.0
4000000	469.0
4010000	463.0
4020000	469.0
4030000	474.0
4040000	471.0
4050000	472.0
4060000	479.0
4070000	466.0
4080000	464.0
4090000	466.0
4100000	474.0
4110000	479.0
4120000	470.0
4130000	471.0
4140000	469.0
4150000	472.0
4160000	467.0
4170000	468.0
4180000	469.0
4190000	470.0
4200000	461.0
4210000	469.0
4220000	467.0
4230000	475.0
4240000	471.0
4250000	475.0
4260000	461.0
4270000	470.0
4280000	474.0
4290000	466.0
4300000	465.0
4310000	472.0
4320000	472.0
4330000	468.0
4340000	470.0
4350000	472.0
4360000	471.0
4370000	472.0
4380000	467.0
4390000	475.0
4400000	472.0
4410000	472.0
4420000	473.0
4430000	475.0
4440000	472.0
4450000	471.0
4460000	467.0
4470000	475.0
4480000	470.0
4490000	468.0
4500000	473.0
4510000	473.0
4520000	468.0
4530000	477.0
4540000	471.0
4550000	460.0
4560000	470.0
4570000	475.0
4580000	465.0
4590000	468.0
4600000	475.0
4610000	465.0
4620000	470.0
4630000	463.0
4640000	465.0
4650000	484.0
4660000	468.0
4670000	450.0
4680000	471.0
4690000	469.0
4700000	476.0
4710000	475.0
4720000	477.0
4730000	473.0
4740000	466.0
4750000	471.0
4760000	431.0
4770000	474.0
4780000	469.0
4790000	479.0
4800000	468.0
4810000	473.0
4820000	470.0
4830000	476.0
4840000	476.0
4850000	475.0
4860000	469.0
4870000	469.0
4880000	473.0
4890000	474.0
4900000	475.0
4910000	472.0
4920000	470.0
4930000	477.0
4940000	479.0
4950000	468.0
4960000	473.0
4970000	474.0
4980000	470.0
4990000	471.0
5000000	472.0
