10000	-23.0
20000	-15.0
30000	-7.0
40000	-10.0
50000	-12.0
60000	-11.0
70000	-11.0
80000	-9.0
90000	-2.0
100000	-13.0
110000	-13.0
120000	-6.0
130000	-4.0
140000	-12.0
150000	-16.0
160000	-18.0
170000	-25.0
180000	-9.0
190000	-10.0
200000	-16.0
210000	-8.0
220000	0.0
230000	-6.0
240000	0.0
250000	-1.0
260000	-5.0
270000	-14.0
280000	-14.0
290000	-12.0
300000	-8.0
310000	-9.0
320000	-14.0
330000	-15.0
340000	-11.0
350000	-38.0
360000	-30.0
370000	-39.0
380000	-34.0
390000	-48.0
400000	-45.0
410000	-20.0
420000	-22.0
430000	-24.0
440000	-15.0
450000	-9.0
460000	-2.0
470000	-7.0
480000	-2.0
490000	7.0
500000	4.0
510000	45.0
520000	141.0
530000	43.0
540000	79.0
550000	47.0
560000	73.0
570000	50.0
580000	84.0
590000	167.0
600000	256.0
610000	303.0
620000	449.0
630000	447.0
640000	360.0
650000	467.0
660000	468.0
670000	466.0
680000	466.0
690000	468.0
700000	469.0
710000	468.0
720000	476.0
730000	463.0
740000	474.0
750000	464.0
760000	460.0
770000	450.0
780000	468.0
790000	441.0
800000	459.0
810000	468.0
820000	475.0
830000	465.0
840000	470.0
850000	470.0
860000	464.0
870000	461.0
880000	461.0
890000	469.0
900000	452.0
910000	463.0
920000	399.0
930000	459.0
940000	446.0
950000	450.0
960000	465.0
970000	460.0
980000	460.0
990000	477.0
1000000	465.0
1010000	460.0
1020000	470.0
1030000	455.0
1040000	462.0
1050000	473.0
1060000	466.0
1070000	475.0
1080000	471.0
1090000	458.0
1100000	472.0
1110000	467.0
1120000	470.0
1130000	473.0
1140000	478.0
1150000	468.0
1160000	471.0
1170000	470.0
1180000	471.0
1190000	468.0
1200000	448.0
1210000	468.0
1220000	469.0
1230000	469.0
1240000	459.0
1250000	461.0
1260000	466.0
1270000	467.0
1280000	467.0
1290000	463.0
1300000	481.0
1310000	463.0
1320000	465.0
1330000	450.0
1340000	460.0
1350000	472.0
1360000	459.0
1370000	469.0
1380000	469.0
1390000	469.0
1400000	470.0
1410000	469.0
1420000	472.0
1430000	452.0
1440000	461.0
1450000	477.0
1460000	466.0
1470000	469.0
1480000	462.0
1490000	471.0
1500000	474.0
1510000	472.0
1520000	460.0
1530000	456.0
1540000	463.0
1550000	461.0
1560000	468.0
1570000	465.0
1580000	470.0
1590000	462.0
1600000	473.0
1610000	458.0
1620000	467.0
1630000	458.0
1640000	477.0
1650000	450.0
1660000	470.0
1670000	472.0
1680000	470.0
1690000	471.0
1700000	467.0
1710000	468.0
1720000	470.0
1730000	467.0
1740000	468.0
1750000	465.0
1760000	472.0
1770000	464.0
1780000	470.0
1790000	471.0
1800000	474.0
1810000	472.0
1820000	473.0
1830000	463.0
1840000	473.0
1850000	460.0
1860000	469.0
1870000	412.0
1880000	460.0
1890000	470.0
1900000	466.0
1910000	461.0
1920000	477.0
1930000	458.0
1940000	460.0
1950000	473.0
1960000	478.0
1970000	478.0
1980000	456.0
1990000	467.0
2000000	465.0
2010000	472.0
2020000	472.0
2030000	463.0
2040000	467.0
2050000	472.0
2060000	478.0
2070000	466.0
2080000	470.0
2090000	456.0
2100000	479.0
2110000	472.0
2120000	477.0
2130000	469.0
2140000	472.0
2150000	472.0
2160000	465.0
2170000	471.0
2180000	465.0
2190000	470.0
2200000	475.0
2210000	460.0
2220000	466.0
2230000	464.0
2240000	459.0
2250000	471.0
2260000	475.0
2270000	470.0
2280000	476.0
2290000	467.0
2300000	474.0
2310000	480.0
2320000	462.0
2330000	465.0
2340000	466.0
2350000	461.0
2360000	469.0
2370000	457.0
2380000	446.0
2390000	471.0
2400000	462.0
2410000	470.0
2420000	463.0
2430000	470.0
2440000	473.0
2450000	467.0
2460000	472.0
2470000	466.0
2480000	467.0
2490000	479.0
2500000	467.0
2510000	468.0
2520000	468.0
2530000	475.0
2540000	473.0
2550000	466.0
2560000	468.0
2570000	453.0
2580000	470.0
2590000	467.0
2600000	478.0
2610000	477.0
2620000	472.0
2630000	464.0
2640000	474.0
2650000	464.0
2660000	467.0
2670000	464.0
2680000	463.0
2690000	471.0
2700000	465.0
2710000	480.0
2720000	476.0
2730000	459.0
2740000	474.0
2750000	476.0
2760000	479.0
2770000	346.0
2780000	476.0
2790000	475.0
2800000	452.0
2810000	466.0
2820000	467.0
2830000	465.0
2840000	467.0
2850000	473.0
2860000	452.0
2870000	464.0
2880000	471.0
2890000	472.0
2900000	460.0
2910000	479.0
2920000	462.0
2930000	470.0
2940000	476.0
2950000	466.0
2960000	461.0
2970000	466.0
2980000	467.0
2990000	466.0
3000000	480.0
3010000	470.0
3020000	471.0
3030000	476.0
3040000	479.0
3050000	464.0
3060000	484.0
3070000	470.0
3080000	477.0
3090000	474.0
3100000	468.0
3110000	480.0
3120000	467.0
3130000	474.0
3140000	461.0
3150000	479.0
3160000	468.0
3170000	459.0
3180000	465.0
3190000	469.0
3200000	466.0
3210000	467.0
3220000	460.0
3230000	464.0
3240000	467.0
3250000	462.0
3260000	456.0
3270000	454.0
3280000	469.0
3290000	471.0
3300000	468.0
3310000	477.0
3320000	462.0
3330000	468.0
3340000	470.0
3350000	461.0
3360000	471.0
3370000	477.0
3380000	466.0
3390000	469.0
3400000	458.0
3410000	474.0
3420000	467.0
3430000	468.0
3440000	460.0
3450000	468.0
3460000	467.0
3470000	475.0
3480000	471.0
3490000	454.0
3500000	466.0
3510000	460.0
3520000	467.0
3530000	459.0
3540000	470.0
3550000	468.0
3560000	279.0
3570000	465.0
3580000	466.0
3590000	459.0
3600000	459.0
3610000	457.0
3620000	466.0
3630000	463.0
3640000	468.0
3650000	465.0
3660000	463.0
3670000	464.0
3680000	476.0
3690000	463.0
3700000	454.0
3710000	432.0
3720000	440.0
3730000	473.0
3740000	469.0
3750000	464.0
3760000	467.0
3770000	463.0
3780000	467.0
3790000	470.0
3800000	466.0
3810000	472.0
3820000	457.0
3830000	464.0
3840000	473.0
3850000	466.0
3860000	474.0
3870000	464.0
3880000	469.0
3890000	467.0
3900000	467.0
3910000	463.0
3920000	465.0
3930000	467.0
3940000	465.0
3950000	466.0
3960000	465.0
3970000	468.0
3980000	476.0
3990000	470.0
4000000	454.0
4010000	470.0
4020000	464.0
4030000	469.0
4040000	474.0
4050000	469.0
4060000	470.0
4070000	462.0
4080000	478.0
4090000	474.0
4100000	456.0
4110000	469.0
4120000	471.0
4130000	471.0
4140000	466.0
4150000	466.0
4160000	469.0
4170000	469.0
4180000	472.0
4190000	457.0
4200000	478.0
4210000	476.0
4220000	475.0
4230000	462.0
4240000	471.0
4250000	481.0
4260000	467.0
4270000	464.0
4280000	479.0
4290000	484.0
4300000	474.0
4310000	462.0
4320000	472.0
4330000	473.0
4340000	466.0
4350000	474.0
4360000	468.0
4370000	476.0
4380000	464.0
4390000	479.0
4400000	468.0
4410000	471.0
4420000	471.0
4430000	471.0
4440000	466.0
4450000	465.0
4460000	464.0
4470000	470.0
4480000	468.0
4490000	467.0
4500000	472.0
4510000	476.0
4520000	465.0
4530000	470.0
4540000	468.0
4550000	474.0
4560000	465.0
4570000	476.0
4580000	469.0
4590000	475.0
4600000	473.0
4610000	462.0
4620000	478.0
4630000	469.0
4640000	451.0
4650000	458.0
4660000	464.0
4670000	468.0
4680000	463.0
4690000	470.0
4700000	473.0
4710000	471.0
4720000	471.0
4730000	465.0
4740000	476.0
4750000	456.0
4760000	471.0
4770000	463.0
4780000	468.0
4790000	473.0
4800000	464.0
4810000	468.0
4820000	476.0
4830000	457.0
4840000	457.0
4850000	465.0
4860000	476.0
4870000	467.0
4880000	465.0
4890000	463.0
4900000	459.0
4910000	474.0
4920000	459.0
4930000	472.0
4940000	469.0
4950000	464.0
4960000	463.0
4970000	472.0
4980000	469.0
4990000	476.0
5000000	470.0
