10000	-20.0
20000	-14.0
30000	-12.0
40000	-14.0
50000	-9.0
60000	-1.0
70000	-14.0
80000	-9.0
90000	-10.0
100000	-4.0
110000	-20.0
120000	-16.0
130000	-3.0
140000	-7.0
150000	-11.0
160000	-8.0
170000	-3.0
180000	-13.0
190000	-18.0
200000	-12.0
210000	-18.0
220000	-13.0
230000	-13.0
240000	-8.0
250000	-6.0
260000	-13.0
270000	-18.0
280000	-38.0
290000	-19.0
300000	-38.0
310000	-32.0
320000	-37.0
330000	-32.0
340000	-44.0
350000	-29.0
360000	-24.0
370000	-29.0
380000	-3.0
390000	-2.0
400000	-3.0
410000	-3.0
420000	-9.0
430000	-1.0
440000	-16.0
450000	-19.0
460000	7.0
470000	0.0
480000	-7.0
490000	-21.0
500000	26.0
510000	59.0
520000	28.0
530000	131.0
540000	148.0
550000	457.0
560000	455.0
570000	463.0
580000	470.0
590000	465.0
600000	463.0
610000	475.0
620000	461.0
630000	469.0
640000	475.0
650000	462.0
660000	473.0
670000	475.0
680000	461.0
690000	461.0
700000	476.0
710000	463.0
720000	448.0
730000	459.0
740000	465.0
750000	470.0
760000	460.0
770000	471.0
780000	472.0
790000	473.0
800000	473.0
810000	466.0
820000	468.0
830000	472.0
840000	441.0
850000	466.0
860000	472.0
870000	478.0
880000	473.0
890000	467.0
900000	468.0
910000	466.0
920000	468.0
930000	475.0
940000	469.0
950000	475.0
960000	480.0
970000	477.0
980000	469.0
990000	477.0
1000000	461.0
1010000	301.0
1020000	470.0
1030000	459.0
1040000	472.0
1050000	461.0
1060000	471.0
1070000	469.0
1080000	442.0
1090000	466.0
1100000	476.0
1110000	472.0
1120000	470.0
1130000	464.0
1140000	457.0
1150000	478.0
1160000	463.0
1170000	477.0
1180000	470.0
1190000	458.0
1200000	471.0
1210000	475.0
1220000	473.0
1230000	472.0
1240000	464.0
1250000	462.0
1260000	468.0
1270000	474.0
1280000	467.0
1290000	456.0
1300000	475.0
1310000	473.0
1320000	478.0
1330000	479.0
1340000	457.0
1350000	466.0
1360000	476.0
1370000	480.0
1380000	475.0
1390000	465.0
1400000	477.0
1410000	475.0
1420000	468.0
1430000	467.0
1440000	452.0
1450000	469.0
1460000	468.0
1470000	465.0
1480000	470.0
1490000	470.0
1500000	474.0
1510000	469.0
1520000	482.0
1530000	474.0
1540000	475.0
1550000	465.0
1560000	438.0
1570000	469.0
1580000	466.0
1590000	466.0
1600000	467.0
1610000	462.0
1620000	466.0
1630000	469.0
1640000	473.0
1650000	454.0
1660000	450.0
1670000	477.0
1680000	431.0
1690000	477.0
1700000	469.0
1710000	478.0
1720000	467.0
1730000	472.0
1740000	469.0
1750000	459.0
1760000	479.0
1770000	473.0
1780000	471.0
1790000	469.0
1800000	470.0
1810000	463.0
1820000	474.0
1830000	469.0
1840000	468.0
1850000	475.0
1860000	476.0
1870000	472.0
1880000	466.0
1890000	474.0
1900000	475.0
1910000	477.0
1920000	475.0
1930000	475.0
1940000	474.0
1950000	468.0
1960000	468.0
1970000	481.0
1980000	469.0
1990000	474.0
2000000	471.0
2010000	472.0
2020000	469.0
2030000	473.0
2040000	476.0
2050000	471.0
2060000	462.0
2070000	467.0
2080000	406.0
2090000	479.0
2100000	461.0
2110000	478.0
2120000	468.0
2130000	470.0
2140000	474.0
2150000	472.0
2160000	472.0
2170000	474.0
2180000	462.0
2190000	467.0
2200000	480.0
2210000	479.0
2220000	476.0
2230000	470.0
2240000	462.0
2250000	471.0
2260000	467.0
2270000	457.0
2280000	464.0
2290000	471.0
2300000	464.0
2310000	472.0
2320000	469.0
2330000	454.0
2340000	467.0
2350000	468.0
2360000	476.0
2370000	408.0
2380000	467.0
2390000	480.0
2400000	478.0
2410000	472.0
2420000	468.0
2430000	471.0
2440000	479.0
2450000	441.0
2460000	467.0
2470000	458.0
2480000	468.0
2490000	453.0
2500000	481.0
2510000	471.0
2520000	471.0
2530000	473.0
2540000	478.0
2550000	471.0
2560000	472.0
2570000	455.0
2580000	472.0
2590000	472.0
2600000	466.0
2610000	480.0
2620000	474.0
2630000	479.0
2640000	474.0
2650000	468.0
2660000	475.0
2670000	478.0
2680000	474.0
2690000	469.0
2700000	476.0
2710000	471.0
2720000	460.0
2730000	467.0
2740000	482.0
2750000	469.0
2760000	473.0
2770000	470.0
2780000	477.0
2790000	467.0
2800000	462.0
2810000	474.0
2820000	462.0
2830000	469.0
2840000	473.0
2850000	479.0
2860000	472.0
2870000	461.0
2880000	478.0
2890000	470.0
2900000	474.0
2910000	473.0
2920000	476.0
2930000	469.0
2940000	471.0
2950000	469.0
2960000	467.0
2970000	466.0
2980000	474.0
2990000	468.0
3000000	473.0
3010000	454.0
3020000	477.0
3030000	473.0
3040000	471.0
3050000	458.0
3060000	467.0
3070000	467.0
3080000	478.0
3090000	462.0
3100000	479.0
3110000	477.0
3120000	464.0
3130000	487.0
3140000	473.0
3150000	449.0
3160000	462.0
3170000	470.0
3180000	466.0
3190000	461.0
3200000	460.0
3210000	474.0
3220000	475.0
3230000	470.0
3240000	476.0
3250000	473.0
3260000	472.0
3270000	474.0
3280000	463.0
3290000	486.0
3300000	469.0
3310000	464.0
3320000	447.0
3330000	474.0
3340000	477.0
3350000	474.0
3360000	473.0
3370000	466.0
3380000	467.0
3390000	471.0
3400000	472.0
3410000	475.0
3420000	467.0
3430000	451.0
3440000	475.0
3450000	481.0
3460000	465.0
3470000	471.0
3480000	463.0
3490000	469.0
3500000	478.0
3510000	474.0
3520000	474.0
3530000	466.0
3540000	476.0
3550000	465.0
3560000	464.0
3570000	460.0
3580000	475.0
3590000	464.0
3600000	463.0
3610000	472.0
3620000	473.0
3630000	476.0
3640000	460.0
3650000	474.0
3660000	481.0
3670000	466.0
3680000	471.0
3690000	478.0
3700000	466.0
3710000	474.0
3720000	471.0
3730000	471.0
3740000	471.0
3750000	473.0
3760000	462.0
3770000	468.0
3780000	478.0
3790000	467.0
3800000	465.0
3810000	432.0
3820000	471.0
3830000	478.0
3840000	461.0
3850000	467.0
3860000	476.0
3870000	480.0
3880000	475.0
3890000	468.0
3900000	480.0
3910000	466.0
3920000	473.0
3930000	470.0
3940000	477.0
3950000	472.0
3960000	474.0
3970000	477.0
3980000	473.0
3990000	466.0
4000000	475.0
4010000	480.0
4020000	472.0
4030000	466.0
4040000	476.0
4050000	477.0
4060000	472.0
4070000	481.0
4080000	480.0
4090000	474.0
4100000	473.0
4110000	477.0
4120000	469.0
4130000	469.0
4140000	461.0
4150000	470.0
4160000	463.0
4170000	477.0
4180000	474.0
4190000	465.0
4200000	478.0
4210000	479.0
4220000	477.0
4230000	478.0
4240000	470.0
4250000	470.0
4260000	469.0
4270000	463.0
4280000	475.0
4290000	478.0
4300000	466.0
4310000	466.0
4320000	470.0
4330000	478.0
4340000	471.0
4350000	468.0
4360000	472.0
4370000	465.0
4380000	473.0
4390000	477.0
4400000	443.0
4410000	475.0
4420000	469.0
4430000	469.0
4440000	471.0
4450000	478.0
4460000	473.0
4470000	480.0
4480000	474.0
4490000	473.0
4500000	475.0
4510000	470.0
4520000	471.0
4530000	479.0
4540000	464.0
4550000	478.0
4560000	462.0
4570000	471.0
4580000	473.0
4590000	458.0
4600000	473.0
4610000	469.0
4620000	462.0
4630000	473.0
4640000	466.0
4650000	468.0
4660000	465.0
4670000	470.0
4680000	476.0
4690000	462.0
4700000	468.0
4710000	477.0
4720000	466.0
4730000	471.0
4740000	461.0
4750000	470.0
4760000	468.0
4770000	477.0
4780000	470.0
4790000	476.0
4800000	473.0
4810000	475.0
4820000	463.0
4830000	464.0
4840000	457.0
4850000	468.0
4860000	469.0
4870000	460.0
4880000	472.0
4890000	472.0
4900000	471.0
4910000	466.0
4920000	468.0
4930000	473.0
4940000	473.0
4950000	476.0
4960000	469.0
4970000	466.0
4980000	470.0
4990000	468.0
5000000	457.0
