10000	-18.0
20000	-17.0
30000	-15.0
40000	-8.0
50000	-12.0
60000	-5.0
70000	-14.0
80000	-21.0
90000	-16.0
100000	-10.0
110000	-24.0
120000	-13.0
130000	-33.0
140000	-11.0
150000	-6.0
160000	-10.0
170000	-12.0
180000	-17.0
190000	-8.0
200000	-17.0
210000	-8.0
220000	-14.0
230000	-15.0
240000	-17.0
250000	-8.0
260000	-12.0
270000	-7.0
280000	-14.0
290000	-28.0
300000	-35.0
310000	-21.0
320000	-30.0
330000	-34.0
340000	-38.0
350000	-16.0
360000	-40.0
370000	-31.0
380000	-27.0
390000	-17.0
400000	-23.0
410000	-33.0
420000	-21.0
430000	-21.0
440000	-10.0
450000	-1.0
460000	-4.0
470000	-18.0
480000	-20.0
490000	-18.0
500000	-17.0
510000	9.0
520000	-15.0
530000	36.0
540000	37.0
550000	45.0
560000	56.0
570000	53.0
580000	104.0
590000	165.0
600000	131.0
610000	287.0
620000	391.0
630000	465.0
640000	473.0
650000	469.0
660000	465.0
670000	463.0
680000	471.0
690000	466.0
700000	466.0
710000	473.0
720000	449.0
730000	463.0
740000	469.0
750000	476.0
760000	468.0
770000	470.0
780000	466.0
790000	469.0
800000	459.0
810000	467.0
820000	471.0
830000	466.0
840000	467.0
850000	467.0
860000	472.0
870000	468.0
880000	470.0
890000	475.0
900000	453.0
910000	464.0
920000	468.0
930000	465.0
940000	460.0
950000	473.0
960000	466.0
970000	469.0
980000	474.0
990000	471.0
1000000	472.0
1010000	460.0
1020000	465.0
1030000	465.0
1040000	464.0
1050000	461.0
1060000	469.0
1070000	477.0
1080000	471.0
1090000	471.0
1100000	459.0
1110000	472.0
1120000	470.0
1130000	474.0
1140000	473.0
1150000	467.0
1160000	448.0
1170000	455.0
1180000	470.0
1190000	472.0
1200000	466.0
1210000	470.0
1220000	474.0
1230000	465.0
1240000	471.0
1250000	470.0
1260000	465.0
1270000	464.0
1280000	458.0
1290000	468.0
1300000	468.0
1310000	460.0
1320000	465.0
1330000	464.0
1340000	472.0
1350000	473.0
1360000	471.0
1370000	468.0
1380000	464.0
1390000	453.0
1400000	468.0
1410000	460.0
1420000	463.0
1430000	460.0
1440000	471.0
1450000	477.0
1460000	457.0
1470000	467.0
1480000	475.0
1490000	464.0
1500000	475.0
1510000	472.0
1520000	473.0
1530000	466.0
1540000	471.0
1550000	461.0
1560000	464.0
1570000	467.0
1580000	468.0
1590000	462.0
1600000	468.0
1610000	468.0
1620000	476.0
1630000	463.0
1640000	462.0
1650000	465.0
1660000	477.0
1670000	474.0
1680000	461.0
1690000	475.0
1700000	476.0
1710000	467.0
1720000	462.0
1730000	462.0
1740000	474.0
1750000	473.0
1760000	474.0
1770000	462.0
1780000	474.0
1790000	453.0
1800000	468.0
1810000	462.0
1820000	452.0
1830000	466.0
1840000	466.0
1850000	424.0
1860000	465.0
1870000	450.0
1880000	461.0
1890000	453.0
1900000	295.0
1910000	472.0
1920000	464.0
1930000	466.0
1940000	469.0
1950000	468.0
1960000	464.0
1970000	468.0
1980000	466.0
1990000	465.0
2000000	477.0
2010000	460.0
2020000	481.0
2030000	471.0
2040000	463.0
2050000	466.0
2060000	467.0
2070000	458.0
2080000	477.0
2090000	471.0
2100000	459.0
2110000	476.0
2120000	481.0
2130000	468.0
2140000	463.0
2150000	469.0
2160000	470.0
2170000	473.0
2180000	471.0
2190000	460.0
2200000	464.0
2210000	469.0
2220000	467.0
2230000	466.0
2240000	476.0
2250000	471.0
2260000	472.0
2270000	467.0
2280000	474.0
2290000	472.0
2300000	471.0
2310000	477.0
2320000	461.0
2330000	461.0
2340000	461.0
2350000	460.0
2360000	471.0
2370000	465.0
2380000	467.0
2390000	468.0
2400000	462.0
2410000	462.0
2420000	467.0
2430000	459.0
2440000	468.0
2450000	471.0
2460000	477.0
2470000	467.0
2480000	472.0
2490000	471.0
2500000	449.0
2510000	468.0
2520000	463.0
2530000	456.0
2540000	465.0
2550000	463.0
2560000	467.0
2570000	470.0
2580000	478.0
2590000	472.0
2600000	466.0
2610000	473.0
2620000	468.0
2630000	443.0
2640000	468.0
2650000	461.0
2660000	465.0
2670000	470.0
2680000	467.0
2690000	472.0
2700000	470.0
2710000	467.0
2720000	480.0
2730000	476.0
2740000	473.0
2750000	468.0
2760000	471.0
2770000	469.0
2780000	475.0
2790000	475.0
2800000	470.0
2810000	465.0
2820000	471.0
2830000	466.0
2840000	467.0
2850000	482.0
2860000	473.0
2870000	462.0
2880000	464.0
2890000	468.0
2900000	474.0
2910000	476.0
2920000	465.0
2930000	465.0
2940000	468.0
2950000	473.0
2960000	479.0
2970000	470.0
2980000	455.0
2990000	463.0
3000000	473.0
3010000	469.0
3020000	479.0
3030000	469.0
3040000	470.0
3050000	467.0
3060000	463.0
3070000	467.0
3080000	478.0
3090000	463.0
3100000	467.0
3110000	470.0
3120000	462.0
3130000	471.0
3140000	470.0
3150000	463.0
3160000	473.0
3170000	462.0
3180000	468.0
3190000	470.0
3200000	456.0
3210000	472.0
3220000	475.0
3230000	464.0
3240000	466.0
3250000	460.0
3260000	449.0
3270000	464.0
3280000	467.0
3290000	465.0
3300000	463.0
3310000	468.0
3320000	477.0
3330000	469.0
3340000	472.0
3350000	470.0
3360000	475.0
3370000	471.0
3380000	476.0
3390000	473.0
3400000	459.0
3410000	476.0
3420000	472.0
3430000	468.0
3440000	473.0
3450000	476.0
3460000	477.0
3470000	466.0
3480000	470.0
3490000	476.0
3500000	470.0
3510000	469.0
3520000	478.0
3530000	471.0
3540000	472.0
3550000	472.0
3560000	474.0
3570000	471.0
3580000	473.0
3590000	464.0
3600000	463.0
3610000	481.0
3620000	463.0
3630000	460.0
3640000	462.0
3650000	465.0
3660000	473.0
3670000	456.0
3680000	461.0
3690000	416.0
3700000	469.0
3710000	464.0
3720000	473.0
3730000	477.0
3740000	464.0
3750000	469.0
3760000	469.0
3770000	466.0
3780000	471.0
3790000	465.0
3800000	465.0
3810000	471.0
3820000	474.0
3830000	457.0
3840000	479.0
3850000	467.0
3860000	473.0
3870000	482.0
3880000	466.0
3890000	460.0
3900000	464.0
3910000	465.0
3920000	462.0
3930000	470.0
3940000	470.0
3950000	460.0
3960000	451.0
3970000	471.0
3980000	469.0
3990000	470.0
4000000	473.0
4010000	453.0
4020000	472.0
4030000	471.0
4040000	477.0
4050000	470.0
4060000	472.0
4070000	464.0
4080000	478.0
4090000	469.0
4100000	451.0
4110000	473.0
4120000	476.0
4130000	471.0
4140000	466.0
4150000	468.0
4160000	470.0
4170000	468.0
4180000	463.0
4190000	467.0
4200000	469.0
4210000	468.0
4220000	460.0
4230000	465.0
4240000	459.0
4250000	469.0
4260000	461.0
4270000	463.0
4280000	471.0
4290000	457.0
4300000	465.0
4310000	461.0
4320000	471.0
4330000	469.0
4340000	463.0
4350000	474.0
4360000	471.0
4370000	474.0
4380000	471.0
4390000	465.0
4400000	464.0
4410000	474.0
4420000	462.0
4430000	466.0
4440000	473.0
4450000	472.0
4460000	464.0
4470000	459.0
4480000	467.0
4490000	465.0
4500000	469.0
4510000	454.0
4520000	447.0
4530000	470.0
4540000	476.0
4550000	461.0
4560000	473.0
4570000	470.0
4580000	464.0
4590000	467.0
4600000	462.0
4610000	454.0
4620000	467.0
4630000	469.0
4640000	472.0
4650000	474.0
4660000	469.0
4670000	468.0
4680000	474.0
4690000	472.0
4700000	467.0
4710000	479.0
4720000	466.0
4730000	471.0
4740000	470.0
4750000	470.0
4760000	465.0
4770000	462.0
4780000	458.0
4790000	472.0
4800000	469.0
4810000	477.0
4820000	458.0
4830000	470.0
4840000	474.0
4850000	453.0
4860000	458.0
4870000	462.0
4880000	476.0
4890000	468.0
4900000	467.0
4910000	480.0
4920000	468.0
4930000	475.0
4940000	470.0
4950000	466.0
4960000	472.0
4970000	471.0
4980000	469.0
4990000	467.0
5000000	474.0
