10000	-18.0
20000	-15.0
30000	-19.0
40000	-4.0
50000	-8.0
60000	-1.0
70000	-7.0
80000	-6.0
90000	-8.0
100000	-15.0
110000	-11.0
120000	-8.0
130000	-13.0
140000	-10.0
150000	-12.0
160000	-10.0
170000	-8.0
180000	-11.0
190000	-4.0
200000	-8.0
210000	-6.0
220000	-13.0
230000	-12.0
240000	-13.0
250000	-4.0
260000	-11.0
270000	-20.0
280000	-15.0
290000	-11.0
300000	-28.0
310000	-40.0
320000	-40.0
330000	-42.0
340000	-33.0
350000	-34.0
360000	-25.0
370000	-7.0
380000	-11.0
390000	-11.0
400000	-13.0
410000	-4.0
420000	-16.0
430000	0.0
440000	-23.0
450000	-15.0
460000	-26.0
470000	-17.0
480000	-26.0
490000	-12.0
500000	-29.0
510000	-17.0
520000	-25.0
530000	-16.0
540000	-22.0
550000	-3.0
560000	-6.0
570000	-3.0
580000	-4.0
590000	4.0
600000	-22.0
610000	-14.0
620000	-16.0
630000	-5.0
640000	-4.0
650000	-5.0
660000	-26.0
670000	-37.0
680000	-11.0
690000	-32.0
700000	-42.0
710000	-44.0
720000	-26.0
730000	-42.0
740000	-30.0
750000	-56.0
760000	-34.0
770000	-40.0
780000	-27.0
790000	-4.0
800000	-10.0
810000	-6.0
820000	17.0
830000	70.0
840000	106.0
850000	82.0
860000	313.0
870000	434.0
880000	456.0
890000	455.0
900000	467.0
910000	455.0
920000	475.0
930000	460.0
940000	464.0
950000	463.0
960000	458.0
970000	468.0
980000	463.0
990000	477.0
1000000	457.0
1010000	444.0
1020000	456.0
1030000	453.0
1040000	453.0
1050000	412.0
1060000	402.0
1070000	468.0
1080000	467.0
1090000	470.0
1100000	474.0
1110000	446.0
1120000	466.0
1130000	474.0
1140000	463.0
1150000	469.0
1160000	468.0
1170000	464.0
1180000	469.0
1190000	469.0
1200000	465.0
1210000	455.0
1220000	476.0
1230000	472.0
1240000	467.0
1250000	467.0
1260000	477.0
1270000	475.0
1280000	474.0
1290000	462.0
1300000	463.0
1310000	478.0
1320000	475.0
1330000	467.0
1340000	465.0
1350000	470.0
1360000	476.0
1370000	470.0
1380000	470.0
1390000	465.0
1400000	476.0
1410000	460.0
1420000	472.0
1430000	459.0
1440000	465.0
1450000	483.0
1460000	466.0
1470000	461.0
1480000	465.0
1490000	472.0
1500000	469.0
1510000	469.0
1520000	445.0
1530000	476.0
1540000	475.0
1550000	470.0
1560000	466.0
1570000	462.0
1580000	474.0
1590000	477.0
1600000	467.0
1610000	459.0
1620000	475.0
1630000	470.0
1640000	464.0
1650000	472.0
1660000	473.0
1670000	476.0
1680000	460.0
1690000	466.0
1700000	463.0
1710000	472.0
1720000	454.0
1730000	472.0
1740000	475.0
1750000	468.0
1760000	464.0
1770000	471.0
1780000	471.0
1790000	470.0
1800000	466.0
1810000	464.0
1820000	465.0
1830000	479.0
1840000	474.0
1850000	475.0
1860000	477.0
1870000	461.0
1880000	472.0
1890000	466.0
1900000	477.0
1910000	470.0
1920000	476.0
1930000	452.0
1940000	474.0
1950000	476.0
1960000	470.0
1970000	469.0
1980000	469.0
1990000	471.0
2000000	478.0
2010000	461.0
2020000	478.0
2030000	472.0
2040000	444.0
2050000	476.0
2060000	468.0
2070000	467.0
2080000	469.0
2090000	475.0
2100000	479.0
2110000	476.0
2120000	469.0
2130000	469.0
2140000	463.0
2150000	471.0
2160000	469.0
2170000	473.0
2180000	475.0
2190000	473.0
2200000	480.0
2210000	471.0
2220000	457.0
2230000	465.0
2240000	472.0
2250000	468.0
2260000	476.0
2270000	446.0
2280000	466.0
2290000	460.0
2300000	464.0
2310000	468.0
2320000	478.0
2330000	468.0
2340000	470.0
2350000	474.0
2360000	470.0
2370000	473.0
2380000	472.0
2390000	469.0
2400000	470.0
2410000	476.0
2420000	470.0
2430000	442.0
2440000	469.0
2450000	471.0
2460000	481.0
2470000	469.0
2480000	477.0
2490000	473.0
2500000	474.0
2510000	473.0
2520000	466.0
2530000	472.0
2540000	465.0
2550000	473.0
2560000	467.0
2570000	472.0
2580000	469.0
2590000	465.0
2600000	473.0
2610000	470.0
2620000	477.0
2630000	459.0
2640000	466.0
2650000	473.0
2660000	481.0
2670000	467.0
2680000	460.0
2690000	479.0
2700000	474.0
2710000	466.0
2720000	469.0
2730000	468.0
2740000	473.0
2750000	460.0
2760000	471.0
2770000	460.0
2780000	466.0
2790000	464.0
2800000	472.0
2810000	473.0
2820000	472.0
2830000	469.0
2840000	448.0
2850000	477.0
2860000	465.0
2870000	473.0
2880000	461.0
2890000	477.0
2900000	477.0
2910000	471.0
2920000	474.0
2930000	469.0
2940000	464.0
2950000	462.0
2960000	471.0
2970000	472.0
2980000	469.0
2990000	478.0
3000000	477.0
3010000	472.0
3020000	472.0
3030000	463.0
3040000	464.0
3050000	463.0
3060000	472.0
3070000	448.0
3080000	466.0
3090000	479.0
3100000	480.0
3110000	476.0
3120000	484.0
3130000	476.0
3140000	442.0
3150000	469.0
3160000	475.0
3170000	475.0
3180000	473.0
3190000	473.0
3200000	482.0
3210000	475.0
3220000	475.0
3230000	470.0
3240000	471.0
3250000	476.0
3260000	482.0
3270000	458.0
3280000	472.0
3290000	471.0
3300000	477.0
3310000	473.0
3320000	476.0
3330000	475.0
3340000	471.0
3350000	474.0
3360000	479.0
3370000	481.0
3380000	472.0
3390000	453.0
3400000	472.0
3410000	475.0
3420000	469.0
3430000	474.0
3440000	469.0
3450000	461.0
3460000	477.0
3470000	478.0
3480000	465.0
3490000	467.0
3500000	459.0
3510000	469.0
3520000	470.0
3530000	474.0
3540000	468.0
3550000	482.0
3560000	477.0
3570000	464.0
3580000	466.0
3590000	480.0
3600000	466.0
3610000	474.0
3620000	475.0
3630000	465.0
3640000	477.0
3650000	479.0
3660000	455.0
3670000	469.0
3680000	471.0
3690000	469.0
3700000	470.0
3710000	465.0
3720000	477.0
3730000	473.0
3740000	463.0
3750000	472.0
3760000	476.0
3770000	477.0
3780000	477.0
3790000	467.0
3800000	467.0
3810000	479.0
3820000	478.0
3830000	475.0
3840000	478.0
3850000	469.0
3860000	468.0
3870000	465.0
3880000	479.0
3890000	474.0
3900000	468.0
3910000	474.0
3920000	466.0
3930000	458.0
3940000	459.0
3950000	467.0
3960000	472.0
3970000	472.0
3980000	472.0
3990000	454.0
4000000	465.0
4010000	470.0
4020000	470.0
4030000	390.0
4040000	389.0
4050000	472.0
4060000	456.0
4070000	466.0
4080000	451.0
4090000	468.0
4100000	478.0
4110000	473.0
4120000	471.0
4130000	475.0
4140000	473.0
4150000	471.0
4160000	468.0
4170000	472.0
4180000	474.0
4190000	471.0
4200000	471.0
4210000	471.0
4220000	475.0
4230000	476.0
4240000	472.0
4250000	474.0
4260000	467.0
4270000	471.0
4280000	466.0
4290000	470.0
4300000	467.0
4310000	471.0
4320000	464.0
4330000	479.0
4340000	474.0
4350000	474.0
4360000	474.0
4370000	460.0
4380000	472.0
4390000	469.0
4400000	474.0
4410000	467.0
4420000	472.0
4430000	473.0
4440000	477.0
4450000	464.0
4460000	474.0
4470000	473.0
4480000	464.0
4490000	470.0
4500000	480.0
4510000	474.0
4520000	473.0
4530000	473.0
4540000	473.0
4550000	478.0
4560000	472.0
4570000	479.0
4580000	468.0
4590000	470.0
4600000	464.0
4610000	474.0
4620000	474.0
4630000	475.0
4640000	469.0
4650000	469.0
4660000	465.0
4670000	469.0
4680000	475.0
4690000	470.0
4700000	468.0
4710000	465.0
4720000	470.0
4730000	455.0
4740000	455.0
4750000	470.0
4760000	472.0
4770000	472.0
4780000	477.0
4790000	472.0
4800000	464.0
4810000	456.0
4820000	467.0
4830000	471.0
4840000	468.0
4850000	479.0
4860000	471.0
4870000	476.0
4880000	467.0
4890000	468.0
4900000	478.0
4910000	467.0
4920000	467.0
4930000	465.0
4940000	472.0
4950000	470.0
4960000	478.0
4970000	472.0
4980000	474.0
4990000	475.0
5000000	473.0
