10000	-11.0
20000	-6.0
30000	-6.0
40000	-3.0
50000	-11.0
60000	-12.0
70000	-14.0
80000	-5.0
90000	-12.0
100000	-10.0
110000	-7.0
120000	-11.0
130000	-14.0
140000	-6.0
150000	-18.0
160000	-1.0
170000	-20.0
180000	-14.0
190000	-4.0
200000	-14.0
210000	-4.0
220000	-13.0
230000	-11.0
240000	-3.0
250000	-13.0
260000	-13.0
270000	-18.0
280000	-10.0
290000	-4.0
300000	-25.0
310000	-21.0
320000	-23.0
330000	-29.0
340000	-28.0
350000	-17.0
360000	-34.0
370000	-35.0
380000	-23.0
390000	-22.0
400000	-29.0
410000	-36.0
420000	-32.0
430000	-38.0
440000	-48.0
450000	-38.0
460000	-33.0
470000	-45.0
480000	-23.0
490000	-26.0
500000	-25.0
510000	-29.0
520000	-11.0
530000	-7.0
540000	-4.0
550000	-3.0
560000	-8.0
570000	-4.0
580000	-14.0
590000	-41.0
600000	-21.0
610000	-6.0
620000	-12.0
630000	13.0
640000	8.0
650000	14.0
660000	12.0
670000	26.0
680000	45.0
690000	3.0
700000	26.0
710000	85.0
720000	70.0
730000	36.0
740000	102.0
750000	59.0
760000	126.0
770000	130.0
780000	142.0
790000	243.0
800000	161.0
810000	112.0
820000	141.0
830000	122.0
840000	143.0
850000	97.0
860000	66.0
870000	67.0
880000	105.0
890000	113.0
900000	79.0
910000	66.0
920000	52.0
930000	148.0
940000	239.0
950000	322.0
960000	294.0
970000	286.0
980000	215.0
990000	125.0
1000000	114.0
1010000	232.0
1020000	65.0
1030000	94.0
1040000	63.0
1050000	13.0
1060000	84.0
1070000	104.0
1080000	82.0
1090000	111.0
1100000	84.0
1110000	64.0
1120000	76.0
1130000	169.0
1140000	71.0
1150000	58.0
1160000	-10.0
1170000	-11.0
1180000	-13.0
1190000	-21.0
1200000	-3.0
1210000	-2.0
1220000	-7.0
1230000	-7.0
1240000	-17.0
1250000	-23.0
1260000	-24.0
1270000	-39.0
1280000	-39.0
1290000	-24.0
1300000	-31.0
1310000	-28.0
1320000	-36.0
1330000	-31.0
1340000	-28.0
1350000	-27.0
1360000	-31.0
1370000	-48.0
1380000	-42.0
1390000	-33.0
1400000	-46.0
1410000	-35.0
1420000	-29.0
1430000	-35.0
1440000	-4.0
1450000	14.0
1460000	18.0
1470000	26.0
1480000	50.0
1490000	8.0
1500000	11.0
1510000	8.0
1520000	16.0
1530000	21.0
1540000	120.0
1550000	47.0
1560000	34.0
1570000	167.0
1580000	297.0
1590000	408.0
1600000	468.0
1610000	455.0
1620000	473.0
1630000	460.0
1640000	456.0
1650000	467.0
1660000	464.0
1670000	460.0
1680000	457.0
1690000	464.0
1700000	463.0
1710000	465.0
1720000	466.0
1730000	465.0
1740000	455.0
1750000	470.0
1760000	466.0
1770000	471.0
1780000	448.0
1790000	468.0
1800000	475.0
1810000	468.0
1820000	478.0
1830000	482.0
1840000	476.0
1850000	476.0
1860000	482.0
1870000	467.0
1880000	470.0
1890000	446.0
1900000	457.0
1910000	457.0
1920000	467.0
1930000	471.0
1940000	464.0
1950000	478.0
1960000	462.0
1970000	420.0
1980000	433.0
1990000	461.0
2000000	467.0
2010000	460.0
2020000	458.0
2030000	475.0
2040000	469.0
2050000	459.0
2060000	467.0
2070000	466.0
2080000	453.0
2090000	379.0
2100000	472.0
2110000	471.0
2120000	468.0
2130000	469.0
2140000	474.0
2150000	473.0
2160000	468.0
2170000	473.0
2180000	466.0
2190000	473.0
2200000	471.0
2210000	473.0
2220000	466.0
2230000	468.0
2240000	472.0
2250000	470.0
2260000	473.0
2270000	462.0
2280000	467.0
2290000	474.0
2300000	474.0
2310000	457.0
2320000	474.0
2330000	458.0
2340000	471.0
2350000	469.0
2360000	473.0
2370000	470.0
2380000	471.0
2390000	458.0
2400000	479.0
2410000	471.0
2420000	458.0
2430000	472.0
2440000	467.0
2450000	470.0
2460000	468.0
2470000	479.0
2480000	467.0
2490000	468.0
2500000	472.0
2510000	471.0
2520000	470.0
2530000	460.0
2540000	467.0
2550000	472.0
2560000	472.0
2570000	468.0
2580000	481.0
2590000	469.0
2600000	466.0
2610000	476.0
2620000	475.0
2630000	467.0
2640000	472.0
2650000	469.0
2660000	478.0
2670000	470.0
2680000	475.0
2690000	475.0
2700000	478.0
2710000	469.0
2720000	473.0
2730000	468.0
2740000	471.0
2750000	475.0
2760000	473.0
2770000	466.0
2780000	477.0
2790000	473.0
2800000	474.0
2810000	466.0
2820000	472.0
2830000	468.0
2840000	473.0
2850000	476.0
2860000	465.0
2870000	474.0
2880000	473.0
2890000	466.0
2900000	465.0
2910000	474.0
2920000	460.0
2930000	457.0
2940000	472.0
2950000	473.0
2960000	474.0
2970000	465.0
2980000	469.0
2990000	463.0
3000000	474.0
3010000	468.0
3020000	466.0
3030000	467.0
3040000	474.0
3050000	474.0
3060000	477.0
3070000	473.0
3080000	468.0
3090000	463.0
3100000	472.0
3110000	487.0
3120000	473.0
3130000	479.0
3140000	474.0
3150000	469.0
3160000	468.0
3170000	474.0
3180000	466.0
3190000	449.0
3200000	460.0
3210000	467.0
3220000	474.0
3230000	474.0
3240000	458.0
3250000	471.0
3260000	463.0
3270000	474.0
3280000	475.0
3290000	466.0
3300000	466.0
3310000	471.0
3320000	454.0
3330000	469.0
3340000	462.0
3350000	473.0
3360000	468.0
3370000	460.0
3380000	468.0
3390000	469.0
3400000	455.0
3410000	468.0
3420000	468.0
3430000	454.0
3440000	469.0
3450000	475.0
3460000	456.0
3470000	454.0
3480000	466.0
3490000	477.0
3500000	474.0
3510000	481.0
3520000	473.0
3530000	467.0
3540000	474.0
3550000	470.0
3560000	471.0
3570000	466.0
3580000	474.0
3590000	448.0
3600000	467.0
3610000	466.0
3620000	476.0
3630000	469.0
3640000	469.0
3650000	477.0
3660000	462.0
3670000	468.0
3680000	467.0
3690000	472.0
3700000	473.0
3710000	473.0
3720000	475.0
3730000	472.0
3740000	480.0
3750000	476.0
3760000	475.0
3770000	473.0
3780000	472.0
3790000	466.0
3800000	470.0
3810000	475.0
3820000	458.0
3830000	470.0
3840000	472.0
3850000	472.0
3860000	474.0
3870000	470.0
3880000	474.0
3890000	477.0
3900000	474.0
3910000	472.0
3920000	465.0
3930000	470.0
3940000	476.0
3950000	472.0
3960000	478.0
3970000	460.0
3980000	472.0
3990000	466.0
4000000	475.0
4010000	473.0
4020000	464.0
4030000	477.0
4040000	480.0
4050000	480.0
4060000	477.0
4070000	474.0
4080000	473.0
4090000	467.0
4100000	469.0
4110000	471.0
4120000	456.0
4130000	473.0
4140000	478.0
4150000	468.0
4160000	475.0
4170000	466.0
4180000	465.0
4190000	474.0
4200000	465.0
4210000	465.0
4220000	474.0
4230000	473.0
4240000	478.0
4250000	479.0
4260000	475.0
4270000	479.0
4280000	473.0
4290000	462.0
4300000	473.0
4310000	477.0
4320000	462.0
4330000	470.0
4340000	466.0
4350000	475.0
4360000	466.0
4370000	474.0
4380000	467.0
4390000	482.0
4400000	481.0
4410000	451.0
4420000	482.0
4430000	470.0
4440000	472.0
4450000	477.0
4460000	471.0
4470000	474.0
4480000	478.0
4490000	475.0
4500000	474.0
4510000	469.0
4520000	480.0
4530000	469.0
4540000	469.0
4550000	459.0
4560000	477.0
4570000	463.0
4580000	466.0
4590000	475.0
4600000	471.0
4610000	470.0
4620000	474.0
4630000	471.0
4640000	474.0
4650000	466.0
4660000	461.0
4670000	480.0
4680000	470.0
4690000	471.0
4700000	473.0
4710000	464.0
4720000	473.0
4730000	462.0
4740000	462.0
4750000	478.0
4760000	472.0
4770000	471.0
4780000	475.0
4790000	463.0
4800000	475.0
4810000	478.0
4820000	472.0
4830000	466.0
4840000	469.0
4850000	474.0
4860000	482.0
4870000	476.0
4880000	480.0
4890000	469.0
4900000	472.0
4910000	462.0
4920000	467.0
4930000	468.0
4940000	465.0
4950000	466.0
4960000	480.0
4970000	467.0
4980000	474.0
4990000	460.0
5000000	475.0
