10000	-11.0
20000	-14.0
30000	-10.0
40000	-8.0
50000	-7.0
60000	-17.0
70000	-5.0
80000	-10.0
90000	-5.0
100000	-12.0
110000	-8.0
120000	-14.0
130000	-17.0
140000	-12.0
150000	-14.0
160000	-13.0
170000	-2.0
180000	-12.0
190000	-16.0
200000	-9.0
210000	-10.0
220000	-15.0
230000	-7.0
240000	-4.0
250000	-8.0
260000	-13.0
270000	-7.0
280000	-7.0
290000	-8.0
300000	-17.0
310000	-4.0
320000	-8.0
330000	-7.0
340000	-13.0
350000	-13.0
360000	-12.0
370000	-7.0
380000	-20.0
390000	-9.0
400000	-13.0
410000	-10.0
420000	-8.0
430000	-1.0
440000	-14.0
450000	-24.0
460000	-19.0
470000	-42.0
480000	-27.0
490000	-34.0
500000	-45.0
510000	-50.0
520000	-60.0
530000	-12.0
540000	-16.0
550000	-12.0
560000	2.0
570000	-15.0
580000	-6.0
590000	-2.0
600000	-4.0
610000	-22.0
620000	13.0
630000	21.0
640000	21.0
650000	52.0
660000	232.0
670000	293.0
680000	444.0
690000	441.0
700000	470.0
710000	464.0
720000	473.0
730000	462.0
740000	466.0
750000	476.0
760000	454.0
770000	456.0
780000	470.0
790000	466.0
800000	472.0
810000	477.0
820000	462.0
830000	467.0
840000	472.0
850000	453.0
860000	473.0
870000	433.0
880000	469.0
890000	462.0
900000	464.0
910000	456.0
920000	460.0
930000	474.0
940000	463.0
950000	452.0
960000	466.0
970000	462.0
980000	472.0
990000	467.0
1000000	467.0
1010000	470.0
1020000	474.0
1030000	471.0
1040000	465.0
1050000	442.0
1060000	463.0
1070000	467.0
1080000	466.0
1090000	466.0
1100000	465.0
1110000	453.0
1120000	463.0
1130000	459.0
1140000	470.0
1150000	470.0
1160000	475.0
1170000	464.0
1180000	467.0
1190000	466.0
1200000	461.0
1210000	461.0
1220000	455.0
1230000	468.0
1240000	466.0
1250000	469.0
1260000	472.0
1270000	468.0
1280000	462.0
1290000	477.0
1300000	474.0
1310000	474.0
1320000	470.0
1330000	460.0
1340000	470.0
1350000	468.0
1360000	461.0
1370000	467.0
1380000	470.0
1390000	462.0
1400000	470.0
1410000	457.0
1420000	469.0
1430000	468.0
1440000	460.0
1450000	469.0
1460000	440.0
1470000	469.0
1480000	468.0
1490000	471.0
1500000	462.0
1510000	474.0
1520000	467.0
1530000	472.0
1540000	466.0
1550000	467.0
1560000	471.0
1570000	473.0
1580000	463.0
1590000	466.0
1600000	473.0
1610000	472.0
1620000	461.0
1630000	475.0
1640000	473.0
1650000	472.0
1660000	469.0
1670000	474.0
1680000	471.0
1690000	466.0
1700000	464.0
1710000	428.0
1720000	459.0
1730000	467.0
1740000	453.0
1750000	461.0
1760000	470.0
1770000	461.0
1780000	476.0
1790000	441.0
1800000	476.0
1810000	467.0
1820000	458.0
1830000	466.0
1840000	457.0
1850000	460.0
1860000	459.0
1870000	476.0
1880000	469.0
1890000	466.0
1900000	459.0
1910000	475.0
1920000	469.0
1930000	469.0
1940000	474.0
1950000	469.0
1960000	464.0
1970000	466.0
1980000	466.0
1990000	468.0
2000000	459.0
2010000	481.0
2020000	475.0
2030000	469.0
2040000	468.0
2050000	464.0
2060000	470.0
2070000	465.0
2080000	468.0
2090000	470.0
2100000	461.0
2110000	469.0
2120000	465.0
2130000	462.0
2140000	463.0
2150000	469.0
2160000	464.0
2170000	469.0
2180000	465.0
2190000	461.0
2200000	467.0
2210000	475.0
2220000	464.0
2230000	475.0
2240000	467.0
2250000	471.0
2260000	465.0
2270000	467.0
2280000	468.0
2290000	466.0
2300000	468.0
2310000	466.0
2320000	476.0
2330000	468.0
2340000	454.0
2350000	472.0
2360000	458.0
2370000	462.0
2380000	457.0
2390000	472.0
2400000	473.0
2410000	457.0
2420000	468.0
2430000	469.0
2440000	466.0
2450000	466.0
2460000	469.0
2470000	481.0
2480000	469.0
2490000	472.0
2500000	472.0
2510000	473.0
2520000	469.0
2530000	473.0
2540000	474.0
2550000	454.0
2560000	478.0
2570000	472.0
2580000	470.0
2590000	472.0
2600000	465.0
2610000	475.0
2620000	472.0
2630000	474.0
2640000	456.0
2650000	469.0
2660000	457.0
2670000	473.0
2680000	466.0
2690000	478.0
2700000	461.0
2710000	473.0
2720000	471.0
2730000	468.0
2740000	464.0
2750000	461.0
2760000	461.0
2770000	467.0
2780000	460.0
2790000	457.0
2800000	463.0
2810000	470.0
2820000	469.0
2830000	454.0
2840000	467.0
2850000	477.0
2860000	463.0
2870000	475.0
2880000	470.0
2890000	472.0
2900000	465.0
2910000	466.0
2920000	475.0
2930000	468.0
2940000	464.0
2950000	468.0
2960000	478.0
2970000	469.0
2980000	460.0
2990000	464.0
3000000	459.0
3010000	472.0
3020000	476.0
3030000	472.0
3040000	465.0
3050000	456.0
3060000	462.0
3070000	463.0
3080000	468.0
3090000	467.0
3100000	473.0
3110000	471.0
3120000	466.0
3130000	476.0
3140000	478.0
3150000	469.0
3160000	466.0
3170000	465.0
3180000	466.0
3190000	471.0
3200000	470.0
3210000	472.0
3220000	470.0
3230000	476.0
3240000	469.0
3250000	456.0
3260000	469.0
3270000	458.0
3280000	472.0
3290000	463.0
3300000	470.0
3310000	466.0
3320000	472.0
3330000	466.0
3340000	469.0
3350000	466.0
3360000	468.0
3370000	461.0
3380000	478.0
3390000	467.0
3400000	475.0
3410000	472.0
3420000	481.0
3430000	474.0
3440000	473.0
3450000	468.0
3460000	471.0
3470000	475.0
3480000	473.0
3490000	470.0
3500000	471.0
3510000	469.0
3520000	469.0
3530000	467.0
3540000	472.0
3550000	471.0
3560000	481.0
3570000	472.0
3580000	472.0
3590000	476.0
3600000	469.0
3610000	468.0
3620000	467.0
3630000	461.0
3640000	476.0
3650000	476.0
3660000	473.0
3670000	476.0
3680000	463.0
3690000	451.0
3700000	470.0
3710000	471.0
3720000	473.0
3730000	473.0
3740000	442.0
3750000	466.0
3760000	471.0
3770000	473.0
3780000	466.0
3790000	472.0
3800000	471.0
3810000	457.0
3820000	464.0
3830000	468.0
3840000	472.0
3850000	463.0
3860000	468.0
3870000	474.0
3880000	458.0
3890000	455.0
3900000	448.0
3910000	464.0
3920000	459.0
3930000	466.0
3940000	468.0
3950000	468.0
3960000	469.0
3970000	460.0
3980000	464.0
3990000	471.0
4000000	472.0
4010000	462.0
4020000	471.0
4030000	471.0
4040000	468.0
4050000	482.0
4060000	431.0
4070000	468.0
4080000	472.0
4090000	467.0
4100000	472.0
4110000	465.0
4120000	468.0
4130000	455.0
4140000	463.0
4150000	472.0
4160000	473.0
4170000	467.0
4180000	464.0
4190000	441.0
4200000	462.0
4210000	444.0
4220000	451.0
4230000	465.0
4240000	466.0
4250000	461.0
4260000	449.0
4270000	466.0
4280000	465.0
4290000	459.0
4300000	462.0
4310000	479.0
4320000	461.0
4330000	455.0
4340000	469.0
4350000	432.0
4360000	468.0
4370000	476.0
4380000	464.0
4390000	458.0
4400000	466.0
4410000	465.0
4420000	468.0
4430000	464.0
4440000	475.0
4450000	475.0
4460000	469.0
4470000	460.0
4480000	468.0
4490000	470.0
4500000	472.0
4510000	473.0
4520000	457.0
4530000	474.0
4540000	474.0
4550000	465.0
4560000	472.0
4570000	462.0
4580000	465.0
4590000	471.0
4600000	460.0
4610000	474.0
4620000	478.0
4630000	473.0
4640000	467.0
4650000	464.0
4660000	481.0
4670000	459.0
4680000	476.0
4690000	471.0
4700000	469.0
4710000	479.0
4720000	474.0
4730000	469.0
4740000	470.0
4750000	473.0
4760000	474.0
4770000	468.0
4780000	471.0
4790000	473.0
4800000	470.0
4810000	479.0
4820000	467.0
4830000	474.0
4840000	461.0
4850000	471.0
4860000	464.0
4870000	461.0
4880000	473.0
4890000	464.0
4900000	475.0
4910000	467.0
4920000	465.0
4930000	478.0
4940000	465.0
4950000	474.0
4960000	468.0
4970000	466.0
4980000	466.0
4990000	462.0
5000000	468.0
