10000	-14.0
20000	-5.0
30000	-11.0
40000	-4.0
50000	-5.0
60000	-9.0
70000	-15.0
80000	-9.0
90000	-7.0
100000	-3.0
110000	-5.0
120000	-2.0
130000	-19.0
140000	-11.0
150000	-8.0
160000	-8.0
170000	-11.0
180000	-4.0
190000	-18.0
200000	-9.0
210000	-7.0
220000	-2.0
230000	-20.0
240000	-5.0
250000	-9.0
260000	-16.0
270000	-4.0
280000	-41.0
290000	-12.0
300000	-9.0
310000	-31.0
320000	-25.0
330000	-38.0
340000	-36.0
350000	-33.0
360000	-25.0
370000	-20.0
380000	-23.0
390000	-10.0
400000	-9.0
410000	-7.0
420000	5.0
430000	15.0
440000	21.0
450000	63.0
460000	80.0
470000	96.0
480000	133.0
490000	159.0
500000	131.0
510000	304.0
520000	454.0
530000	473.0
540000	462.0
550000	470.0
560000	447.0
570000	472.0
580000	470.0
590000	463.0
600000	465.0
610000	466.0
620000	471.0
630000	472.0
640000	459.0
650000	454.0
660000	440.0
670000	460.0
680000	462.0
690000	475.0
700000	480.0
710000	471.0
720000	474.0
730000	476.0
740000	475.0
750000	460.0
760000	475.0
770000	473.0
780000	452.0
790000	468.0
800000	476.0
810000	469.0
820000	453.0
830000	471.0
840000	467.0
850000	479.0
860000	470.0
870000	479.0
880000	466.0
890000	472.0
900000	479.0
910000	457.0
920000	462.0
930000	471.0
940000	477.0
950000	467.0
960000	470.0
970000	469.0
980000	462.0
990000	467.0
1000000	473.0
1010000	433.0
1020000	475.0
1030000	461.0
1040000	465.0
1050000	468.0
1060000	474.0
1070000	477.0
1080000	477.0
1090000	458.0
1100000	477.0
1110000	476.0
1120000	416.0
1130000	466.0
1140000	468.0
1150000	476.0
1160000	469.0
1170000	480.0
1180000	473.0
1190000	473.0
1200000	475.0
1210000	477.0
1220000	462.0
1230000	459.0
1240000	470.0
1250000	471.0
1260000	474.0
1270000	483.0
1280000	468.0
1290000	480.0
1300000	450.0
1310000	472.0
1320000	478.0
1330000	470.0
1340000	473.0
1350000	476.0
1360000	463.0
1370000	464.0
1380000	466.0
1390000	466.0
1400000	471.0
1410000	463.0
1420000	472.0
1430000	476.0
1440000	474.0
1450000	463.0
1460000	478.0
1470000	465.0
1480000	471.0
1490000	479.0
1500000	477.0
1510000	468.0
1520000	470.0
1530000	468.0
1540000	472.0
1550000	474.0
1560000	477.0
1570000	465.0
1580000	473.0
1590000	464.0
1600000	465.0
1610000	475.0
1620000	470.0
1630000	479.0
1640000	474.0
1650000	471.0
1660000	466.0
1670000	463.0
1680000	462.0
1690000	475.0
1700000	472.0
1710000	472.0
1720000	465.0
1730000	465.0
1740000	474.0
1750000	475.0
1760000	467.0
1770000	478.0
1780000	477.0
1790000	474.0
1800000	461.0
1810000	477.0
1820000	472.0
1830000	470.0
1840000	463.0
1850000	469.0
1860000	466.0
1870000	477.0
1880000	473.0
1890000	471.0
1900000	468.0
1910000	470.0
1920000	472.0
1930000	472.0
1940000	475.0
1950000	474.0
1960000	466.0
1970000	473.0
1980000	469.0
1990000	474.0
2000000	465.0
2010000	467.0
2020000	475.0
2030000	455.0
2040000	459.0
2050000	469.0
2060000	479.0
2070000	476.0
2080000	476.0
2090000	472.0
2100000	471.0
2110000	456.0
2120000	468.0
2130000	470.0
2140000	478.0
2150000	464.0
2160000	465.0
2170000	471.0
2180000	466.0
2190000	474.0
2200000	462.0
2210000	478.0
2220000	474.0
2230000	466.0
2240000	476.0
2250000	479.0
2260000	462.0
2270000	471.0
2280000	476.0
2290000	460.0
2300000	471.0
2310000	430.0
2320000	473.0
2330000	470.0
2340000	468.0
2350000	466.0
2360000	475.0
2370000	474.0
2380000	473.0
2390000	473.0
2400000	477.0
2410000	462.0
2420000	468.0
2430000	463.0
2440000	475.0
2450000	452.0
2460000	480.0
2470000	476.0
2480000	470.0
2490000	455.0
2500000	472.0
2510000	466.0
2520000	471.0
2530000	477.0
2540000	472.0
2550000	470.0
2560000	479.0
2570000	476.0
2580000	480.0
2590000	474.0
2600000	473.0
2610000	465.0
2620000	477.0
2630000	479.0
2640000	465.0
2650000	467.0
2660000	442.0
2670000	482.0
2680000	483.0
2690000	468.0
2700000	436.0
2710000	470.0
2720000	470.0
2730000	469.0
2740000	462.0
2750000	466.0
2760000	481.0
2770000	474.0
2780000	471.0
2790000	472.0
2800000	472.0
2810000	470.0
2820000	473.0
2830000	481.0
2840000	471.0
2850000	469.0
2860000	473.0
2870000	473.0
2880000	468.0
2890000	474.0
2900000	476.0
2910000	472.0
2920000	459.0
2930000	462.0
2940000	470.0
2950000	462.0
2960000	472.0
2970000	470.0
2980000	474.0
2990000	471.0
3000000	469.0
3010000	474.0
3020000	468.0
3030000	477.0
3040000	443.0
3050000	453.0
3060000	398.0
3070000	472.0
3080000	482.0
3090000	481.0
3100000	468.0
3110000	478.0
3120000	474.0
3130000	475.0
3140000	471.0
3150000	473.0
3160000	471.0
3170000	472.0
3180000	476.0
3190000	468.0
3200000	471.0
3210000	474.0
3220000	476.0
3230000	475.0
3240000	465.0
3250000	460.0
3260000	472.0
3270000	476.0
3280000	457.0
3290000	472.0
3300000	476.0
3310000	468.0
3320000	465.0
3330000	469.0
3340000	468.0
3350000	475.0
3360000	471.0
3370000	472.0
3380000	463.0
3390000	449.0
3400000	479.0
3410000	463.0
3420000	472.0
3430000	466.0
3440000	470.0
3450000	464.0
3460000	470.0
3470000	469.0
3480000	475.0
3490000	473.0
3500000	449.0
3510000	471.0
3520000	469.0
3530000	472.0
3540000	469.0
3550000	473.0
3560000	475.0
3570000	468.0
3580000	459.0
3590000	472.0
3600000	468.0
3610000	477.0
3620000	474.0
3630000	472.0
3640000	479.0
3650000	472.0
3660000	466.0
3670000	474.0
3680000	467.0
3690000	479.0
3700000	471.0
3710000	477.0
3720000	437.0
3730000	477.0
3740000	476.0
3750000	471.0
3760000	473.0
3770000	471.0
3780000	467.0
3790000	457.0
3800000	477.0
3810000	477.0
3820000	467.0
3830000	480.0
3840000	474.0
3850000	476.0
3860000	464.0
3870000	457.0
3880000	463.0
3890000	462.0
3900000	461.0
3910000	462.0
3920000	461.0
3930000	471.0
3940000	468.0
3950000	470.0
3960000	468.0
3970000	473.0
3980000	485.0
3990000	474.0
4000000	474.0
4010000	469.0
4020000	468.0
4030000	473.0
4040000	469.0
4050000	471.0
4060000	441.0
4070000	479.0
4080000	472.0
4090000	469.0
4100000	472.0
4110000	473.0
4120000	477.0
4130000	469.0
4140000	478.0
4150000	474.0
4160000	470.0
4170000	475.0
4180000	469.0
4190000	474.0
4200000	467.0
4210000	468.0
4220000	470.0
4230000	477.0
4240000	470.0
4250000	469.0
4260000	475.0
4270000	474.0
4280000	481.0
4290000	477.0
4300000	464.0
4310000	469.0
4320000	478.0
4330000	474.0
4340000	459.0
4350000	468.0
4360000	465.0
4370000	467.0
4380000	471.0
4390000	455.0
4400000	445.0
4410000	287.0
4420000	458.0
4430000	471.0
4440000	431.0
4450000	445.0
4460000	473.0
4470000	458.0
4480000	462.0
4490000	470.0
4500000	474.0
4510000	461.0
4520000	466.0
4530000	474.0
4540000	464.0
4550000	459.0
4560000	477.0
4570000	467.0
4580000	462.0
4590000	473.0
4600000	468.0
4610000	470.0
4620000	474.0
4630000	467.0
4640000	472.0
4650000	474.0
4660000	474.0
4670000	466.0
4680000	466.0
4690000	463.0
4700000	464.0
4710000	475.0
4720000	471.0
4730000	467.0
4740000	468.0
4750000	470.0
4760000	465.0
4770000	468.0
4780000	469.0
4790000	474.0
4800000	470.0
4810000	465.0
4820000	459.0
4830000	466.0
4840000	468.0
4850000	473.0
4860000	470.0
4870000	475.0
4880000	462.0
4890000	471.0
4900000	478.0
4910000	467.0
4920000	480.0
4930000	476.0
4940000	477.0
4950000	475.0
4960000	480.0
4970000	476.0
4980000	478.0
4990000	466.0
5000000	470.0
