10000	-1.0
20000	0.0
30000	-14.0
40000	-10.0
50000	-6.0
60000	-6.0
70000	-2.0
80000	-5.0
90000	-15.0
100000	-18.0
110000	-20.0
120000	-21.0
130000	-22.0
140000	-9.0
150000	-5.0
160000	-4.0
170000	-10.0
180000	-9.0
190000	-8.0
200000	-7.0
210000	-5.0
220000	-6.0
230000	-9.0
240000	-5.0
250000	-11.0
260000	-6.0
270000	-24.0
280000	-17.0
290000	-37.0
300000	-23.0
310000	-30.0
320000	-47.0
330000	-36.0
340000	-9.0
350000	-17.0
360000	-25.0
370000	-16.0
380000	-32.0
390000	-10.0
400000	-25.0
410000	-32.0
420000	-10.0
430000	-17.0
440000	-9.0
450000	-6.0
460000	-4.0
470000	0.0
480000	9.0
490000	8.0
500000	-2.0
510000	7.0
520000	19.0
530000	11.0
540000	12.0
550000	58.0
560000	17.0
570000	57.0
580000	32.0
590000	113.0
600000	162.0
610000	168.0
620000	128.0
630000	127.0
640000	146.0
650000	190.0
660000	302.0
670000	327.0
680000	291.0
690000	313.0
700000	377.0
710000	452.0
720000	461.0
730000	438.0
740000	478.0
750000	460.0
760000	467.0
770000	463.0
780000	466.0
790000	478.0
800000	469.0
810000	447.0
820000	454.0
830000	457.0
840000	459.0
850000	466.0
860000	463.0
870000	471.0
880000	456.0
890000	459.0
900000	474.0
910000	455.0
920000	466.0
930000	462.0
940000	469.0
950000	439.0
960000	460.0
970000	473.0
980000	467.0
990000	458.0
1000000	478.0
1010000	476.0
1020000	476.0
1030000	469.0
1040000	466.0
1050000	466.0
1060000	471.0
1070000	464.0
1080000	466.0
1090000	462.0
1100000	452.0
1110000	464.0
1120000	460.0
1130000	468.0
1140000	458.0
1150000	453.0
1160000	468.0
1170000	410.0
1180000	451.0
1190000	477.0
1200000	483.0
1210000	469.0
1220000	458.0
1230000	472.0
1240000	460.0
1250000	466.0
1260000	467.0
1270000	464.0
1280000	474.0
1290000	462.0
1300000	469.0
1310000	465.0
1320000	480.0
1330000	460.0
1340000	470.0
1350000	473.0
1360000	469.0
1370000	464.0
1380000	476.0
1390000	462.0
1400000	465.0
1410000	476.0
1420000	464.0
1430000	468.0
1440000	474.0
1450000	462.0
1460000	470.0
1470000	477.0
1480000	466.0
1490000	474.0
1500000	456.0
1510000	468.0
1520000	452.0
1530000	467.0
1540000	470.0
1550000	475.0
1560000	472.0
1570000	470.0
1580000	471.0
1590000	467.0
1600000	465.0
1610000	466.0
1620000	466.0
1630000	462.0
1640000	468.0
1650000	472.0
1660000	470.0
1670000	480.0
1680000	471.0
1690000	468.0
1700000	464.0
1710000	474.0
1720000	476.0
1730000	468.0
1740000	473.0
1750000	471.0
1760000	474.0
1770000	461.0
1780000	464.0
1790000	462.0
1800000	472.0
1810000	469.0
1820000	472.0
1830000	473.0
1840000	470.0
1850000	468.0
1860000	477.0
1870000	476.0
1880000	471.0
1890000	455.0
1900000	463.0
1910000	457.0
1920000	462.0
1930000	465.0
1940000	453.0
1950000	468.0
1960000	469.0
1970000	476.0
1980000	461.0
1990000	468.0
2000000	451.0
2010000	466.0
2020000	462.0
2030000	464.0
2040000	466.0
2050000	464.0
2060000	470.0
2070000	475.0
2080000	463.0
2090000	465.0
2100000	475.0
2110000	472.0
2120000	471.0
2130000	479.0
2140000	464.0
2150000	471.0
2160000	466.0
2170000	473.0
2180000	467.0
2190000	470.0
2200000	476.0
2210000	464.0
2220000	468.0
2230000	476.0
2240000	471.0
2250000	465.0
2260000	469.0
2270000	472.0
2280000	471.0
2290000	460.0
2300000	464.0
2310000	464.0
2320000	460.0
2330000	469.0
2340000	471.0
2350000	464.0
2360000	464.0
2370000	467.0
2380000	467.0
2390000	469.0
2400000	463.0
2410000	478.0
2420000	476.0
2430000	479.0
2440000	466.0
2450000	468.0
2460000	471.0
2470000	470.0
2480000	476.0
2490000	470.0
2500000	467.0
2510000	467.0
2520000	398.0
2530000	397.0
2540000	464.0
2550000	478.0
2560000	467.0
2570000	468.0
2580000	467.0
2590000	469.0
2600000	468.0
2610000	466.0
2620000	431.0
2630000	475.0
2640000	466.0
2650000	463.0
2660000	469.0
2670000	471.0
2680000	470.0
2690000	464.0
2700000	470.0
2710000	465.0
2720000	478.0
2730000	466.0
2740000	461.0
2750000	463.0
2760000	460.0
2770000	475.0
2780000	470.0
2790000	452.0
2800000	467.0
2810000	463.0
2820000	471.0
2830000	460.0
2840000	464.0
2850000	473.0
2860000	468.0
2870000	472.0
2880000	465.0
2890000	463.0
2900000	462.0
2910000	473.0
2920000	469.0
2930000	480.0
2940000	464.0
2950000	462.0
2960000	465.0
2970000	462.0
2980000	479.0
2990000	474.0
3000000	480.0
3010000	461.0
3020000	473.0
3030000	471.0
3040000	465.0
3050000	466.0
3060000	478.0
3070000	459.0
3080000	469.0
3090000	471.0
3100000	470.0
3110000	478.0
3120000	469.0
3130000	473.0
3140000	472.0
3150000	466.0
3160000	464.0
3170000	468.0
3180000	466.0
3190000	461.0
3200000	470.0
3210000	471.0
3220000	465.0
3230000	467.0
3240000	473.0
3250000	471.0
3260000	464.0
3270000	465.0
3280000	474.0
3290000	469.0
3300000	437.0
3310000	473.0
3320000	468.0
3330000	472.0
3340000	469.0
3350000	466.0
3360000	474.0
3370000	463.0
3380000	462.0
3390000	443.0
3400000	469.0
3410000	475.0
3420000	469.0
3430000	465.0
3440000	472.0
3450000	473.0
3460000	477.0
3470000	469.0
3480000	472.0
3490000	473.0
3500000	467.0
3510000	464.0
3520000	479.0
3530000	467.0
3540000	469.0
3550000	461.0
3560000	464.0
3570000	463.0
3580000	466.0
3590000	473.0
3600000	476.0
3610000	469.0
3620000	480.0
3630000	475.0
3640000	464.0
3650000	464.0
3660000	456.0
3670000	479.0
3680000	417.0
3690000	478.0
3700000	479.0
3710000	470.0
3720000	470.0
3730000	464.0
3740000	470.0
3750000	469.0
3760000	477.0
3770000	469.0
3780000	477.0
3790000	453.0
3800000	440.0
3810000	475.0
3820000	483.0
3830000	455.0
3840000	468.0
3850000	456.0
3860000	477.0
3870000	475.0
3880000	467.0
3890000	466.0
3900000	454.0
3910000	467.0
3920000	467.0
3930000	463.0
3940000	465.0
3950000	468.0
3960000	471.0
3970000	461.0
3980000	473.0
3990000	469.0
4000000	464.0
4010000	464.0
4020000	468.0
4030000	469.0
4040000	462.0
4050000	466.0
4060000	472.0
4070000	468.0
4080000	462.0
4090000	472.0
4100000	459.0
4110000	468.0
4120000	472.0
4130000	470.0
4140000	464.0
4150000	463.0
4160000	476.0
4170000	465.0
4180000	453.0
4190000	467.0
4200000	473.0
4210000	467.0
4220000	474.0
4230000	479.0
4240000	473.0
4250000	473.0
4260000	476.0
4270000	466.0
4280000	470.0
4290000	468.0
4300000	477.0
4310000	472.0
4320000	474.0
4330000	467.0
4340000	476.0
4350000	471.0
4360000	481.0
4370000	467.0
4380000	469.0
4390000	463.0
4400000	466.0
4410000	469.0
4420000	468.0
4430000	456.0
4440000	463.0
4450000	462.0
4460000	467.0
4470000	470.0
4480000	470.0
4490000	474.0
4500000	466.0
4510000	478.0
4520000	473.0
4530000	467.0
4540000	474.0
4550000	454.0
4560000	474.0
4570000	475.0
4580000	465.0
4590000	473.0
4600000	462.0
4610000	474.0
4620000	465.0
4630000	479.0
4640000	464.0
4650000	472.0
4660000	467.0
4670000	468.0
4680000	476.0
4690000	477.0
4700000	446.0
4710000	471.0
4720000	469.0
4730000	473.0
4740000	464.0
4750000	468.0
4760000	468.0
4770000	468.0
4780000	476.0
4790000	470.0
4800000	459.0
4810000	473.0
4820000	468.0
4830000	471.0
4840000	472.0
4850000	477.0
4860000	468.0
4870000	471.0
4880000	478.0
4890000	474.0
4900000	473.0
4910000	479.0
4920000	462.0
4930000	466.0
4940000	470.0
4950000	476.0
4960000	463.0
4970000	472.0
4980000	471.0
4990000	471.0
5000000	465.0
