10000	-16.0
20000	-12.0
30000	-8.0
40000	-15.0
50000	-7.0
60000	-6.0
70000	-2.0
80000	-18.0
90000	-15.0
100000	-11.0
110000	-12.0
120000	-16.0
130000	-6.0
140000	-9.0
150000	-14.0
160000	-10.0
170000	-12.0
180000	-11.0
190000	-17.0
200000	-12.0
210000	-6.0
220000	-6.0
230000	-7.0
240000	-9.0
250000	-11.0
260000	-4.0
270000	-6.0
280000	-19.0
290000	-37.0
300000	-34.0
310000	-31.0
320000	-34.0
330000	-29.0
340000	-44.0
350000	-50.0
360000	-46.0
370000	-42.0
380000	-53.0
390000	-52.0
400000	-48.0
410000	-45.0
420000	-53.0
430000	-32.0
440000	-16.0
450000	-32.0
460000	-53.0
470000	-28.0
480000	-33.0
490000	-53.0
500000	-34.0
510000	-13.0
520000	-7.0
530000	-1.0
540000	-11.0
550000	-6.0
560000	-8.0
570000	-14.0
580000	-10.0
590000	-3.0
600000	-19.0
610000	-9.0
620000	-17.0
630000	-5.0
640000	-22.0
650000	-16.0
660000	-37.0
670000	-16.0
680000	-20.0
690000	-29.0
700000	-37.0
710000	-19.0
720000	-27.0
730000	-40.0
740000	-50.0
750000	-33.0
760000	0.0
770000	-10.0
780000	-10.0
790000	-3.0
800000	3.0
810000	16.0
820000	13.0
830000	5.0
840000	8.0
850000	43.0
860000	34.0
870000	134.0
880000	102.0
890000	82.0
900000	76.0
910000	47.0
920000	88.0
930000	57.0
940000	61.0
950000	168.0
960000	201.0
970000	195.0
980000	236.0
990000	396.0
1000000	408.0
1010000	467.0
1020000	455.0
1030000	446.0
1040000	452.0
1050000	475.0
1060000	471.0
1070000	456.0
1080000	466.0
1090000	461.0
1100000	462.0
1110000	458.0
1120000	446.0
1130000	464.0
1140000	460.0
1150000	446.0
1160000	471.0
1170000	473.0
1180000	438.0
1190000	463.0
1200000	462.0
1210000	467.0
1220000	465.0
1230000	459.0
1240000	468.0
1250000	469.0
1260000	463.0
1270000	461.0
1280000	469.0
1290000	470.0
1300000	467.0
1310000	464.0
1320000	471.0
1330000	455.0
1340000	475.0
1350000	460.0
1360000	464.0
1370000	468.0
1380000	475.0
1390000	469.0
1400000	469.0
1410000	458.0
1420000	454.0
1430000	470.0
1440000	470.0
1450000	469.0
1460000	465.0
1470000	460.0
1480000	471.0
1490000	467.0
1500000	454.0
1510000	466.0
1520000	455.0
1530000	444.0
1540000	457.0
1550000	473.0
1560000	460.0
1570000	459.0
1580000	457.0
1590000	245.0
1600000	468.0
1610000	464.0
1620000	452.0
1630000	471.0
1640000	472.0
1650000	468.0
1660000	470.0
1670000	469.0
1680000	466.0
1690000	471.0
1700000	467.0
1710000	462.0
1720000	467.0
1730000	472.0
1740000	419.0
1750000	476.0
1760000	462.0
1770000	471.0
1780000	475.0
1790000	474.0
1800000	467.0
1810000	464.0
1820000	480.0
1830000	464.0
1840000	475.0
1850000	474.0
1860000	468.0
1870000	468.0
1880000	470.0
1890000	466.0
1900000	478.0
1910000	477.0
1920000	475.0
1930000	468.0
1940000	475.0
1950000	471.0
1960000	474.0
1970000	467.0
1980000	470.0
1990000	471.0
2000000	465.0
2010000	471.0
2020000	462.0
2030000	470.0
2040000	469.0
2050000	454.0
2060000	471.0
2070000	476.0
2080000	470.0
2090000	468.0
2100000	462.0
2110000	461.0
2120000	470.0
2130000	474.0
2140000	467.0
2150000	455.0
2160000	459.0
2170000	467.0
2180000	465.0
2190000	469.0
2200000	465.0
2210000	460.0
2220000	474.0
2230000	459.0
2240000	471.0
2250000	470.0
2260000	457.0
2270000	452.0
2280000	476.0
2290000	469.0
2300000	434.0
2310000	410.0
2320000	473.0
2330000	475.0
2340000	475.0
2350000	460.0
2360000	455.0
2370000	470.0
2380000	467.0
2390000	466.0
2400000	467.0
2410000	459.0
2420000	474.0
2430000	466.0
2440000	461.0
2450000	471.0
2460000	463.0
2470000	463.0
2480000	460.0
2490000	472.0
2500000	470.0
2510000	474.0
2520000	474.0
2530000	475.0
2540000	458.0
2550000	467.0
2560000	456.0
2570000	456.0
2580000	474.0
2590000	472.0
2600000	470.0
2610000	462.0
2620000	479.0
2630000	468.0
2640000	457.0
2650000	465.0
2660000	470.0
2670000	460.0
2680000	457.0
2690000	468.0
2700000	476.0
2710000	469.0
2720000	466.0
2730000	457.0
2740000	460.0
2750000	476.0
2760000	465.0
2770000	468.0
2780000	469.0
2790000	466.0
2800000	467.0
2810000	465.0
2820000	463.0
2830000	467.0
2840000	469.0
2850000	462.0
2860000	474.0
2870000	462.0
2880000	468.0
2890000	464.0
2900000	470.0
2910000	457.0
2920000	468.0
2930000	441.0
2940000	477.0
2950000	471.0
2960000	478.0
2970000	469.0
2980000	461.0
2990000	474.0
3000000	472.0
3010000	467.0
3020000	470.0
3030000	475.0
3040000	477.0
3050000	476.0
3060000	462.0
3070000	473.0
3080000	474.0
3090000	462.0
3100000	452.0
3110000	468.0
3120000	462.0
3130000	468.0
3140000	462.0
3150000	462.0
3160000	461.0
3170000	464.0
3180000	465.0
3190000	475.0
3200000	461.0
3210000	461.0
3220000	463.0
3230000	462.0
3240000	468.0
3250000	459.0
3260000	459.0
3270000	465.0
3280000	465.0
3290000	467.0
3300000	471.0
3310000	460.0
3320000	454.0
3330000	460.0
3340000	449.0
3350000	465.0
3360000	470.0
3370000	468.0
3380000	468.0
3390000	463.0
3400000	468.0
3410000	464.0
3420000	463.0
3430000	463.0
3440000	472.0
3450000	473.0
3460000	460.0
3470000	469.0
3480000	467.0
3490000	467.0
3500000	461.0
3510000	470.0
3520000	437.0
3530000	472.0
3540000	461.0
3550000	469.0
3560000	469.0
3570000	467.0
3580000	467.0
3590000	466.0
3600000	459.0
3610000	420.0
3620000	464.0
3630000	476.0
3640000	472.0
3650000	465.0
3660000	461.0
3670000	470.0
3680000	468.0
3690000	469.0
3700000	469.0
3710000	454.0
3720000	476.0
3730000	473.0
3740000	468.0
3750000	450.0
3760000	472.0
3770000	470.0
3780000	467.0
3790000	472.0
3800000	472.0
3810000	469.0
3820000	468.0
3830000	461.0
3840000	476.0
3850000	476.0
3860000	464.0
3870000	466.0
3880000	470.0
3890000	473.0
3900000	463.0
3910000	458.0
3920000	464.0
3930000	473.0
3940000	474.0
3950000	478.0
3960000	477.0
3970000	468.0
3980000	471.0
3990000	463.0
4000000	475.0
4010000	476.0
4020000	464.0
4030000	430.0
4040000	470.0
4050000	464.0
4060000	463.0
4070000	470.0
4080000	463.0
4090000	479.0
4100000	468.0
4110000	469.0
4120000	469.0
4130000	470.0
4140000	472.0
4150000	479.0
4160000	459.0
4170000	471.0
4180000	475.0
4190000	467.0
4200000	457.0
4210000	477.0
4220000	463.0
4230000	466.0
4240000	462.0
4250000	473.0
4260000	475.0
4270000	474.0
4280000	470.0
4290000	461.0
4300000	461.0
4310000	460.0
4320000	461.0
4330000	464.0
4340000	474.0
4350000	473.0
4360000	473.0
4370000	463.0
4380000	469.0
4390000	462.0
4400000	466.0
4410000	474.0
4420000	464.0
4430000	478.0
4440000	461.0
4450000	471.0
4460000	468.0
4470000	461.0
4480000	461.0
4490000	470.0
4500000	458.0
4510000	462.0
4520000	472.0
4530000	465.0
4540000	469.0
4550000	471.0
4560000	469.0
4570000	470.0
4580000	469.0
4590000	463.0
4600000	469.0
4610000	473.0
4620000	473.0
4630000	462.0
4640000	469.0
4650000	471.0
4660000	467.0
4670000	464.0
4680000	466.0
4690000	456.0
4700000	465.0
4710000	457.0
4720000	459.0
4730000	463.0
4740000	475.0
4750000	459.0
4760000	466.0
4770000	469.0
4780000	473.0
4790000	453.0
4800000	470.0
4810000	461.0
4820000	465.0
4830000	459.0
4840000	472.0
4850000	470.0
4860000	461.0
4870000	455.0
4880000	455.0
4890000	466.0
4900000	473.0
4910000	460.0
4920000	481.0
4930000	475.0
4940000	463.0
4950000	477.0
4960000	474.0
4970000	477.0
4980000	470.0
4990000	465.0
5000000	476.0
