10000	-8.0
20000	-10.0
30000	-10.0
40000	-13.0
50000	-20.0
60000	-8.0
70000	-3.0
80000	-7.0
90000	-3.0
100000	-9.0
110000	-17.0
120000	-10.0
130000	-13.0
140000	-4.0
150000	-10.0
160000	-15.0
170000	-14.0
180000	-17.0
190000	-8.0
200000	-27.0
210000	-11.0
220000	-7.0
230000	-8.0
240000	-1.0
250000	-4.0
260000	-14.0
270000	-6.0
280000	-16.0
290000	-17.0
300000	-19.0
310000	-10.0
320000	-3.0
330000	-4.0
340000	-13.0
350000	-18.0
360000	-5.0
370000	-4.0
380000	-3.0
390000	-14.0
400000	-12.0
410000	-11.0
420000	-19.0
430000	-10.0
440000	-15.0
450000	-30.0
460000	-30.0
470000	-30.0
480000	-35.0
490000	-26.0
500000	-32.0
510000	-23.0
520000	-63.0
530000	-48.0
540000	-39.0
550000	-40.0
560000	-30.0
570000	-52.0
580000	-23.0
590000	-3.0
600000	-15.0
610000	-10.0
620000	0.0
630000	-10.0
640000	-3.0
650000	-3.0
660000	-4.0
670000	-13.0
680000	-7.0
690000	11.0
700000	-1.0
710000	50.0
720000	19.0
730000	-12.0
740000	37.0
750000	54.0
760000	16.0
770000	54.0
780000	90.0
790000	160.0
800000	268.0
810000	424.0
820000	381.0
830000	463.0
840000	457.0
850000	473.0
860000	467.0
870000	466.0
880000	461.0
890000	455.0
900000	452.0
910000	466.0
920000	460.0
930000	463.0
940000	476.0
950000	467.0
960000	472.0
970000	466.0
980000	474.0
990000	463.0
1000000	458.0
1010000	474.0
1020000	459.0
1030000	409.0
1040000	465.0
1050000	468.0
1060000	471.0
1070000	473.0
1080000	454.0
1090000	468.0
1100000	465.0
1110000	476.0
1120000	469.0
1130000	450.0
1140000	470.0
1150000	458.0
1160000	452.0
1170000	465.0
1180000	461.0
1190000	473.0
1200000	462.0
1210000	479.0
1220000	467.0
1230000	465.0
1240000	469.0
1250000	466.0
1260000	468.0
1270000	469.0
1280000	476.0
1290000	468.0
1300000	465.0
1310000	471.0
1320000	455.0
1330000	470.0
1340000	462.0
1350000	472.0
1360000	460.0
1370000	458.0
1380000	473.0
1390000	464.0
1400000	475.0
1410000	469.0
1420000	465.0
1430000	462.0
1440000	466.0
1450000	465.0
1460000	430.0
1470000	459.0
1480000	474.0
1490000	479.0
1500000	462.0
1510000	466.0
1520000	463.0
1530000	470.0
1540000	470.0
1550000	471.0
1560000	470.0
1570000	476.0
1580000	484.0
1590000	451.0
1600000	470.0
1610000	464.0
1620000	460.0
1630000	469.0
1640000	467.0
1650000	466.0
1660000	465.0
1670000	472.0
1680000	465.0
1690000	472.0
1700000	468.0
1710000	465.0
1720000	470.0
1730000	475.0
1740000	474.0
1750000	472.0
1760000	472.0
1770000	448.0
1780000	469.0
1790000	476.0
1800000	474.0
1810000	467.0
1820000	461.0
1830000	471.0
1840000	465.0
1850000	446.0
1860000	467.0
1870000	467.0
1880000	460.0
1890000	476.0
1900000	454.0
1910000	470.0
1920000	468.0
1930000	466.0
1940000	462.0
1950000	462.0
1960000	477.0
1970000	468.0
1980000	460.0
1990000	460.0
2000000	463.0
2010000	469.0
2020000	472.0
2030000	473.0
2040000	465.0
2050000	474.0
2060000	456.0
2070000	475.0
2080000	477.0
2090000	467.0
2100000	471.0
2110000	461.0
2120000	459.0
2130000	454.0
2140000	471.0
2150000	470.0
2160000	461.0
2170000	467.0
2180000	470.0
2190000	465.0
2200000	476.0
2210000	464.0
2220000	463.0
2230000	480.0
2240000	472.0
2250000	467.0
2260000	471.0
2270000	462.0
2280000	462.0
2290000	470.0
2300000	462.0
2310000	471.0
2320000	474.0
2330000	463.0
2340000	470.0
2350000	470.0
2360000	467.0
2370000	475.0
2380000	459.0
2390000	470.0
2400000	469.0
2410000	467.0
2420000	460.0
2430000	464.0
2440000	468.0
2450000	475.0
2460000	468.0
2470000	464.0
2480000	471.0
2490000	456.0
2500000	466.0
2510000	462.0
2520000	462.0
2530000	453.0
2540000	444.0
2550000	461.0
2560000	458.0
2570000	477.0
2580000	476.0
2590000	473.0
2600000	475.0
2610000	468.0
2620000	472.0
2630000	474.0
2640000	469.0
2650000	466.0
2660000	468.0
2670000	473.0
2680000	473.0
2690000	459.0
2700000	474.0
2710000	449.0
2720000	464.0
2730000	428.0
2740000	324.0
2750000	477.0
2760000	479.0
2770000	467.0
2780000	467.0
2790000	467.0
2800000	455.0
2810000	470.0
2820000	459.0
2830000	463.0
2840000	476.0
2850000	469.0
2860000	474.0
2870000	468.0
2880000	476.0
2890000	470.0
2900000	465.0
2910000	472.0
2920000	473.0
2930000	462.0
2940000	378.0
2950000	465.0
2960000	459.0
2970000	462.0
2980000	469.0
2990000	462.0
3000000	451.0
3010000	468.0
3020000	464.0
3030000	465.0
3040000	462.0
3050000	477.0
3060000	472.0
3070000	467.0
3080000	464.0
3090000	468.0
3100000	473.0
3110000	454.0
3120000	459.0
3130000	459.0
3140000	462.0
3150000	474.0
3160000	464.0
3170000	466.0
3180000	458.0
3190000	461.0
3200000	472.0
3210000	466.0
3220000	463.0
3230000	229.0
3240000	382.0
3250000	478.0
3260000	463.0
3270000	472.0
3280000	467.0
3290000	475.0
3300000	469.0
3310000	464.0
3320000	471.0
3330000	469.0
3340000	471.0
3350000	456.0
3360000	478.0
3370000	476.0
3380000	456.0
3390000	454.0
3400000	465.0
3410000	464.0
3420000	464.0
3430000	465.0
3440000	464.0
3450000	469.0
3460000	464.0
3470000	455.0
3480000	464.0
3490000	472.0
3500000	469.0
3510000	472.0
3520000	447.0
3530000	471.0
3540000	480.0
3550000	469.0
3560000	464.0
3570000	465.0
3580000	467.0
3590000	468.0
3600000	463.0
3610000	471.0
3620000	473.0
3630000	471.0
3640000	473.0
3650000	471.0
3660000	468.0
3670000	466.0
3680000	475.0
3690000	465.0
3700000	466.0
3710000	483.0
3720000	464.0
3730000	462.0
3740000	466.0
3750000	474.0
3760000	468.0
3770000	471.0
3780000	478.0
3790000	482.0
3800000	466.0
3810000	469.0
3820000	472.0
3830000	462.0
3840000	467.0
3850000	471.0
3860000	447.0
3870000	480.0
3880000	466.0
3890000	457.0
3900000	470.0
3910000	464.0
3920000	469.0
3930000	466.0
3940000	474.0
3950000	471.0
3960000	470.0
3970000	445.0
3980000	469.0
3990000	460.0
4000000	462.0
4010000	466.0
4020000	468.0
4030000	476.0
4040000	472.0
4050000	469.0
4060000	468.0
4070000	475.0
4080000	468.0
4090000	457.0
4100000	469.0
4110000	474.0
4120000	466.0
4130000	465.0
4140000	464.0
4150000	464.0
4160000	479.0
4170000	483.0
4180000	478.0
4190000	469.0
4200000	472.0
4210000	450.0
4220000	459.0
4230000	474.0
4240000	473.0
4250000	475.0
4260000	462.0
4270000	461.0
4280000	458.0
4290000	437.0
4300000	460.0
4310000	470.0
4320000	473.0
4330000	467.0
4340000	473.0
4350000	460.0
4360000	471.0
4370000	471.0
4380000	472.0
4390000	466.0
4400000	480.0
4410000	469.0
4420000	477.0
4430000	478.0
4440000	468.0
4450000	471.0
4460000	473.0
4470000	476.0
4480000	467.0
4490000	478.0
4500000	476.0
4510000	470.0
4520000	480.0
4530000	461.0
4540000	465.0
4550000	470.0
4560000	474.0
4570000	454.0
4580000	481.0
4590000	463.0
4600000	469.0
4610000	472.0
4620000	470.0
4630000	466.0
4640000	477.0
4650000	471.0
4660000	465.0
4670000	475.0
4680000	472.0
4690000	479.0
4700000	473.0
4710000	463.0
4720000	466.0
4730000	470.0
4740000	478.0
4750000	459.0
4760000	465.0
4770000	481.0
4780000	477.0
4790000	477.0
4800000	466.0
4810000	478.0
4820000	457.0
4830000	462.0
4840000	470.0
4850000	468.0
4860000	478.0
4870000	470.0
4880000	469.0
4890000	471.0
4900000	465.0
4910000	456.0
4920000	476.0
4930000	469.0
4940000	460.0
4950000	455.0
4960000	458.0
4970000	476.0
4980000	468.0
4990000	469.0
5000000	472.0
