10000	-4.0
20000	-3.0
30000	-12.0
40000	-8.0
50000	-14.0
60000	-3.0
70000	-9.0
80000	-5.0
90000	-14.0
100000	-15.0
110000	-27.0
120000	-13.0
130000	-10.0
140000	-11.0
150000	-2.0
160000	-14.0
170000	-14.0
180000	-3.0
190000	-19.0
200000	-7.0
210000	2.0
220000	-11.0
230000	-5.0
240000	-14.0
250000	-13.0
260000	-5.0
270000	-20.0
280000	-26.0
290000	-24.0
300000	-7.0
310000	-22.0
320000	-19.0
330000	-14.0
340000	-35.0
350000	-47.0
360000	-7.0
370000	-2.0
380000	-10.0
390000	-2.0
400000	5.0
410000	6.0
420000	24.0
430000	28.0
440000	83.0
450000	21.0
460000	65.0
470000	25.0
480000	72.0
490000	73.0
500000	129.0
510000	76.0
520000	89.0
530000	108.0
540000	83.0
550000	77.0
560000	73.0
570000	59.0
580000	184.0
590000	180.0
600000	252.0
610000	289.0
620000	324.0
630000	317.0
640000	343.0
650000	277.0
660000	345.0
670000	433.0
680000	461.0
690000	464.0
700000	449.0
710000	450.0
720000	377.0
730000	355.0
740000	442.0
750000	430.0
760000	442.0
770000	460.0
780000	433.0
790000	451.0
800000	472.0
810000	443.0
820000	310.0
830000	455.0
840000	452.0
850000	437.0
860000	401.0
870000	458.0
880000	419.0
890000	465.0
900000	461.0
910000	443.0
920000	468.0
930000	462.0
940000	462.0
950000	457.0
960000	436.0
970000	408.0
980000	471.0
990000	456.0
1000000	348.0
1010000	455.0
1020000	445.0
1030000	463.0
1040000	463.0
1050000	449.0
1060000	460.0
1070000	458.0
1080000	447.0
1090000	407.0
1100000	454.0
1110000	477.0
1120000	440.0
1130000	467.0
1140000	449.0
1150000	439.0
1160000	459.0
1170000	434.0
1180000	450.0
1190000	466.0
1200000	409.0
1210000	456.0
1220000	439.0
1230000	465.0
1240000	461.0
1250000	469.0
1260000	457.0
1270000	466.0
1280000	455.0
1290000	460.0
1300000	427.0
1310000	458.0
1320000	455.0
1330000	451.0
1340000	444.0
1350000	437.0
1360000	441.0
1370000	466.0
1380000	467.0
1390000	458.0
1400000	450.0
1410000	417.0
1420000	459.0
1430000	470.0
1440000	467.0
1450000	466.0
1460000	436.0
1470000	453.0
1480000	390.0
1490000	453.0
1500000	452.0
1510000	446.0
1520000	454.0
1530000	455.0
1540000	469.0
1550000	456.0
1560000	441.0
1570000	458.0
1580000	454.0
1590000	422.0
1600000	441.0
1610000	455.0
1620000	453.0
1630000	448.0
1640000	435.0
1650000	454.0
1660000	446.0
1670000	460.0
1680000	457.0
1690000	460.0
1700000	447.0
1710000	422.0
1720000	449.0
1730000	461.0
1740000	450.0
1750000	433.0
1760000	470.0
1770000	454.0
1780000	449.0
1790000	461.0
1800000	460.0
1810000	447.0
1820000	439.0
1830000	457.0
1840000	445.0
1850000	433.0
1860000	453.0
1870000	425.0
1880000	464.0
1890000	466.0
1900000	449.0
1910000	471.0
1920000	465.0
1930000	459.0
1940000	436.0
1950000	437.0
1960000	381.0
1970000	453.0
1980000	462.0
1990000	425.0
2000000	458.0
2010000	468.0
2020000	471.0
2030000	459.0
2040000	448.0
2050000	471.0
2060000	448.0
2070000	442.0
2080000	403.0
2090000	424.0
2100000	424.0
2110000	459.0
2120000	457.0
2130000	458.0
2140000	470.0
2150000	463.0
2160000	453.0
2170000	456.0
2180000	438.0
2190000	460.0
2200000	387.0
2210000	395.0
2220000	460.0
2230000	460.0
2240000	466.0
2250000	445.0
2260000	457.0
2270000	460.0
2280000	473.0
2290000	447.0
2300000	455.0
2310000	412.0
2320000	429.0
2330000	461.0
2340000	461.0
2350000	466.0
2360000	474.0
2370000	462.0
2380000	450.0
2390000	467.0
2400000	428.0
2410000	435.0
2420000	390.0
2430000	454.0
2440000	465.0
2450000	470.0
2460000	466.0
2470000	471.0
2480000	466.0
2490000	460.0
2500000	470.0
2510000	402.0
2520000	455.0
2530000	435.0
2540000	460.0
2550000	431.0
2560000	471.0
2570000	467.0
2580000	465.0
2590000	458.0
2600000	470.0
2610000	458.0
2620000	441.0
2630000	439.0
2640000	429.0
2650000	453.0
2660000	459.0
2670000	398.0
2680000	459.0
2690000	449.0
2700000	462.0
2710000	463.0
2720000	467.0
2730000	442.0
2740000	459.0
2750000	464.0
2760000	475.0
2770000	444.0
2780000	447.0
2790000	428.0
2800000	440.0
2810000	468.0
2820000	475.0
2830000	471.0
2840000	455.0
2850000	461.0
2860000	454.0
2870000	467.0
2880000	450.0
2890000	445.0
2900000	389.0
2910000	443.0
2920000	428.0
2930000	474.0
2940000	469.0
2950000	459.0
2960000	430.0
2970000	454.0
2980000	472.0
2990000	464.0
3000000	419.0
3010000	431.0
3020000	411.0
3030000	464.0
3040000	458.0
3050000	469.0
3060000	455.0
3070000	473.0
3080000	461.0
3090000	449.0
3100000	443.0
3110000	465.0
3120000	421.0
3130000	434.0
3140000	428.0
3150000	445.0
3160000	456.0
3170000	467.0
3180000	462.0
3190000	466.0
3200000	474.0
3210000	450.0
3220000	429.0
3230000	453.0
3240000	439.0
3250000	428.0
3260000	430.0
3270000	433.0
3280000	457.0
3290000	465.0
3300000	453.0
3310000	461.0
3320000	467.0
3330000	463.0
3340000	434.0
3350000	434.0
3360000	396.0
3370000	444.0
3380000	465.0
3390000	463.0
3400000	461.0
3410000	443.0
3420000	473.0
3430000	472.0
3440000	448.0
3450000	459.0
3460000	434.0
3470000	464.0
3480000	425.0
3490000	445.0
3500000	363.0
3510000	455.0
3520000	448.0
3530000	436.0
3540000	457.0
3550000	453.0
3560000	448.0
3570000	460.0
3580000	456.0
3590000	449.0
3600000	345.0
3610000	397.0
3620000	466.0
3630000	462.0
3640000	460.0
3650000	454.0
3660000	469.0
3670000	461.0
3680000	464.0
3690000	464.0
3700000	455.0
3710000	423.0
3720000	387.0
3730000	451.0
3740000	454.0
3750000	446.0
3760000	463.0
3770000	464.0
3780000	470.0
3790000	466.0
3800000	465.0
3810000	413.0
3820000	462.0
3830000	425.0
3840000	449.0
3850000	440.0
3860000	431.0
3870000	460.0
3880000	464.0
3890000	458.0
3900000	460.0
3910000	468.0
3920000	412.0
3930000	458.0
3940000	445.0
3950000	442.0
3960000	427.0
3970000	438.0
3980000	450.0
3990000	466.0
4000000	468.0
4010000	462.0
4020000	462.0
4030000	447.0
4040000	467.0
4050000	467.0
4060000	464.0
4070000	453.0
4080000	394.0
4090000	445.0
4100000	467.0
4110000	457.0
4120000	454.0
4130000	477.0
4140000	460.0
4150000	441.0
4160000	464.0
4170000	463.0
4180000	450.0
4190000	436.0
4200000	440.0
4210000	418.0
4220000	456.0
4230000	448.0
4240000	439.0
4250000	480.0
4260000	445.0
4270000	445.0
4280000	416.0
4290000	462.0
4300000	470.0
4310000	456.0
4320000	419.0
4330000	469.0
4340000	464.0
4350000	465.0
4360000	455.0
4370000	434.0
4380000	420.0
4390000	446.0
4400000	467.0
4410000	474.0
4420000	447.0
4430000	454.0
4440000	461.0
4450000	470.0
4460000	447.0
4470000	459.0
4480000	457.0
4490000	431.0
4500000	449.0
4510000	459.0
4520000	408.0
4530000	450.0
4540000	470.0
4550000	464.0
4560000	449.0
4570000	470.0
4580000	457.0
4590000	440.0
4600000	466.0
4610000	466.0
4620000	426.0
4630000	464.0
4640000	468.0
4650000	454.0
4660000	447.0
4670000	464.0
4680000	455.0
4690000	445.0
4700000	449.0
4710000	452.0
4720000	446.0
4730000	439.0
4740000	470.0
4750000	445.0
4760000	468.0
4770000	444.0
4780000	439.0
4790000	431.0
4800000	463.0
4810000	460.0
4820000	424.0
4830000	467.0
4840000	420.0
4850000	472.0
4860000	460.0
4870000	465.0
4880000	460.0
4890000	431.0
4900000	445.0
4910000	468.0
4920000	446.0
4930000	419.0
4940000	467.0
4950000	435.0
4960000	470.0
4970000	457.0
4980000	459.0
4990000	432.0
5000000	434.0
