10000	-12.0
20000	-21.0
30000	-1.0
40000	-14.0
50000	-10.0
60000	-14.0
70000	-11.0
80000	-11.0
90000	-10.0
100000	-34.0
110000	-7.0
120000	-1.0
130000	-7.0
140000	-6.0
150000	-21.0
160000	-25.0
170000	-4.0
180000	-12.0
190000	-8.0
200000	-10.0
210000	-8.0
220000	-2.0
230000	-14.0
240000	-26.0
250000	-26.0
260000	-15.0
270000	-7.0
280000	-15.0
290000	-26.0
300000	-22.0
310000	-19.0
320000	-29.0
330000	-25.0
340000	-41.0
350000	-23.0
360000	-28.0
370000	-25.0
380000	3.0
390000	-2.0
400000	1.0
410000	2.0
420000	-2.0
430000	2.0
440000	49.0
450000	20.0
460000	22.0
470000	17.0
480000	61.0
490000	110.0
500000	240.0
510000	227.0
520000	288.0
530000	461.0
540000	476.0
550000	462.0
560000	441.0
570000	393.0
580000	415.0
590000	459.0
600000	470.0
610000	471.0
620000	453.0
630000	470.0
640000	468.0
650000	465.0
660000	464.0
670000	455.0
680000	475.0
690000	461.0
700000	458.0
710000	461.0
720000	478.0
730000	480.0
740000	465.0
750000	467.0
760000	444.0
770000	472.0
780000	464.0
790000	467.0
800000	468.0
810000	472.0
820000	467.0
830000	459.0
840000	265.0
850000	476.0
860000	471.0
870000	465.0
880000	484.0
890000	467.0
900000	463.0
910000	478.0
920000	469.0
930000	463.0
940000	469.0
950000	471.0
960000	481.0
970000	469.0
980000	468.0
990000	438.0
1000000	469.0
1010000	472.0
1020000	458.0
1030000	476.0
1040000	459.0
1050000	469.0
1060000	472.0
1070000	468.0
1080000	462.0
1090000	472.0
1100000	458.0
1110000	470.0
1120000	469.0
1130000	474.0
1140000	467.0
1150000	471.0
1160000	458.0
1170000	465.0
1180000	479.0
1190000	473.0
1200000	477.0
1210000	473.0
1220000	462.0
1230000	479.0
1240000	462.0
1250000	472.0
1260000	466.0
1270000	466.0
1280000	470.0
1290000	474.0
1300000	463.0
1310000	456.0
1320000	469.0
1330000	461.0
1340000	473.0
1350000	473.0
1360000	466.0
1370000	469.0
1380000	460.0
1390000	478.0
1400000	462.0
1410000	469.0
1420000	462.0
1430000	473.0
1440000	462.0
1450000	476.0
1460000	464.0
1470000	475.0
1480000	466.0
1490000	467.0
1500000	468.0
1510000	464.0
1520000	458.0
1530000	467.0
1540000	444.0
1550000	460.0
1560000	466.0
1570000	464.0
1580000	477.0
1590000	470.0
1600000	466.0
1610000	459.0
1620000	470.0
1630000	468.0
1640000	478.0
1650000	471.0
1660000	457.0
1670000	462.0
1680000	472.0
1690000	467.0
1700000	467.0
1710000	469.0
1720000	471.0
1730000	468.0
1740000	463.0
1750000	462.0
1760000	461.0
1770000	473.0
1780000	467.0
1790000	459.0
1800000	465.0
1810000	463.0
1820000	469.0
1830000	473.0
1840000	465.0
1850000	463.0
1860000	471.0
1870000	473.0
1880000	468.0
1890000	468.0
1900000	463.0
1910000	475.0
1920000	473.0
1930000	457.0
1940000	474.0
1950000	472.0
1960000	461.0
1970000	467.0
1980000	467.0
1990000	467.0
2000000	461.0
2010000	470.0
2020000	474.0
2030000	475.0
2040000	460.0
2050000	466.0
2060000	466.0
2070000	468.0
2080000	468.0
2090000	470.0
2100000	460.0
2110000	476.0
2120000	475.0
2130000	472.0
2140000	461.0
2150000	419.0
2160000	472.0
2170000	424.0
2180000	469.0
2190000	423.0
2200000	328.0
2210000	473.0
2220000	474.0
2230000	469.0
2240000	478.0
2250000	464.0
2260000	472.0
2270000	457.0
2280000	456.0
2290000	469.0
2300000	473.0
2310000	471.0
2320000	476.0
2330000	470.0
2340000	471.0
2350000	460.0
2360000	470.0
2370000	473.0
2380000	463.0
2390000	466.0
2400000	472.0
2410000	472.0
2420000	477.0
2430000	459.0
2440000	462.0
2450000	476.0
2460000	471.0
2470000	473.0
2480000	467.0
2490000	470.0
2500000	460.0
2510000	470.0
2520000	462.0
2530000	473.0
2540000	462.0
2550000	471.0
2560000	461.0
2570000	466.0
2580000	465.0
2590000	478.0
2600000	464.0
2610000	472.0
2620000	464.0
2630000	470.0
2640000	468.0
2650000	473.0
2660000	464.0
2670000	467.0
2680000	477.0
2690000	468.0
2700000	468.0
2710000	460.0
2720000	465.0
2730000	473.0
2740000	467.0
2750000	470.0
2760000	456.0
2770000	474.0
2780000	470.0
2790000	452.0
2800000	470.0
2810000	442.0
2820000	471.0
2830000	460.0
2840000	473.0
2850000	465.0
2860000	453.0
2870000	480.0
2880000	475.0
2890000	476.0
2900000	478.0
2910000	469.0
2920000	469.0
2930000	461.0
2940000	468.0
2950000	415.0
2960000	468.0
2970000	470.0
2980000	477.0
2990000	474.0
3000000	472.0
3010000	464.0
3020000	472.0
3030000	472.0
3040000	468.0
3050000	471.0
3060000	460.0
3070000	473.0
3080000	475.0
3090000	472.0
3100000	461.0
3110000	468.0
3120000	471.0
3130000	463.0
3140000	469.0
3150000	471.0
3160000	468.0
3170000	476.0
3180000	466.0
3190000	473.0
3200000	461.0
3210000	454.0
3220000	465.0
3230000	468.0
3240000	466.0
3250000	474.0
3260000	473.0
3270000	455.0
3280000	476.0
3290000	468.0
3300000	465.0
3310000	469.0
3320000	469.0
3330000	475.0
3340000	481.0
3350000	480.0
3360000	480.0
3370000	472.0
3380000	469.0
3390000	477.0
3400000	478.0
3410000	473.0
3420000	469.0
3430000	474.0
3440000	477.0
3450000	464.0
3460000	466.0
3470000	462.0
3480000	465.0
3490000	470.0
3500000	475.0
3510000	467.0
3520000	465.0
3530000	474.0
3540000	462.0
3550000	461.0
3560000	464.0
3570000	464.0
3580000	474.0
3590000	460.0
3600000	468.0
3610000	465.0
3620000	460.0
3630000	477.0
3640000	470.0
3650000	470.0
3660000	471.0
3670000	381.0
3680000	470.0
3690000	460.0
3700000	464.0
3710000	478.0
3720000	463.0
3730000	468.0
3740000	461.0
3750000	470.0
3760000	457.0
3770000	476.0
3780000	472.0
3790000	469.0
3800000	459.0
3810000	459.0
3820000	464.0
3830000	472.0
3840000	474.0
3850000	467.0
3860000	478.0
3870000	471.0
3880000	462.0
3890000	467.0
3900000	473.0
3910000	466.0
3920000	473.0
3930000	470.0
3940000	469.0
3950000	472.0
3960000	474.0
3970000	472.0
3980000	463.0
3990000	465.0
4000000	472.0
4010000	477.0
4020000	464.0
4030000	461.0
4040000	463.0
4050000	469.0
4060000	468.0
4070000	469.0
4080000	466.0
4090000	469.0
4100000	447.0
4110000	460.0
4120000	472.0
4130000	462.0
4140000	460.0
4150000	480.0
4160000	469.0
4170000	469.0
4180000	473.0
4190000	474.0
4200000	464.0
4210000	468.0
4220000	476.0
4230000	475.0
4240000	477.0
4250000	476.0
4260000	479.0
4270000	464.0
4280000	467.0
4290000	460.0
4300000	466.0
4310000	469.0
4320000	466.0
4330000	473.0
4340000	480.0
4350000	469.0
4360000	472.0
4370000	461.0
4380000	468.0
4390000	462.0
4400000	476.0
4410000	462.0
4420000	469.0
4430000	480.0
4440000	460.0
4450000	467.0
4460000	467.0
4470000	462.0
4480000	472.0
4490000	472.0
4500000	474.0
4510000	471.0
4520000	464.0
4530000	474.0
4540000	465.0
4550000	478.0
4560000	477.0
4570000	453.0
4580000	471.0
4590000	465.0
4600000	465.0
4610000	468.0
4620000	459.0
4630000	461.0
4640000	464.0
4650000	472.0
4660000	465.0
4670000	461.0
4680000	457.0
4690000	474.0
4700000	463.0
4710000	464.0
4720000	473.0
4730000	473.0
4740000	472.0
4750000	467.0
4760000	466.0
4770000	469.0
4780000	455.0
4790000	470.0
4800000	471.0
4810000	473.0
4820000	451.0
4830000	457.0
4840000	470.0
4850000	475.0
4860000	461.0
4870000	471.0
4880000	455.0
4890000	469.0
4900000	453.0
4910000	474.0
4920000	468.0
4930000	468.0
4940000	460.0
4950000	462.0
4960000	467.0
4970000	472.0
4980000	466.0
4990000	472.0
5000000	461.0
