10000	-13.0
20000	-10.0
30000	-16.0
40000	-13.0
50000	-18.0
60000	-13.0
70000	-8.0
80000	-11.0
90000	-10.0
100000	-11.0
110000	-11.0
120000	-11.0
130000	-11.0
140000	-14.0
150000	-12.0
160000	-14.0
170000	-15.0
180000	-7.0
190000	-22.0
200000	-6.0
210000	0.0
220000	-16.0
230000	-11.0
240000	-20.0
250000	-9.0
260000	-9.0
270000	-7.0
280000	-16.0
290000	-34.0
300000	-24.0
310000	-26.0
320000	-19.0
330000	-11.0
340000	-24.0
350000	-7.0
360000	-28.0
370000	-19.0
380000	-6.0
390000	-4.0
400000	-12.0
410000	-13.0
420000	14.0
430000	-3.0
440000	60.0
450000	137.0
460000	342.0
470000	440.0
480000	409.0
490000	470.0
500000	466.0
510000	438.0
520000	455.0
530000	466.0
540000	468.0
550000	462.0
560000	475.0
570000	464.0
580000	464.0
590000	464.0
600000	477.0
610000	461.0
620000	458.0
630000	471.0
640000	468.0
650000	476.0
660000	469.0
670000	468.0
680000	476.0
690000	465.0
700000	470.0
710000	466.0
720000	463.0
730000	467.0
740000	478.0
750000	464.0
760000	471.0
770000	471.0
780000	458.0
790000	430.0
800000	453.0
810000	455.0
820000	462.0
830000	466.0
840000	467.0
850000	456.0
860000	460.0
870000	467.0
880000	471.0
890000	474.0
900000	462.0
910000	477.0
920000	467.0
930000	451.0
940000	466.0
950000	472.0
960000	455.0
970000	465.0
980000	464.0
990000	459.0
1000000	466.0
1010000	464.0
1020000	469.0
1030000	472.0
1040000	476.0
1050000	472.0
1060000	480.0
1070000	469.0
1080000	472.0
1090000	468.0
1100000	477.0
1110000	476.0
1120000	475.0
1130000	476.0
1140000	469.0
1150000	469.0
1160000	477.0
1170000	468.0
1180000	471.0
1190000	479.0
1200000	472.0
1210000	466.0
1220000	464.0
1230000	467.0
1240000	473.0
1250000	473.0
1260000	471.0
1270000	474.0
1280000	470.0
1290000	471.0
1300000	471.0
1310000	462.0
1320000	478.0
1330000	468.0
1340000	470.0
1350000	475.0
1360000	477.0
1370000	468.0
1380000	470.0
1390000	473.0
1400000	461.0
1410000	469.0
1420000	462.0
1430000	470.0
1440000	478.0
1450000	478.0
1460000	467.0
1470000	463.0
1480000	467.0
1490000	474.0
1500000	480.0
1510000	464.0
1520000	468.0
1530000	470.0
1540000	480.0
1550000	467.0
1560000	468.0
1570000	472.0
1580000	471.0
1590000	456.0
1600000	473.0
1610000	465.0
1620000	464.0
1630000	474.0
1640000	475.0
1650000	467.0
1660000	466.0
1670000	466.0
1680000	460.0
1690000	473.0
1700000	468.0
1710000	468.0
1720000	459.0
1730000	471.0
1740000	482.0
1750000	447.0
1760000	472.0
1770000	483.0
1780000	475.0
1790000	470.0
1800000	471.0
1810000	471.0
1820000	476.0
1830000	454.0
1840000	244.0
1850000	475.0
1860000	460.0
1870000	472.0
1880000	471.0
1890000	473.0
1900000	473.0
1910000	473.0
1920000	469.0
1930000	457.0
1940000	472.0
1950000	468.0
1960000	471.0
1970000	473.0
1980000	466.0
1990000	476.0
2000000	475.0
2010000	472.0
2020000	469.0
2030000	473.0
2040000	473.0
2050000	465.0
2060000	479.0
2070000	466.0
2080000	473.0
2090000	457.0
2100000	469.0
2110000	454.0
2120000	473.0
2130000	472.0
2140000	478.0
2150000	470.0
2160000	470.0
2170000	473.0
2180000	465.0
2190000	474.0
2200000	474.0
2210000	455.0
2220000	470.0
2230000	466.0
2240000	480.0
2250000	471.0
2260000	474.0
2270000	474.0
2280000	474.0
2290000	474.0
2300000	460.0
2310000	469.0
2320000	462.0
2330000	463.0
2340000	469.0
2350000	474.0
2360000	403.0
2370000	478.0
2380000	469.0
2390000	466.0
2400000	479.0
2410000	476.0
2420000	469.0
2430000	477.0
2440000	468.0
2450000	472.0
2460000	472.0
2470000	479.0
2480000	471.0
2490000	469.0
2500000	477.0
2510000	468.0
2520000	472.0
2530000	479.0
2540000	467.0
2550000	469.0
2560000	476.0
2570000	471.0
2580000	468.0
2590000	472.0
2600000	462.0
2610000	472.0
2620000	470.0
2630000	472.0
2640000	468.0
2650000	471.0
2660000	479.0
2670000	477.0
2680000	470.0
2690000	477.0
2700000	478.0
2710000	473.0
2720000	476.0
2730000	479.0
2740000	472.0
2750000	479.0
2760000	478.0
2770000	476.0
2780000	413.0
2790000	453.0
2800000	463.0
2810000	468.0
2820000	464.0
2830000	457.0
2840000	465.0
2850000	468.0
2860000	471.0
2870000	464.0
2880000	465.0
2890000	476.0
2900000	469.0
2910000	462.0
2920000	470.0
2930000	474.0
2940000	470.0
2950000	480.0
2960000	458.0
2970000	472.0
2980000	477.0
2990000	471.0
3000000	478.0
3010000	478.0
3020000	481.0
3030000	477.0
3040000	474.0
3050000	472.0
3060000	478.0
3070000	470.0
3080000	466.0
3090000	462.0
3100000	477.0
3110000	465.0
3120000	473.0
3130000	476.0
3140000	472.0
3150000	466.0
3160000	466.0
3170000	475.0
3180000	473.0
3190000	476.0
3200000	464.0
3210000	470.0
3220000	463.0
3230000	460.0
3240000	461.0
3250000	469.0
3260000	468.0
3270000	468.0
3280000	468.0
3290000	467.0
3300000	469.0
3310000	470.0
3320000	469.0
3330000	462.0
3340000	466.0
3350000	467.0
3360000	473.0
3370000	469.0
3380000	462.0
3390000	475.0
3400000	464.0
3410000	476.0
3420000	476.0
3430000	469.0
3440000	462.0
3450000	465.0
3460000	466.0
3470000	471.0
3480000	466.0
3490000	474.0
3500000	471.0
3510000	461.0
3520000	473.0
3530000	468.0
3540000	476.0
3550000	468.0
3560000	475.0
3570000	479.0
3580000	469.0
3590000	473.0
3600000	473.0
3610000	439.0
3620000	439.0
3630000	466.0
3640000	414.0
3650000	475.0
3660000	458.0
3670000	463.0
3680000	466.0
3690000	469.0
3700000	474.0
3710000	460.0
3720000	260.0
3730000	457.0
3740000	461.0
3750000	473.0
3760000	466.0
3770000	441.0
3780000	467.0
3790000	467.0
3800000	474.0
3810000	459.0
3820000	471.0
3830000	477.0
3840000	467.0
3850000	470.0
3860000	474.0
3870000	474.0
3880000	480.0
3890000	460.0
3900000	475.0
3910000	470.0
3920000	462.0
3930000	477.0
3940000	471.0
3950000	470.0
3960000	467.0
3970000	468.0
3980000	476.0
3990000	469.0
4000000	472.0
4010000	465.0
4020000	468.0
4030000	475.0
4040000	472.0
4050000	469.0
4060000	473.0
4070000	456.0
4080000	472.0
4090000	462.0
4100000	472.0
4110000	468.0
4120000	477.0
4130000	474.0
4140000	474.0
4150000	471.0
4160000	471.0
4170000	468.0
4180000	474.0
4190000	469.0
4200000	477.0
4210000	479.0
4220000	474.0
4230000	481.0
4240000	479.0
4250000	465.0
4260000	473.0
4270000	470.0
4280000	470.0
4290000	478.0
4300000	466.0
4310000	464.0
4320000	478.0
4330000	475.0
4340000	469.0
4350000	471.0
4360000	463.0
4370000	473.0
4380000	479.0
4390000	449.0
4400000	470.0
4410000	466.0
4420000	463.0
4430000	469.0
4440000	469.0
4450000	470.0
4460000	475.0
4470000	472.0
4480000	485.0
4490000	474.0
4500000	474.0
4510000	469.0
4520000	480.0
4530000	471.0
4540000	470.0
4550000	486.0
4560000	474.0
4570000	470.0
4580000	480.0
4590000	461.0
4600000	466.0
4610000	474.0
4620000	478.0
4630000	472.0
4640000	464.0
4650000	436.0
4660000	473.0
4670000	471.0
4680000	479.0
4690000	474.0
4700000	475.0
4710000	480.0
4720000	459.0
4730000	475.0
4740000	474.0
4750000	468.0
4760000	470.0
4770000	455.0
4780000	477.0
4790000	472.0
4800000	471.0
4810000	471.0
4820000	470.0
4830000	476.0
4840000	465.0
4850000	457.0
4860000	472.0
4870000	472.0
4880000	464.0
4890000	466.0
4900000	474.0
4910000	472.0
4920000	470.0
4930000	468.0
4940000	479.0
4950000	468.0
4960000	455.0
4970000	468.0
4980000	466.0
4990000	470.0
5000000	464.0
