10000	-19.0
20000	-20.0
30000	-15.0
40000	-8.0
50000	-12.0
60000	-9.0
70000	-2.0
80000	-15.0
90000	-10.0
100000	-4.0
110000	-24.0
120000	-5.0
130000	-6.0
140000	-11.0
150000	-21.0
160000	-9.0
170000	-12.0
180000	-15.0
190000	-14.0
200000	-10.0
210000	-22.0
220000	-16.0
230000	-8.0
240000	-12.0
250000	-3.0
260000	-10.0
270000	-31.0
280000	-30.0
290000	-47.0
300000	-28.0
310000	-17.0
320000	-40.0
330000	-39.0
340000	-38.0
350000	-14.0
360000	-18.0
370000	-3.0
380000	-29.0
390000	-11.0
400000	-11.0
410000	-29.0
420000	-41.0
430000	-35.0
440000	-12.0
450000	-12.0
460000	-2.0
470000	56.0
480000	84.0
490000	163.0
500000	226.0
510000	452.0
520000	469.0
530000	470.0
540000	463.0
550000	469.0
560000	463.0
570000	463.0
580000	460.0
590000	468.0
600000	468.0
610000	458.0
620000	475.0
630000	476.0
640000	466.0
650000	475.0
660000	472.0
670000	453.0
680000	471.0
690000	475.0
700000	475.0
710000	465.0
720000	472.0
730000	471.0
740000	431.0
750000	428.0
760000	465.0
770000	384.0
780000	454.0
790000	470.0
800000	474.0
810000	463.0
820000	470.0
830000	470.0
840000	466.0
850000	472.0
860000	475.0
870000	471.0
880000	470.0
890000	470.0
900000	461.0
910000	474.0
920000	467.0
930000	453.0
940000	475.0
950000	465.0
960000	470.0
970000	473.0
980000	471.0
990000	452.0
1000000	469.0
1010000	471.0
1020000	475.0
1030000	476.0
1040000	467.0
1050000	475.0
1060000	464.0
1070000	456.0
1080000	471.0
1090000	466.0
1100000	464.0
1110000	470.0
1120000	471.0
1130000	474.0
1140000	470.0
1150000	437.0
1160000	457.0
1170000	475.0
1180000	466.0
1190000	467.0
1200000	459.0
1210000	468.0
1220000	465.0
1230000	469.0
1240000	468.0
1250000	462.0
1260000	472.0
1270000	476.0
1280000	472.0
1290000	472.0
1300000	468.0
1310000	473.0
1320000	472.0
1330000	477.0
1340000	465.0
1350000	472.0
1360000	478.0
1370000	470.0
1380000	466.0
1390000	474.0
1400000	472.0
1410000	469.0
1420000	462.0
1430000	474.0
1440000	479.0
1450000	462.0
1460000	475.0
1470000	467.0
1480000	472.0
1490000	470.0
1500000	475.0
1510000	472.0
1520000	464.0
1530000	457.0
1540000	470.0
1550000	473.0
1560000	475.0
1570000	470.0
1580000	474.0
1590000	471.0
1600000	474.0
1610000	470.0
1620000	477.0
1630000	472.0
1640000	476.0
1650000	473.0
1660000	453.0
1670000	473.0
1680000	475.0
1690000	469.0
1700000	465.0
1710000	417.0
1720000	467.0
1730000	474.0
1740000	464.0
1750000	477.0
1760000	476.0
1770000	480.0
1780000	472.0
1790000	474.0
1800000	468.0
1810000	472.0
1820000	469.0
1830000	469.0
1840000	465.0
1850000	468.0
1860000	464.0
1870000	468.0
1880000	472.0
1890000	468.0
1900000	473.0
1910000	468.0
1920000	468.0
1930000	477.0
1940000	477.0
1950000	468.0
1960000	471.0
1970000	460.0
1980000	472.0
1990000	476.0
2000000	473.0
2010000	469.0
2020000	465.0
2030000	474.0
2040000	469.0
2050000	465.0
2060000	480.0
2070000	459.0
2080000	472.0
2090000	477.0
2100000	458.0
2110000	464.0
2120000	470.0
2130000	473.0
2140000	474.0
2150000	457.0
2160000	469.0
2170000	473.0
2180000	454.0
2190000	442.0
2200000	466.0
2210000	467.0
2220000	472.0
2230000	462.0
2240000	465.0
2250000	471.0
2260000	466.0
2270000	472.0
2280000	478.0
2290000	468.0
2300000	455.0
2310000	443.0
2320000	471.0
2330000	473.0
2340000	457.0
2350000	451.0
2360000	470.0
2370000	476.0
2380000	467.0
2390000	481.0
2400000	482.0
2410000	462.0
2420000	474.0
2430000	471.0
2440000	469.0
2450000	471.0
2460000	479.0
2470000	473.0
2480000	451.0
2490000	471.0
2500000	459.0
2510000	455.0
2520000	471.0
2530000	455.0
2540000	442.0
2550000	391.0
2560000	473.0
2570000	285.0
2580000	470.0
2590000	476.0
2600000	472.0
2610000	466.0
2620000	474.0
2630000	473.0
2640000	469.0
2650000	466.0
2660000	467.0
2670000	467.0
2680000	467.0
2690000	468.0
2700000	478.0
2710000	475.0
2720000	472.0
2730000	463.0
2740000	475.0
2750000	478.0
2760000	471.0
2770000	462.0
2780000	472.0
2790000	463.0
2800000	474.0
2810000	467.0
2820000	464.0
2830000	459.0
2840000	478.0
2850000	430.0
2860000	426.0
2870000	468.0
2880000	461.0
2890000	467.0
2900000	473.0
2910000	466.0
2920000	468.0
2930000	435.0
2940000	477.0
2950000	474.0
2960000	473.0
2970000	465.0
2980000	469.0
2990000	479.0
3000000	475.0
3010000	479.0
3020000	474.0
3030000	473.0
3040000	454.0
3050000	465.0
3060000	475.0
3070000	467.0
3080000	465.0
3090000	472.0
3100000	466.0
3110000	472.0
3120000	478.0
3130000	475.0
3140000	470.0
3150000	480.0
3160000	475.0
3170000	469.0
3180000	483.0
3190000	472.0
3200000	480.0
3210000	472.0
3220000	472.0
3230000	464.0
3240000	472.0
3250000	471.0
3260000	475.0
3270000	469.0
3280000	473.0
3290000	467.0
3300000	474.0
3310000	472.0
3320000	465.0
3330000	470.0
3340000	468.0
3350000	473.0
3360000	461.0
3370000	477.0
3380000	466.0
3390000	470.0
3400000	475.0
3410000	474.0
3420000	469.0
3430000	458.0
3440000	472.0
3450000	472.0
3460000	476.0
3470000	458.0
3480000	479.0
3490000	463.0
3500000	484.0
3510000	470.0
3520000	472.0
3530000	473.0
3540000	465.0
3550000	474.0
3560000	468.0
3570000	472.0
3580000	468.0
3590000	472.0
3600000	474.0
3610000	476.0
3620000	478.0
3630000	472.0
3640000	475.0
3650000	473.0
3660000	474.0
3670000	476.0
3680000	471.0
3690000	464.0
3700000	474.0
3710000	469.0
3720000	470.0
3730000	473.0
3740000	474.0
3750000	481.0
3760000	478.0
3770000	470.0
3780000	472.0
3790000	477.0
3800000	474.0
3810000	478.0
3820000	472.0
3830000	474.0
3840000	477.0
3850000	479.0
3860000	476.0
3870000	475.0
3880000	473.0
3890000	469.0
3900000	468.0
3910000	465.0
3920000	475.0
3930000	467.0
3940000	463.0
3950000	475.0
3960000	478.0
3970000	467.0
3980000	479.0
3990000	465.0
4000000	438.0
4010000	476.0
4020000	477.0
4030000	471.0
4040000	474.0
4050000	479.0
4060000	464.0
4070000	475.0
4080000	471.0
4090000	460.0
4100000	473.0
4110000	471.0
4120000	473.0
4130000	470.0
4140000	474.0
4150000	468.0
4160000	473.0
4170000	466.0
4180000	465.0
4190000	461.0
4200000	470.0
4210000	471.0
4220000	474.0
4230000	477.0
4240000	476.0
4250000	476.0
4260000	472.0
4270000	463.0
4280000	476.0
4290000	470.0
4300000	477.0
4310000	471.0
4320000	473.0
4330000	476.0
4340000	477.0
4350000	474.0
4360000	473.0
4370000	473.0
4380000	472.0
4390000	454.0
4400000	474.0
4410000	466.0
4420000	473.0
4430000	474.0
4440000	471.0
4450000	472.0
4460000	471.0
4470000	466.0
4480000	462.0
4490000	476.0
4500000	452.0
4510000	471.0
4520000	465.0
4530000	477.0
4540000	474.0
4550000	478.0
4560000	465.0
4570000	465.0
4580000	464.0
4590000	477.0
4600000	470.0
4610000	476.0
4620000	465.0
4630000	416.0
4640000	464.0
4650000	475.0
4660000	473.0
4670000	474.0
4680000	476.0
4690000	431.0
4700000	474.0
4710000	472.0
4720000	459.0
4730000	478.0
4740000	473.0
4750000	469.0
4760000	467.0
4770000	450.0
4780000	467.0
4790000	469.0
4800000	471.0
4810000	476.0
4820000	462.0
4830000	478.0
4840000	467.0
4850000	473.0
4860000	463.0
4870000	480.0
4880000	475.0
4890000	466.0
4900000	478.0
4910000	465.0
4920000	464.0
4930000	476.0
4940000	468.0
4950000	469.0
4960000	467.0
4970000	467.0
4980000	465.0
4990000	458.0
5000000	470.0
