10000	-11.0
20000	-14.0
30000	-10.0
40000	-8.0
50000	-7.0
60000	-17.0
70000	-5.0
80000	-10.0
90000	-5.0
100000	-12.0
110000	-8.0
120000	-14.0
130000	-17.0
140000	-12.0
150000	-14.0
160000	-13.0
170000	-2.0
180000	-12.0
190000	-16.0
200000	-9.0
210000	-10.0
220000	-15.0
230000	-4.0
240000	-5.0
250000	-10.0
260000	-11.0
270000	-7.0
280000	-6.0
290000	-16.0
300000	-8.0
310000	-1.0
320000	-10.0
330000	-9.0
340000	-6.0
350000	-9.0
360000	-14.0
370000	-20.0
380000	-10.0
390000	-11.0
400000	-8.0
410000	19.0
420000	46.0
430000	239.0
440000	480.0
450000	470.0
460000	477.0
470000	473.0
480000	478.0
490000	477.0
500000	465.0
510000	472.0
520000	475.0
530000	475.0
540000	465.0
550000	475.0
560000	471.0
570000	474.0
580000	473.0
590000	463.0
600000	464.0
610000	477.0
620000	461.0
630000	471.0
640000	467.0
650000	473.0
660000	477.0
670000	464.0
680000	475.0
690000	473.0
700000	466.0
710000	468.0
720000	477.0
730000	465.0
740000	461.0
750000	462.0
760000	475.0
770000	461.0
780000	-11.0
790000	-3.0
800000	-11.0
810000	-11.0
820000	-7.0
830000	-5.0
840000	67.0
850000	76.0
860000	57.0
870000	452.0
880000	467.0
890000	478.0
900000	470.0
910000	473.0
920000	464.0
930000	468.0
940000	481.0
950000	469.0
960000	469.0
970000	459.0
980000	467.0
990000	466.0
1000000	464.0
1010000	477.0
1020000	469.0
1030000	477.0
1040000	475.0
1050000	459.0
1060000	470.0
1070000	472.0
1080000	476.0
1090000	479.0
1100000	472.0
1110000	465.0
1120000	463.0
1130000	471.0
1140000	463.0
1150000	465.0
1160000	475.0
1170000	471.0
1180000	469.0
1190000	463.0
1200000	460.0
1210000	470.0
1220000	468.0
1230000	464.0
1240000	464.0
1250000	471.0
1260000	472.0
1270000	464.0
1280000	474.0
1290000	467.0
1300000	475.0
1310000	474.0
1320000	471.0
1330000	474.0
1340000	473.0
1350000	470.0
1360000	467.0
1370000	468.0
1380000	473.0
1390000	473.0
1400000	464.0
1410000	466.0
1420000	465.0
1430000	462.0
1440000	459.0
1450000	461.0
1460000	466.0
1470000	468.0
1480000	460.0
1490000	472.0
1500000	459.0
1510000	465.0
1520000	471.0
1530000	462.0
1540000	466.0
1550000	461.0
1560000	467.0
1570000	467.0
1580000	457.0
1590000	470.0
1600000	470.0
1610000	462.0
1620000	474.0
1630000	470.0
1640000	476.0
1650000	475.0
1660000	472.0
1670000	474.0
1680000	472.0
1690000	466.0
1700000	469.0
1710000	468.0
1720000	479.0
1730000	471.0
1740000	465.0
1750000	470.0
1760000	477.0
1770000	476.0
1780000	461.0
1790000	468.0
1800000	476.0
1810000	464.0
1820000	453.0
1830000	474.0
1840000	469.0
1850000	468.0
1860000	478.0
1870000	471.0
1880000	475.0
1890000	476.0
1900000	470.0
1910000	463.0
1920000	470.0
1930000	462.0
1940000	467.0
1950000	472.0
1960000	471.0
1970000	456.0
1980000	470.0
1990000	466.0
2000000	472.0
2010000	466.0
2020000	464.0
2030000	475.0
2040000	463.0
2050000	475.0
2060000	467.0
2070000	473.0
2080000	467.0
2090000	459.0
2100000	471.0
2110000	473.0
2120000	456.0
2130000	468.0
2140000	467.0
2150000	467.0
2160000	472.0
2170000	468.0
2180000	470.0
2190000	465.0
2200000	480.0
2210000	469.0
2220000	479.0
2230000	468.0
2240000	472.0
2250000	465.0
2260000	480.0
2270000	454.0
2280000	464.0
2290000	461.0
2300000	462.0
2310000	472.0
2320000	470.0
2330000	466.0
2340000	476.0
2350000	459.0
2360000	466.0
2370000	466.0
2380000	464.0
2390000	468.0
2400000	462.0
2410000	466.0
2420000	469.0
2430000	462.0
2440000	469.0
2450000	476.0
2460000	463.0
2470000	464.0
2480000	479.0
2490000	473.0
2500000	463.0
2510000	462.0
2520000	464.0
2530000	471.0
2540000	466.0
2550000	470.0
2560000	462.0
2570000	449.0
2580000	466.0
2590000	467.0
2600000	469.0
2610000	475.0
2620000	476.0
2630000	462.0
2640000	469.0
2650000	462.0
2660000	463.0
2670000	472.0
2680000	477.0
2690000	467.0
2700000	467.0
2710000	470.0
2720000	462.0
2730000	466.0
2740000	465.0
2750000	463.0
2760000	470.0
2770000	472.0
2780000	467.0
2790000	476.0
2800000	466.0
2810000	472.0
2820000	465.0
2830000	466.0
2840000	462.0
2850000	474.0
2860000	461.0
2870000	479.0
2880000	466.0
2890000	479.0
2900000	475.0
2910000	470.0
2920000	467.0
2930000	470.0
2940000	470.0
2950000	466.0
2960000	474.0
2970000	476.0
2980000	469.0
2990000	473.0
3000000	472.0
3010000	413.0
3020000	467.0
3030000	474.0
3040000	471.0
3050000	468.0
3060000	456.0
3070000	476.0
3080000	469.0
3090000	469.0
3100000	470.0
3110000	466.0
3120000	480.0
3130000	472.0
3140000	471.0
3150000	484.0
3160000	461.0
3170000	469.0
3180000	474.0
3190000	467.0
3200000	464.0
3210000	476.0
3220000	476.0
3230000	477.0
3240000	473.0
3250000	456.0
3260000	462.0
3270000	471.0
3280000	467.0
3290000	468.0
3300000	465.0
3310000	467.0
3320000	470.0
3330000	472.0
3340000	462.0
3350000	463.0
3360000	470.0
3370000	469.0
3380000	470.0
3390000	476.0
3400000	457.0
3410000	463.0
3420000	475.0
3430000	474.0
3440000	469.0
3450000	468.0
3460000	466.0
3470000	455.0
3480000	470.0
3490000	462.0
3500000	468.0
3510000	479.0
3520000	471.0
3530000	467.0
3540000	474.0
3550000	472.0
3560000	468.0
3570000	467.0
3580000	469.0
3590000	475.0
3600000	467.0
3610000	470.0
3620000	467.0
3630000	466.0
3640000	437.0
3650000	472.0
3660000	472.0
3670000	476.0
3680000	472.0
3690000	461.0
3700000	465.0
3710000	467.0
3720000	474.0
3730000	476.0
3740000	471.0
3750000	475.0
3760000	479.0
3770000	473.0
3780000	470.0
3790000	470.0
3800000	473.0
3810000	475.0
3820000	471.0
3830000	462.0
3840000	466.0
3850000	470.0
3860000	469.0
3870000	476.0
3880000	468.0
3890000	470.0
3900000	470.0
3910000	468.0
3920000	470.0
3930000	472.0
3940000	477.0
3950000	480.0
3960000	462.0
3970000	466.0
3980000	464.0
3990000	470.0
4000000	469.0
4010000	466.0
4020000	479.0
4030000	471.0
4040000	470.0
4050000	447.0
4060000	464.0
4070000	466.0
4080000	465.0
4090000	465.0
4100000	469.0
4110000	477.0
4120000	472.0
4130000	477.0
4140000	480.0
4150000	477.0
4160000	469.0
4170000	459.0
4180000	472.0
4190000	470.0
4200000	460.0
4210000	481.0
4220000	464.0
4230000	467.0
4240000	467.0
4250000	471.0
4260000	467.0
4270000	466.0
4280000	465.0
4290000	475.0
4300000	466.0
4310000	469.0
4320000	474.0
4330000	471.0
4340000	461.0
4350000	472.0
4360000	473.0
4370000	474.0
4380000	462.0
4390000	462.0
4400000	460.0
4410000	463.0
4420000	465.0
4430000	472.0
4440000	459.0
4450000	471.0
4460000	480.0
4470000	475.0
4480000	467.0
4490000	468.0
4500000	469.0
4510000	468.0
4520000	471.0
4530000	469.0
4540000	471.0
4550000	473.0
4560000	462.0
4570000	474.0
4580000	473.0
4590000	465.0
4600000	460.0
4610000	471.0
4620000	466.0
4630000	463.0
4640000	463.0
4650000	470.0
4660000	471.0
4670000	476.0
4680000	476.0
4690000	469.0
4700000	474.0
4710000	468.0
4720000	468.0
4730000	473.0
4740000	468.0
4750000	475.0
4760000	477.0
4770000	466.0
4780000	478.0
4790000	471.0
4800000	464.0
4810000	476.0
4820000	473.0
4830000	472.0
4840000	461.0
4850000	467.0
4860000	471.0
4870000	468.0
4880000	469.0
4890000	472.0
4900000	465.0
4910000	469.0
4920000	468.0
4930000	468.0
4940000	468.0
4950000	469.0
4960000	463.0
4970000	460.0
4980000	470.0
4990000	461.0
5000000	475.0
