10000	-8.0
20000	-9.0
30000	-5.0
40000	-8.0
50000	-5.0
60000	-12.0
70000	-11.0
80000	-25.0
90000	-7.0
100000	-3.0
110000	-9.0
120000	-7.0
130000	-4.0
140000	-12.0
150000	-12.0
160000	-3.0
170000	-6.0
180000	-12.0
190000	-6.0
200000	-16.0
210000	-3.0
220000	-9.0
230000	-7.0
240000	-15.0
250000	-24.0
260000	-10.0
270000	-23.0
280000	-5.0
290000	-21.0
300000	-6.0
310000	-8.0
320000	-14.0
330000	-4.0
340000	1.0
350000	-11.0
360000	-16.0
370000	-7.0
380000	116.0
390000	182.0
400000	236.0
410000	273.0
420000	199.0
430000	248.0
440000	226.0
450000	303.0
460000	357.0
470000	371.0
480000	351.0
490000	358.0
500000	356.0
510000	374.0
520000	360.0
530000	331.0
540000	378.0
550000	398.0
560000	445.0
570000	454.0
580000	449.0
590000	417.0
600000	369.0
610000	348.0
620000	362.0
630000	427.0
640000	475.0
650000	476.0
660000	466.0
670000	470.0
680000	471.0
690000	467.0
700000	416.0
710000	406.0
720000	429.0
730000	449.0
740000	470.0
750000	479.0
760000	481.0
770000	461.0
780000	479.0
790000	454.0
800000	469.0
810000	470.0
820000	462.0
830000	464.0
840000	467.0
850000	465.0
860000	468.0
870000	473.0
880000	453.0
890000	473.0
900000	477.0
910000	478.0
920000	465.0
930000	472.0
940000	458.0
950000	471.0
960000	468.0
970000	475.0
980000	474.0
990000	470.0
1000000	467.0
1010000	462.0
1020000	475.0
1030000	479.0
1040000	475.0
1050000	469.0
1060000	475.0
1070000	468.0
1080000	472.0
1090000	462.0
1100000	473.0
1110000	469.0
1120000	461.0
1130000	467.0
1140000	474.0
1150000	474.0
1160000	466.0
1170000	470.0
1180000	465.0
1190000	468.0
1200000	476.0
1210000	474.0
1220000	455.0
1230000	473.0
1240000	475.0
1250000	473.0
1260000	460.0
1270000	472.0
1280000	467.0
1290000	469.0
1300000	474.0
1310000	468.0
1320000	467.0
1330000	471.0
1340000	467.0
1350000	476.0
1360000	470.0
1370000	470.0
1380000	473.0
1390000	454.0
1400000	473.0
1410000	469.0
1420000	455.0
1430000	470.0
1440000	455.0
1450000	476.0
1460000	466.0
1470000	476.0
1480000	468.0
1490000	467.0
1500000	467.0
1510000	462.0
1520000	472.0
1530000	465.0
1540000	470.0
1550000	466.0
1560000	464.0
1570000	468.0
1580000	472.0
1590000	472.0
1600000	474.0
1610000	462.0
1620000	467.0
1630000	467.0
1640000	474.0
1650000	472.0
1660000	464.0
1670000	468.0
1680000	474.0
1690000	471.0
1700000	465.0
1710000	470.0
1720000	472.0
1730000	465.0
1740000	464.0
1750000	458.0
1760000	478.0
1770000	470.0
1780000	468.0
1790000	467.0
1800000	476.0
1810000	478.0
1820000	465.0
1830000	469.0
1840000	469.0
1850000	466.0
1860000	468.0
1870000	467.0
1880000	464.0
1890000	475.0
1900000	475.0
1910000	480.0
1920000	461.0
1930000	472.0
1940000	467.0
1950000	465.0
1960000	461.0
1970000	464.0
1980000	468.0
1990000	468.0
2000000	472.0
2010000	477.0
2020000	475.0
2030000	469.0
2040000	465.0
2050000	462.0
2060000	475.0
2070000	463.0
2080000	456.0
2090000	475.0
2100000	467.0
2110000	468.0
2120000	472.0
2130000	477.0
2140000	473.0
2150000	457.0
2160000	467.0
2170000	462.0
2180000	480.0
2190000	460.0
2200000	466.0
2210000	474.0
2220000	472.0
2230000	467.0
2240000	475.0
2250000	469.0
2260000	477.0
2270000	470.0
2280000	475.0
2290000	473.0
2300000	467.0
2310000	478.0
2320000	471.0
2330000	469.0
2340000	466.0
2350000	470.0
2360000	468.0
2370000	468.0
2380000	470.0
2390000	465.0
2400000	469.0
2410000	464.0
2420000	470.0
2430000	472.0
2440000	468.0
2450000	478.0
2460000	474.0
2470000	466.0
2480000	474.0
2490000	469.0
2500000	472.0
2510000	466.0
2520000	471.0
2530000	477.0
2540000	472.0
2550000	476.0
2560000	466.0
2570000	473.0
2580000	458.0
2590000	468.0
2600000	479.0
2610000	466.0
2620000	472.0
2630000	477.0
2640000	461.0
2650000	463.0
2660000	468.0
2670000	467.0
2680000	479.0
2690000	468.0
2700000	458.0
2710000	470.0
2720000	471.0
2730000	467.0
2740000	480.0
2750000	470.0
2760000	475.0
2770000	470.0
2780000	478.0
2790000	462.0
2800000	471.0
2810000	472.0
2820000	467.0
2830000	464.0
2840000	470.0
2850000	481.0
2860000	470.0
2870000	469.0
2880000	475.0
2890000	469.0
2900000	470.0
2910000	463.0
2920000	466.0
2930000	471.0
2940000	474.0
2950000	468.0
2960000	460.0
2970000	475.0
2980000	477.0
2990000	468.0
3000000	459.0
3010000	465.0
3020000	462.0
3030000	458.0
3040000	466.0
3050000	470.0
3060000	470.0
3070000	479.0
3080000	473.0
3090000	466.0
3100000	473.0
3110000	464.0
3120000	468.0
3130000	472.0
3140000	461.0
3150000	477.0
3160000	459.0
3170000	455.0
3180000	465.0
3190000	463.0
3200000	467.0
3210000	467.0
3220000	461.0
3230000	472.0
3240000	470.0
3250000	463.0
3260000	467.0
3270000	467.0
3280000	470.0
3290000	465.0
3300000	471.0
3310000	468.0
3320000	476.0
3330000	476.0
3340000	475.0
3350000	469.0
3360000	473.0
3370000	472.0
3380000	469.0
3390000	465.0
3400000	456.0
3410000	468.0
3420000	477.0
3430000	472.0
3440000	478.0
3450000	469.0
3460000	473.0
3470000	470.0
3480000	469.0
3490000	479.0
3500000	463.0
3510000	475.0
3520000	471.0
3530000	465.0
3540000	473.0
3550000	475.0
3560000	470.0
3570000	475.0
3580000	471.0
3590000	475.0
3600000	465.0
3610000	473.0
3620000	472.0
3630000	460.0
3640000	461.0
3650000	468.0
3660000	475.0
3670000	476.0
3680000	461.0
3690000	464.0
3700000	466.0
3710000	464.0
3720000	478.0
3730000	477.0
3740000	463.0
3750000	464.0
3760000	474.0
3770000	463.0
3780000	468.0
3790000	468.0
3800000	474.0
3810000	467.0
3820000	478.0
3830000	469.0
3840000	477.0
3850000	472.0
3860000	458.0
3870000	473.0
3880000	459.0
3890000	467.0
3900000	466.0
3910000	468.0
3920000	465.0
3930000	465.0
3940000	467.0
3950000	470.0
3960000	477.0
3970000	467.0
3980000	473.0
3990000	466.0
4000000	461.0
4010000	464.0
4020000	472.0
4030000	467.0
4040000	468.0
4050000	465.0
4060000	460.0
4070000	481.0
4080000	470.0
4090000	469.0
4100000	479.0
4110000	467.0
4120000	464.0
4130000	471.0
4140000	480.0
4150000	463.0
4160000	473.0
4170000	474.0
4180000	475.0
4190000	468.0
4200000	459.0
4210000	474.0
4220000	474.0
4230000	471.0
4240000	467.0
4250000	478.0
4260000	469.0
4270000	464.0
4280000	470.0
4290000	462.0
4300000	471.0
4310000	465.0
4320000	468.0
4330000	482.0
4340000	478.0
4350000	477.0
4360000	464.0
4370000	461.0
4380000	466.0
4390000	466.0
4400000	469.0
4410000	474.0
4420000	468.0
4430000	470.0
4440000	473.0
4450000	467.0
4460000	472.0
4470000	472.0
4480000	472.0
4490000	462.0
4500000	472.0
4510000	470.0
4520000	479.0
4530000	465.0
4540000	469.0
4550000	473.0
4560000	473.0
4570000	460.0
4580000	475.0
4590000	479.0
4600000	462.0
4610000	471.0
4620000	467.0
4630000	463.0
4640000	469.0
4650000	477.0
4660000	472.0
4670000	472.0
4680000	474.0
4690000	471.0
4700000	459.0
4710000	477.0
4720000	472.0
4730000	475.0
4740000	475.0
4750000	477.0
4760000	479.0
4770000	469.0
4780000	464.0
4790000	469.0
4800000	466.0
4810000	477.0
4820000	473.0
4830000	468.0
4840000	470.0
4850000	476.0
4860000	463.0
4870000	473.0
4880000	470.0
4890000	470.0
4900000	472.0
4910000	476.0
4920000	467.0
4930000	467.0
4940000	463.0
4950000	476.0
4960000	471.0
4970000	466.0
4980000	464.0
4990000	469.0
5000000	460.0
