10000	-3.0
20000	-16.0
30000	-19.0
40000	-3.0
50000	-14.0
60000	-17.0
70000	-4.0
80000	-6.0
90000	-6.0
100000	-12.0
110000	-9.0
120000	-10.0
130000	-6.0
140000	-3.0
150000	-15.0
160000	-14.0
170000	-12.0
180000	-5.0
190000	-4.0
200000	-11.0
210000	-4.0
220000	-17.0
230000	-9.0
240000	-11.0
250000	-11.0
260000	-12.0
270000	-17.0
280000	-4.0
290000	367.0
300000	461.0
310000	471.0
320000	472.0
330000	473.0
340000	476.0
350000	471.0
360000	470.0
370000	474.0
380000	464.0
390000	472.0
400000	468.0
410000	475.0
420000	476.0
430000	473.0
440000	468.0
450000	468.0
460000	470.0
470000	466.0
480000	476.0
490000	474.0
500000	467.0
510000	461.0
520000	467.0
530000	465.0
540000	473.0
550000	477.0
560000	472.0
570000	469.0
580000	478.0
590000	472.0
600000	468.0
610000	464.0
620000	469.0
630000	478.0
640000	478.0
650000	469.0
660000	468.0
670000	472.0
680000	464.0
690000	475.0
700000	471.0
710000	462.0
720000	467.0
730000	472.0
740000	471.0
750000	469.0
760000	471.0
770000	464.0
780000	473.0
790000	475.0
800000	457.0
810000	469.0
820000	473.0
830000	470.0
840000	474.0
850000	480.0
860000	470.0
870000	477.0
880000	468.0
890000	470.0
900000	470.0
910000	461.0
920000	460.0
930000	474.0
940000	459.0
950000	459.0
960000	465.0
970000	462.0
980000	471.0
990000	460.0
1000000	458.0
1010000	480.0
1020000	465.0
1030000	461.0
1040000	473.0
1050000	473.0
1060000	467.0
1070000	468.0
1080000	472.0
1090000	472.0
1100000	468.0
1110000	475.0
1120000	470.0
1130000	472.0
1140000	473.0
1150000	465.0
1160000	458.0
1170000	466.0
1180000	464.0
1190000	480.0
1200000	468.0
1210000	468.0
1220000	472.0
1230000	471.0
1240000	469.0
1250000	460.0
1260000	464.0
1270000	471.0
1280000	469.0
1290000	473.0
1300000	468.0
1310000	474.0
1320000	470.0
1330000	475.0
1340000	480.0
1350000	464.0
1360000	457.0
1370000	476.0
1380000	479.0
1390000	476.0
1400000	472.0
1410000	468.0
1420000	460.0
1430000	469.0
1440000	475.0
1450000	473.0
1460000	475.0
1470000	456.0
1480000	466.0
1490000	461.0
1500000	471.0
1510000	458.0
1520000	463.0
1530000	468.0
1540000	462.0
1550000	481.0
1560000	471.0
1570000	453.0
1580000	459.0
1590000	472.0
1600000	461.0
1610000	464.0
1620000	481.0
1630000	471.0
1640000	477.0
1650000	457.0
1660000	464.0
1670000	460.0
1680000	468.0
1690000	461.0
1700000	464.0
1710000	474.0
1720000	483.0
1730000	462.0
1740000	453.0
1750000	461.0
1760000	464.0
1770000	460.0
1780000	472.0
1790000	467.0
1800000	468.0
1810000	464.0
1820000	471.0
1830000	476.0
1840000	474.0
1850000	472.0
1860000	466.0
1870000	476.0
1880000	465.0
1890000	457.0
1900000	473.0
1910000	470.0
1920000	462.0
1930000	474.0
1940000	480.0
1950000	458.0
1960000	472.0
1970000	472.0
1980000	472.0
1990000	478.0
2000000	463.0
2010000	467.0
2020000	455.0
2030000	466.0
2040000	469.0
2050000	478.0
2060000	459.0
2070000	474.0
2080000	466.0
2090000	460.0
2100000	460.0
2110000	471.0
2120000	460.0
2130000	470.0
2140000	469.0
2150000	472.0
2160000	478.0
2170000	468.0
2180000	465.0
2190000	467.0
2200000	468.0
2210000	466.0
2220000	476.0
2230000	470.0
2240000	472.0
2250000	474.0
2260000	469.0
2270000	465.0
2280000	462.0
2290000	477.0
2300000	467.0
2310000	464.0
2320000	474.0
2330000	458.0
2340000	469.0
2350000	465.0
2360000	467.0
2370000	470.0
2380000	475.0
2390000	467.0
2400000	467.0
2410000	468.0
2420000	474.0
2430000	461.0
2440000	471.0
2450000	462.0
2460000	467.0
2470000	468.0
2480000	466.0
2490000	460.0
2500000	469.0
2510000	465.0
2520000	456.0
2530000	472.0
2540000	457.0
2550000	469.0
2560000	459.0
2570000	469.0
2580000	463.0
2590000	474.0
2600000	474.0
2610000	460.0
2620000	466.0
2630000	479.0
2640000	467.0
2650000	466.0
2660000	472.0
2670000	466.0
2680000	473.0
2690000	473.0
2700000	480.0
2710000	476.0
2720000	465.0
2730000	464.0
2740000	464.0
2750000	459.0
2760000	461.0
2770000	462.0
2780000	470.0
2790000	473.0
2800000	464.0
2810000	463.0
2820000	465.0
2830000	471.0
2840000	471.0
2850000	466.0
2860000	460.0
2870000	472.0
2880000	459.0
2890000	466.0
2900000	468.0
2910000	472.0
2920000	468.0
2930000	472.0
2940000	467.0
2950000	460.0
2960000	462.0
2970000	464.0
2980000	471.0
2990000	475.0
3000000	466.0
3010000	477.0
3020000	473.0
3030000	471.0
3040000	464.0
3050000	472.0
3060000	470.0
3070000	465.0
3080000	472.0
3090000	461.0
3100000	467.0
3110000	477.0
3120000	466.0
3130000	476.0
3140000	451.0
3150000	456.0
3160000	469.0
3170000	476.0
3180000	461.0
3190000	474.0
3200000	464.0
3210000	472.0
3220000	470.0
3230000	474.0
3240000	455.0
3250000	466.0
3260000	471.0
3270000	474.0
3280000	464.0
3290000	470.0
3300000	472.0
3310000	475.0
3320000	474.0
3330000	472.0
3340000	480.0
3350000	475.0
3360000	470.0
3370000	481.0
3380000	473.0
3390000	468.0
3400000	470.0
3410000	465.0
3420000	466.0
3430000	461.0
3440000	461.0
3450000	474.0
3460000	461.0
3470000	473.0
3480000	466.0
3490000	469.0
3500000	472.0
3510000	463.0
3520000	469.0
3530000	475.0
3540000	465.0
3550000	474.0
3560000	474.0
3570000	467.0
3580000	477.0
3590000	469.0
3600000	471.0
3610000	468.0
3620000	472.0
3630000	468.0
3640000	469.0
3650000	479.0
3660000	470.0
3670000	475.0
3680000	468.0
3690000	468.0
3700000	469.0
3710000	465.0
3720000	468.0
3730000	473.0
3740000	472.0
3750000	458.0
3760000	473.0
3770000	467.0
3780000	476.0
3790000	465.0
3800000	481.0
3810000	473.0
3820000	479.0
3830000	467.0
3840000	463.0
3850000	454.0
3860000	472.0
3870000	470.0
3880000	472.0
3890000	459.0
3900000	470.0
3910000	471.0
3920000	467.0
3930000	468.0
3940000	474.0
3950000	464.0
3960000	459.0
3970000	476.0
3980000	464.0
3990000	469.0
4000000	462.0
4010000	472.0
4020000	469.0
4030000	479.0
4040000	477.0
4050000	477.0
4060000	463.0
4070000	465.0
4080000	470.0
4090000	470.0
4100000	467.0
4110000	473.0
4120000	473.0
4130000	471.0
4140000	459.0
4150000	469.0
4160000	475.0
4170000	471.0
4180000	464.0
4190000	471.0
4200000	458.0
4210000	476.0
4220000	452.0
4230000	470.0
4240000	468.0
4250000	475.0
4260000	475.0
4270000	475.0
4280000	475.0
4290000	473.0
4300000	474.0
4310000	460.0
4320000	469.0
4330000	463.0
4340000	473.0
4350000	462.0
4360000	472.0
4370000	455.0
4380000	469.0
4390000	478.0
4400000	475.0
4410000	464.0
4420000	471.0
4430000	471.0
4440000	471.0
4450000	468.0
4460000	469.0
4470000	465.0
4480000	471.0
4490000	462.0
4500000	468.0
4510000	482.0
4520000	477.0
4530000	479.0
4540000	467.0
4550000	470.0
4560000	477.0
4570000	473.0
4580000	466.0
4590000	457.0
4600000	460.0
4610000	466.0
4620000	467.0
4630000	469.0
4640000	468.0
4650000	458.0
4660000	469.0
4670000	455.0
4680000	462.0
4690000	467.0
4700000	477.0
4710000	472.0
4720000	460.0
4730000	472.0
4740000	460.0
4750000	470.0
4760000	468.0
4770000	470.0
4780000	467.0
4790000	470.0
4800000	469.0
4810000	465.0
4820000	472.0
4830000	471.0
4840000	473.0
4850000	472.0
4860000	434.0
4870000	466.0
4880000	469.0
4890000	471.0
4900000	469.0
4910000	471.0
4920000	475.0
4930000	466.0
4940000	471.0
4950000	471.0
4960000	459.0
4970000	468.0
4980000	469.0
4990000	469.0
5000000	472.0
