10000	-9.0
20000	-5.0
30000	-17.0
40000	-8.0
50000	-20.0
60000	-9.0
70000	-16.0
80000	-2.0
90000	-11.0
100000	-24.0
110000	-13.0
120000	-9.0
130000	-2.0
140000	-4.0
150000	-4.0
160000	-9.0
170000	-10.0
180000	-16.0
190000	-32.0
200000	-20.0
210000	-11.0
220000	-10.0
230000	-14.0
240000	-13.0
250000	-10.0
260000	-5.0
270000	-11.0
280000	-17.0
290000	-6.0
300000	24.0
310000	157.0
320000	112.0
330000	339.0
340000	473.0
350000	472.0
360000	474.0
370000	465.0
380000	470.0
390000	474.0
400000	481.0
410000	477.0
420000	474.0
430000	478.0
440000	469.0
450000	477.0
460000	472.0
470000	469.0
480000	469.0
490000	468.0
500000	471.0
510000	471.0
520000	468.0
530000	467.0
540000	464.0
550000	463.0
560000	472.0
570000	471.0
580000	475.0
590000	482.0
600000	468.0
610000	472.0
620000	470.0
630000	464.0
640000	481.0
650000	477.0
660000	478.0
670000	461.0
680000	470.0
690000	475.0
700000	475.0
710000	476.0
720000	470.0
730000	467.0
740000	474.0
750000	469.0
760000	478.0
770000	474.0
780000	467.0
790000	481.0
800000	472.0
810000	469.0
820000	465.0
830000	470.0
840000	466.0
850000	471.0
860000	479.0
870000	455.0
880000	481.0
890000	470.0
900000	474.0
910000	474.0
920000	471.0
930000	466.0
940000	472.0
950000	450.0
960000	467.0
970000	468.0
980000	468.0
990000	451.0
1000000	474.0
1010000	478.0
1020000	473.0
1030000	469.0
1040000	469.0
1050000	467.0
1060000	455.0
1070000	468.0
1080000	480.0
1090000	466.0
1100000	468.0
1110000	472.0
1120000	478.0
1130000	464.0
1140000	482.0
1150000	467.0
1160000	471.0
1170000	474.0
1180000	466.0
1190000	471.0
1200000	474.0
1210000	463.0
1220000	462.0
1230000	462.0
1240000	472.0
1250000	468.0
1260000	461.0
1270000	471.0
1280000	475.0
1290000	467.0
1300000	467.0
1310000	474.0
1320000	476.0
1330000	468.0
1340000	475.0
1350000	477.0
1360000	480.0
1370000	473.0
1380000	477.0
1390000	458.0
1400000	462.0
1410000	468.0
1420000	470.0
1430000	479.0
1440000	465.0
1450000	469.0
1460000	475.0
1470000	468.0
1480000	476.0
1490000	471.0
1500000	464.0
1510000	476.0
1520000	476.0
1530000	470.0
1540000	461.0
1550000	475.0
1560000	479.0
1570000	475.0
1580000	468.0
1590000	475.0
1600000	476.0
1610000	468.0
1620000	474.0
1630000	470.0
1640000	473.0
1650000	468.0
1660000	470.0
1670000	470.0
1680000	475.0
1690000	468.0
1700000	475.0
1710000	476.0
1720000	475.0
1730000	479.0
1740000	472.0
1750000	476.0
1760000	474.0
1770000	467.0
1780000	473.0
1790000	475.0
1800000	475.0
1810000	465.0
1820000	478.0
1830000	472.0
1840000	470.0
1850000	471.0
1860000	466.0
1870000	468.0
1880000	478.0
1890000	459.0
1900000	477.0
1910000	468.0
1920000	470.0
1930000	482.0
1940000	468.0
1950000	473.0
1960000	469.0
1970000	467.0
1980000	461.0
1990000	477.0
2000000	476.0
2010000	466.0
2020000	476.0
2030000	477.0
2040000	473.0
2050000	463.0
2060000	472.0
2070000	470.0
2080000	480.0
2090000	475.0
2100000	478.0
2110000	466.0
2120000	467.0
2130000	480.0
2140000	472.0
2150000	471.0
2160000	467.0
2170000	476.0
2180000	472.0
2190000	479.0
2200000	469.0
2210000	474.0
2220000	480.0
2230000	466.0
2240000	475.0
2250000	472.0
2260000	465.0
2270000	474.0
2280000	478.0
2290000	478.0
2300000	470.0
2310000	462.0
2320000	476.0
2330000	477.0
2340000	465.0
2350000	476.0
2360000	479.0
2370000	437.0
2380000	474.0
2390000	459.0
2400000	480.0
2410000	467.0
2420000	480.0
2430000	471.0
2440000	470.0
2450000	472.0
2460000	465.0
2470000	478.0
2480000	485.0
2490000	475.0
2500000	473.0
2510000	470.0
2520000	479.0
2530000	462.0
2540000	471.0
2550000	476.0
2560000	465.0
2570000	474.0
2580000	473.0
2590000	466.0
2600000	468.0
2610000	469.0
2620000	475.0
2630000	473.0
2640000	468.0
2650000	465.0
2660000	477.0
2670000	471.0
2680000	474.0
2690000	478.0
2700000	461.0
2710000	472.0
2720000	472.0
2730000	474.0
2740000	477.0
2750000	467.0
2760000	472.0
2770000	466.0
2780000	473.0
2790000	476.0
2800000	471.0
2810000	479.0
2820000	465.0
2830000	474.0
2840000	472.0
2850000	470.0
2860000	471.0
2870000	465.0
2880000	476.0
2890000	476.0
2900000	461.0
2910000	473.0
2920000	473.0
2930000	472.0
2940000	473.0
2950000	472.0
2960000	474.0
2970000	475.0
2980000	472.0
2990000	469.0
3000000	471.0
3010000	472.0
3020000	473.0
3030000	470.0
3040000	473.0
3050000	467.0
3060000	469.0
3070000	470.0
3080000	471.0
3090000	476.0
3100000	469.0
3110000	478.0
3120000	461.0
3130000	469.0
3140000	472.0
3150000	468.0
3160000	468.0
3170000	475.0
3180000	474.0
3190000	476.0
3200000	475.0
3210000	475.0
3220000	469.0
3230000	467.0
3240000	467.0
3250000	466.0
3260000	462.0
3270000	465.0
3280000	472.0
3290000	478.0
3300000	471.0
3310000	473.0
3320000	467.0
3330000	468.0
3340000	473.0
3350000	479.0
3360000	471.0
3370000	466.0
3380000	471.0
3390000	471.0
3400000	477.0
3410000	470.0
3420000	468.0
3430000	473.0
3440000	470.0
3450000	468.0
3460000	466.0
3470000	464.0
3480000	475.0
3490000	477.0
3500000	470.0
3510000	474.0
3520000	474.0
3530000	479.0
3540000	470.0
3550000	475.0
3560000	475.0
3570000	468.0
3580000	453.0
3590000	469.0
3600000	465.0
3610000	472.0
3620000	449.0
3630000	474.0
3640000	476.0
3650000	466.0
3660000	471.0
3670000	477.0
3680000	467.0
3690000	457.0
3700000	475.0
3710000	469.0
3720000	478.0
3730000	476.0
3740000	469.0
3750000	474.0
3760000	465.0
3770000	470.0
3780000	465.0
3790000	465.0
3800000	465.0
3810000	456.0
3820000	471.0
3830000	477.0
3840000	475.0
3850000	474.0
3860000	476.0
3870000	479.0
3880000	473.0
3890000	471.0
3900000	471.0
3910000	467.0
3920000	473.0
3930000	466.0
3940000	472.0
3950000	472.0
3960000	474.0
3970000	467.0
3980000	465.0
3990000	471.0
4000000	471.0
4010000	459.0
4020000	467.0
4030000	473.0
4040000	469.0
4050000	477.0
4060000	471.0
4070000	469.0
4080000	475.0
4090000	469.0
4100000	482.0
4110000	472.0
4120000	475.0
4130000	466.0
4140000	461.0
4150000	478.0
4160000	470.0
4170000	471.0
4180000	480.0
4190000	477.0
4200000	472.0
4210000	475.0
4220000	473.0
4230000	472.0
4240000	470.0
4250000	463.0
4260000	453.0
4270000	469.0
4280000	466.0
4290000	463.0
4300000	468.0
4310000	468.0
4320000	460.0
4330000	479.0
4340000	472.0
4350000	478.0
4360000	467.0
4370000	460.0
4380000	469.0
4390000	468.0
4400000	472.0
4410000	476.0
4420000	470.0
4430000	469.0
4440000	476.0
4450000	475.0
4460000	474.0
4470000	478.0
4480000	471.0
4490000	467.0
4500000	476.0
4510000	474.0
4520000	479.0
4530000	472.0
4540000	474.0
4550000	469.0
4560000	484.0
4570000	483.0
4580000	474.0
4590000	472.0
4600000	474.0
4610000	475.0
4620000	476.0
4630000	471.0
4640000	480.0
4650000	471.0
4660000	468.0
4670000	470.0
4680000	466.0
4690000	473.0
4700000	478.0
4710000	470.0
4720000	469.0
4730000	480.0
4740000	476.0
4750000	481.0
4760000	476.0
4770000	479.0
4780000	475.0
4790000	471.0
4800000	463.0
4810000	476.0
4820000	464.0
4830000	472.0
4840000	473.0
4850000	468.0
4860000	475.0
4870000	477.0
4880000	476.0
4890000	461.0
4900000	473.0
4910000	468.0
4920000	466.0
4930000	477.0
4940000	470.0
4950000	475.0
4960000	474.0
4970000	470.0
4980000	475.0
4990000	472.0
5000000	469.0
