10000	-4.0
20000	-3.0
30000	-12.0
40000	-8.0
50000	-14.0
60000	-3.0
70000	-9.0
80000	-5.0
90000	-14.0
100000	-15.0
110000	-27.0
120000	-13.0
130000	-10.0
140000	-11.0
150000	-2.0
160000	-14.0
170000	-14.0
180000	-3.0
190000	-19.0
200000	-7.0
210000	-2.0
220000	-12.0
230000	-12.0
240000	-10.0
250000	-10.0
260000	-5.0
270000	326.0
280000	468.0
290000	472.0
300000	470.0
310000	479.0
320000	482.0
330000	477.0
340000	479.0
350000	474.0
360000	473.0
370000	480.0
380000	474.0
390000	472.0
400000	456.0
410000	466.0
420000	468.0
430000	464.0
440000	471.0
450000	469.0
460000	470.0
470000	468.0
480000	472.0
490000	464.0
500000	470.0
510000	482.0
520000	476.0
530000	470.0
540000	471.0
550000	472.0
560000	469.0
570000	461.0
580000	474.0
590000	470.0
600000	475.0
610000	474.0
620000	469.0
630000	478.0
640000	473.0
650000	466.0
660000	475.0
670000	460.0
680000	464.0
690000	471.0
700000	477.0
710000	471.0
720000	454.0
730000	471.0
740000	469.0
750000	476.0
760000	463.0
770000	475.0
780000	474.0
790000	464.0
800000	468.0
810000	472.0
820000	480.0
830000	467.0
840000	476.0
850000	462.0
860000	474.0
870000	481.0
880000	466.0
890000	476.0
900000	471.0
910000	478.0
920000	482.0
930000	466.0
940000	471.0
950000	476.0
960000	476.0
970000	472.0
980000	472.0
990000	465.0
1000000	474.0
1010000	469.0
1020000	474.0
1030000	479.0
1040000	475.0
1050000	475.0
1060000	472.0
1070000	469.0
1080000	470.0
1090000	472.0
1100000	465.0
1110000	464.0
1120000	476.0
1130000	476.0
1140000	467.0
1150000	475.0
1160000	469.0
1170000	466.0
1180000	477.0
1190000	481.0
1200000	479.0
1210000	471.0
1220000	466.0
1230000	466.0
1240000	466.0
1250000	475.0
1260000	472.0
1270000	465.0
1280000	473.0
1290000	474.0
1300000	476.0
1310000	466.0
1320000	468.0
1330000	472.0
1340000	471.0
1350000	457.0
1360000	470.0
1370000	467.0
1380000	476.0
1390000	476.0
1400000	470.0
1410000	472.0
1420000	469.0
1430000	477.0
1440000	477.0
1450000	476.0
1460000	468.0
1470000	471.0
1480000	476.0
1490000	473.0
1500000	470.0
1510000	478.0
1520000	479.0
1530000	474.0
1540000	471.0
1550000	478.0
1560000	484.0
1570000	472.0
1580000	460.0
1590000	477.0
1600000	476.0
1610000	471.0
1620000	471.0
1630000	475.0
1640000	475.0
1650000	469.0
1660000	473.0
1670000	474.0
1680000	466.0
1690000	462.0
1700000	477.0
1710000	470.0
1720000	467.0
1730000	465.0
1740000	473.0
1750000	465.0
1760000	468.0
1770000	466.0
1780000	468.0
1790000	463.0
1800000	474.0
1810000	477.0
1820000	472.0
1830000	468.0
1840000	462.0
1850000	469.0
1860000	470.0
1870000	472.0
1880000	458.0
1890000	472.0
1900000	468.0
1910000	469.0
1920000	474.0
1930000	470.0
1940000	475.0
1950000	470.0
1960000	478.0
1970000	465.0
1980000	461.0
1990000	472.0
2000000	469.0
2010000	467.0
2020000	479.0
2030000	472.0
2040000	474.0
2050000	474.0
2060000	475.0
2070000	468.0
2080000	480.0
2090000	472.0
2100000	469.0
2110000	469.0
2120000	472.0
2130000	465.0
2140000	456.0
2150000	478.0
2160000	482.0
2170000	468.0
2180000	471.0
2190000	470.0
2200000	461.0
2210000	465.0
2220000	473.0
2230000	477.0
2240000	474.0
2250000	470.0
2260000	466.0
2270000	480.0
2280000	472.0
2290000	475.0
2300000	480.0
2310000	480.0
2320000	464.0
2330000	469.0
2340000	472.0
2350000	479.0
2360000	466.0
2370000	480.0
2380000	464.0
2390000	471.0
2400000	474.0
2410000	478.0
2420000	469.0
2430000	463.0
2440000	469.0
2450000	473.0
2460000	475.0
2470000	465.0
2480000	477.0
2490000	473.0
2500000	467.0
2510000	456.0
2520000	471.0
2530000	475.0
2540000	477.0
2550000	480.0
2560000	463.0
2570000	472.0
2580000	476.0
2590000	478.0
2600000	475.0
2610000	473.0
2620000	469.0
2630000	471.0
2640000	473.0
2650000	469.0
2660000	478.0
2670000	481.0
2680000	467.0
2690000	482.0
2700000	474.0
2710000	480.0
2720000	473.0
2730000	477.0
2740000	471.0
2750000	478.0
2760000	475.0
2770000	474.0
2780000	476.0
2790000	472.0
2800000	468.0
2810000	478.0
2820000	472.0
2830000	477.0
2840000	465.0
2850000	478.0
2860000	468.0
2870000	474.0
2880000	471.0
2890000	474.0
2900000	467.0
2910000	476.0
2920000	465.0
2930000	473.0
2940000	475.0
2950000	472.0
2960000	472.0
2970000	473.0
2980000	472.0
2990000	465.0
3000000	473.0
3010000	468.0
3020000	484.0
3030000	470.0
3040000	469.0
3050000	469.0
3060000	479.0
3070000	471.0
3080000	476.0
3090000	471.0
3100000	477.0
3110000	475.0
3120000	475.0
3130000	471.0
3140000	474.0
3150000	469.0
3160000	471.0
3170000	465.0
3180000	464.0
3190000	481.0
3200000	464.0
3210000	464.0
3220000	464.0
3230000	463.0
3240000	459.0
3250000	473.0
3260000	463.0
3270000	466.0
3280000	469.0
3290000	470.0
3300000	477.0
3310000	472.0
3320000	469.0
3330000	475.0
3340000	473.0
3350000	477.0
3360000	471.0
3370000	471.0
3380000	475.0
3390000	476.0
3400000	471.0
3410000	477.0
3420000	472.0
3430000	475.0
3440000	478.0
3450000	475.0
3460000	470.0
3470000	473.0
3480000	473.0
3490000	471.0
3500000	482.0
3510000	473.0
3520000	475.0
3530000	472.0
3540000	472.0
3550000	461.0
3560000	478.0
3570000	469.0
3580000	473.0
3590000	470.0
3600000	482.0
3610000	471.0
3620000	466.0
3630000	477.0
3640000	472.0
3650000	467.0
3660000	460.0
3670000	481.0
3680000	467.0
3690000	470.0
3700000	480.0
3710000	471.0
3720000	466.0
3730000	474.0
3740000	473.0
3750000	469.0
3760000	472.0
3770000	474.0
3780000	465.0
3790000	473.0
3800000	458.0
3810000	473.0
3820000	475.0
3830000	473.0
3840000	459.0
3850000	472.0
3860000	469.0
3870000	477.0
3880000	473.0
3890000	470.0
3900000	474.0
3910000	466.0
3920000	475.0
3930000	463.0
3940000	459.0
3950000	471.0
3960000	469.0
3970000	475.0
3980000	472.0
3990000	475.0
4000000	471.0
4010000	464.0
4020000	461.0
4030000	469.0
4040000	473.0
4050000	474.0
4060000	471.0
4070000	466.0
4080000	469.0
4090000	467.0
4100000	462.0
4110000	464.0
4120000	462.0
4130000	471.0
4140000	467.0
4150000	465.0
4160000	471.0
4170000	476.0
4180000	467.0
4190000	466.0
4200000	476.0
4210000	473.0
4220000	476.0
4230000	473.0
4240000	469.0
4250000	460.0
4260000	475.0
4270000	460.0
4280000	466.0
4290000	475.0
4300000	470.0
4310000	475.0
4320000	466.0
4330000	463.0
4340000	474.0
4350000	469.0
4360000	465.0
4370000	481.0
4380000	475.0
4390000	466.0
4400000	474.0
4410000	470.0
4420000	470.0
4430000	471.0
4440000	468.0
4450000	474.0
4460000	479.0
4470000	472.0
4480000	473.0
4490000	469.0
4500000	462.0
4510000	473.0
4520000	464.0
4530000	460.0
4540000	476.0
4550000	479.0
4560000	472.0
4570000	473.0
4580000	466.0
4590000	475.0
4600000	458.0
4610000	470.0
4620000	477.0
4630000	462.0
4640000	470.0
4650000	474.0
4660000	474.0
4670000	466.0
4680000	476.0
4690000	469.0
4700000	468.0
4710000	481.0
4720000	465.0
4730000	471.0
4740000	479.0
4750000	470.0
4760000	475.0
4770000	474.0
4780000	474.0
4790000	476.0
4800000	475.0
4810000	479.0
4820000	467.0
4830000	466.0
4840000	479.0
4850000	465.0
4860000	478.0
4870000	474.0
4880000	479.0
4890000	475.0
4900000	474.0
4910000	472.0
4920000	477.0
4930000	464.0
4940000	471.0
4950000	472.0
4960000	477.0
4970000	477.0
4980000	470.0
4990000	459.0
5000000	472.0
