10000	-6.0
20000	-6.0
30000	-12.0
40000	-11.0
50000	-11.0
60000	-3.0
70000	-14.0
80000	-7.0
90000	-7.0
100000	-14.0
110000	-5.0
120000	-19.0
130000	-13.0
140000	-16.0
150000	-13.0
160000	-17.0
170000	-17.0
180000	-6.0
190000	-8.0
200000	-19.0
210000	-13.0
220000	-9.0
230000	-22.0
240000	-4.0
250000	-5.0
260000	-14.0
270000	-9.0
280000	-23.0
290000	-26.0
300000	-17.0
310000	-34.0
320000	0.0
330000	-9.0
340000	34.0
350000	375.0
360000	338.0
370000	311.0
380000	324.0
390000	336.0
400000	312.0
410000	302.0
420000	341.0
430000	317.0
440000	308.0
450000	313.0
460000	268.0
470000	265.0
480000	286.0
490000	235.0
500000	307.0
510000	326.0
520000	316.0
530000	307.0
540000	316.0
550000	306.0
560000	303.0
570000	322.0
580000	307.0
590000	306.0
600000	320.0
610000	343.0
620000	305.0
630000	316.0
640000	303.0
650000	305.0
660000	316.0
670000	338.0
680000	311.0
690000	271.0
700000	254.0
710000	233.0
720000	237.0
730000	264.0
740000	169.0
750000	151.0
760000	148.0
770000	181.0
780000	141.0
790000	102.0
800000	181.0
810000	163.0
820000	122.0
830000	123.0
840000	154.0
850000	56.0
860000	63.0
870000	77.0
880000	123.0
890000	113.0
900000	63.0
910000	61.0
920000	129.0
930000	73.0
940000	69.0
950000	77.0
960000	61.0
970000	57.0
980000	57.0
990000	58.0
1000000	50.0
1010000	92.0
1020000	9.0
1030000	43.0
1040000	80.0
1050000	81.0
1060000	111.0
1070000	68.0
1080000	77.0
1090000	90.0
1100000	71.0
1110000	38.0
1120000	60.0
1130000	84.0
1140000	63.0
1150000	67.0
1160000	64.0
1170000	68.0
1180000	67.0
1190000	50.0
1200000	85.0
1210000	94.0
1220000	54.0
1230000	59.0
1240000	60.0
1250000	44.0
1260000	44.0
1270000	60.0
1280000	34.0
1290000	22.0
1300000	87.0
1310000	86.0
1320000	227.0
1330000	179.0
1340000	179.0
1350000	99.0
1360000	134.0
1370000	83.0
1380000	60.0
1390000	87.0
1400000	59.0
1410000	76.0
1420000	-21.0
1430000	-2.0
1440000	-13.0
1450000	-5.0
1460000	-6.0
1470000	10.0
1480000	298.0
1490000	474.0
1500000	473.0
1510000	472.0
1520000	472.0
1530000	471.0
1540000	466.0
1550000	474.0
1560000	459.0
1570000	473.0
1580000	463.0
1590000	468.0
1600000	477.0
1610000	473.0
1620000	453.0
1630000	477.0
1640000	477.0
1650000	469.0
1660000	484.0
1670000	482.0
1680000	472.0
1690000	471.0
1700000	474.0
1710000	475.0
1720000	467.0
1730000	475.0
1740000	473.0
1750000	462.0
1760000	465.0
1770000	473.0
1780000	469.0
1790000	480.0
1800000	462.0
1810000	476.0
1820000	474.0
1830000	475.0
1840000	466.0
1850000	470.0
1860000	468.0
1870000	476.0
1880000	471.0
1890000	468.0
1900000	456.0
1910000	477.0
1920000	467.0
1930000	474.0
1940000	478.0
1950000	467.0
1960000	476.0
1970000	478.0
1980000	480.0
1990000	473.0
2000000	466.0
2010000	475.0
2020000	470.0
2030000	464.0
2040000	473.0
2050000	467.0
2060000	467.0
2070000	474.0
2080000	470.0
2090000	473.0
2100000	465.0
2110000	476.0
2120000	473.0
2130000	462.0
2140000	465.0
2150000	471.0
2160000	464.0
2170000	473.0
2180000	470.0
2190000	479.0
2200000	472.0
2210000	468.0
2220000	469.0
2230000	467.0
2240000	474.0
2250000	461.0
2260000	477.0
2270000	479.0
2280000	474.0
2290000	470.0
2300000	469.0
2310000	465.0
2320000	474.0
2330000	473.0
2340000	469.0
2350000	475.0
2360000	473.0
2370000	465.0
2380000	464.0
2390000	468.0
2400000	476.0
2410000	460.0
2420000	471.0
2430000	478.0
2440000	476.0
2450000	469.0
2460000	473.0
2470000	472.0
2480000	466.0
2490000	469.0
2500000	473.0
2510000	471.0
2520000	474.0
2530000	468.0
2540000	478.0
2550000	470.0
2560000	459.0
2570000	469.0
2580000	480.0
2590000	477.0
2600000	456.0
2610000	475.0
2620000	471.0
2630000	459.0
2640000	473.0
2650000	461.0
2660000	464.0
2670000	471.0
2680000	474.0
2690000	475.0
2700000	468.0
2710000	476.0
2720000	464.0
2730000	463.0
2740000	472.0
2750000	475.0
2760000	479.0
2770000	462.0
2780000	459.0
2790000	469.0
2800000	476.0
2810000	476.0
2820000	474.0
2830000	468.0
2840000	474.0
2850000	470.0
2860000	472.0
2870000	474.0
2880000	473.0
2890000	460.0
2900000	465.0
2910000	469.0
2920000	468.0
2930000	472.0
2940000	464.0
2950000	475.0
2960000	463.0
2970000	464.0
2980000	470.0
2990000	466.0
3000000	471.0
3010000	473.0
3020000	475.0
3030000	467.0
3040000	476.0
3050000	473.0
3060000	474.0
3070000	470.0
3080000	476.0
3090000	475.0
3100000	462.0
3110000	472.0
3120000	462.0
3130000	471.0
3140000	467.0
3150000	469.0
3160000	480.0
3170000	479.0
3180000	474.0
3190000	472.0
3200000	473.0
3210000	468.0
3220000	473.0
3230000	471.0
3240000	467.0
3250000	473.0
3260000	472.0
3270000	468.0
3280000	463.0
3290000	475.0
3300000	479.0
3310000	472.0
3320000	465.0
3330000	481.0
3340000	463.0
3350000	475.0
3360000	468.0
3370000	462.0
3380000	474.0
3390000	474.0
3400000	467.0
3410000	474.0
3420000	469.0
3430000	460.0
3440000	475.0
3450000	479.0
3460000	475.0
3470000	472.0
3480000	474.0
3490000	475.0
3500000	473.0
3510000	457.0
3520000	472.0
3530000	477.0
3540000	480.0
3550000	473.0
3560000	461.0
3570000	471.0
3580000	462.0
3590000	447.0
3600000	473.0
3610000	469.0
3620000	478.0
3630000	467.0
3640000	473.0
3650000	472.0
3660000	474.0
3670000	474.0
3680000	475.0
3690000	469.0
3700000	477.0
3710000	469.0
3720000	466.0
3730000	477.0
3740000	464.0
3750000	475.0
3760000	472.0
3770000	465.0
3780000	466.0
3790000	473.0
3800000	465.0
3810000	467.0
3820000	469.0
3830000	476.0
3840000	477.0
3850000	475.0
3860000	478.0
3870000	474.0
3880000	475.0
3890000	474.0
3900000	468.0
3910000	473.0
3920000	475.0
3930000	476.0
3940000	477.0
3950000	475.0
3960000	472.0
3970000	462.0
3980000	472.0
3990000	472.0
4000000	475.0
4010000	473.0
4020000	464.0
4030000	472.0
4040000	471.0
4050000	471.0
4060000	467.0
4070000	466.0
4080000	476.0
4090000	473.0
4100000	473.0
4110000	481.0
4120000	473.0
4130000	473.0
4140000	468.0
4150000	473.0
4160000	471.0
4170000	472.0
4180000	471.0
4190000	473.0
4200000	481.0
4210000	468.0
4220000	470.0
4230000	471.0
4240000	463.0
4250000	483.0
4260000	467.0
4270000	481.0
4280000	463.0
4290000	460.0
4300000	473.0
4310000	477.0
4320000	459.0
4330000	475.0
4340000	468.0
4350000	469.0
4360000	475.0
4370000	473.0
4380000	477.0
4390000	470.0
4400000	471.0
4410000	469.0
4420000	462.0
4430000	467.0
4440000	469.0
4450000	474.0
4460000	484.0
4470000	466.0
4480000	472.0
4490000	474.0
4500000	473.0
4510000	471.0
4520000	469.0
4530000	469.0
4540000	462.0
4550000	470.0
4560000	463.0
4570000	476.0
4580000	472.0
4590000	469.0
4600000	475.0
4610000	471.0
4620000	472.0
4630000	470.0
4640000	483.0
4650000	465.0
4660000	471.0
4670000	471.0
4680000	467.0
4690000	470.0
4700000	470.0
4710000	470.0
4720000	465.0
4730000	457.0
4740000	471.0
4750000	477.0
4760000	475.0
4770000	477.0
4780000	479.0
4790000	476.0
4800000	477.0
4810000	469.0
4820000	477.0
4830000	471.0
4840000	477.0
4850000	474.0
4860000	474.0
4870000	470.0
4880000	464.0
4890000	478.0
4900000	465.0
4910000	464.0
4920000	475.0
4930000	477.0
4940000	459.0
4950000	462.0
4960000	472.0
4970000	469.0
4980000	474.0
4990000	475.0
5000000	469.0
