10000	-5.0
20000	-7.0
30000	-15.0
40000	-19.0
50000	-12.0
60000	-3.0
70000	-24.0
80000	-14.0
90000	-9.0
100000	-9.0
110000	-22.0
120000	-22.0
130000	-1.0
140000	-4.0
150000	-12.0
160000	-4.0
170000	-9.0
180000	-2.0
190000	-8.0
200000	-15.0
210000	-20.0
220000	-8.0
230000	-7.0
240000	-14.0
250000	-1.0
260000	-20.0
270000	-3.0
280000	-13.0
290000	-18.0
300000	-19.0
310000	-10.0
320000	-10.0
330000	-11.0
340000	-1.0
350000	-14.0
360000	-12.0
370000	-20.0
380000	-7.0
390000	-20.0
400000	-13.0
410000	83.0
420000	479.0
430000	475.0
440000	475.0
450000	475.0
460000	468.0
470000	474.0
480000	477.0
490000	469.0
500000	470.0
510000	472.0
520000	475.0
530000	473.0
540000	467.0
550000	473.0
560000	465.0
570000	470.0
580000	473.0
590000	474.0
600000	471.0
610000	469.0
620000	471.0
630000	466.0
640000	467.0
650000	471.0
660000	481.0
670000	471.0
680000	477.0
690000	470.0
700000	470.0
710000	475.0
720000	476.0
730000	480.0
740000	476.0
750000	475.0
760000	469.0
770000	469.0
780000	472.0
790000	472.0
800000	470.0
810000	471.0
820000	464.0
830000	471.0
840000	477.0
850000	465.0
860000	465.0
870000	473.0
880000	477.0
890000	467.0
900000	469.0
910000	476.0
920000	474.0
930000	473.0
940000	473.0
950000	465.0
960000	472.0
970000	470.0
980000	477.0
990000	466.0
1000000	472.0
1010000	472.0
1020000	472.0
1030000	472.0
1040000	476.0
1050000	469.0
1060000	478.0
1070000	478.0
1080000	474.0
1090000	480.0
1100000	468.0
1110000	472.0
1120000	467.0
1130000	460.0
1140000	468.0
1150000	479.0
1160000	472.0
1170000	474.0
1180000	475.0
1190000	464.0
1200000	469.0
1210000	466.0
1220000	477.0
1230000	481.0
1240000	473.0
1250000	472.0
1260000	470.0
1270000	474.0
1280000	469.0
1290000	470.0
1300000	467.0
1310000	465.0
1320000	462.0
1330000	468.0
1340000	468.0
1350000	459.0
1360000	466.0
1370000	477.0
1380000	470.0
1390000	475.0
1400000	479.0
1410000	478.0
1420000	475.0
1430000	476.0
1440000	476.0
1450000	467.0
1460000	472.0
1470000	468.0
1480000	476.0
1490000	466.0
1500000	476.0
1510000	476.0
1520000	472.0
1530000	472.0
1540000	479.0
1550000	482.0
1560000	473.0
1570000	480.0
1580000	470.0
1590000	475.0
1600000	473.0
1610000	466.0
1620000	471.0
1630000	477.0
1640000	477.0
1650000	469.0
1660000	461.0
1670000	467.0
1680000	467.0
1690000	476.0
1700000	471.0
1710000	474.0
1720000	473.0
1730000	477.0
1740000	464.0
1750000	477.0
1760000	476.0
1770000	475.0
1780000	479.0
1790000	469.0
1800000	470.0
1810000	475.0
1820000	460.0
1830000	475.0
1840000	479.0
1850000	479.0
1860000	470.0
1870000	464.0
1880000	466.0
1890000	478.0
1900000	468.0
1910000	480.0
1920000	481.0
1930000	477.0
1940000	474.0
1950000	481.0
1960000	478.0
1970000	472.0
1980000	474.0
1990000	477.0
2000000	476.0
2010000	474.0
2020000	465.0
2030000	468.0
2040000	478.0
2050000	462.0
2060000	461.0
2070000	469.0
2080000	479.0
2090000	469.0
2100000	468.0
2110000	467.0
2120000	471.0
2130000	475.0
2140000	465.0
2150000	477.0
2160000	470.0
2170000	472.0
2180000	471.0
2190000	464.0
2200000	475.0
2210000	470.0
2220000	469.0
2230000	472.0
2240000	482.0
2250000	470.0
2260000	474.0
2270000	471.0
2280000	478.0
2290000	474.0
2300000	476.0
2310000	469.0
2320000	480.0
2330000	470.0
2340000	477.0
2350000	470.0
2360000	467.0
2370000	474.0
2380000	474.0
2390000	474.0
2400000	476.0
2410000	481.0
2420000	479.0
2430000	469.0
2440000	472.0
2450000	478.0
2460000	470.0
2470000	475.0
2480000	478.0
2490000	473.0
2500000	472.0
2510000	482.0
2520000	475.0
2530000	467.0
2540000	463.0
2550000	474.0
2560000	479.0
2570000	478.0
2580000	471.0
2590000	472.0
2600000	476.0
2610000	466.0
2620000	472.0
2630000	468.0
2640000	478.0
2650000	478.0
2660000	470.0
2670000	476.0
2680000	475.0
2690000	472.0
2700000	477.0
2710000	476.0
2720000	476.0
2730000	476.0
2740000	472.0
2750000	475.0
2760000	478.0
2770000	467.0
2780000	478.0
2790000	472.0
2800000	468.0
2810000	477.0
2820000	472.0
2830000	478.0
2840000	473.0
2850000	453.0
2860000	473.0
2870000	469.0
2880000	467.0
2890000	474.0
2900000	475.0
2910000	466.0
2920000	468.0
2930000	465.0
2940000	476.0
2950000	474.0
2960000	472.0
2970000	468.0
2980000	476.0
2990000	472.0
3000000	480.0
3010000	473.0
3020000	465.0
3030000	467.0
3040000	466.0
3050000	478.0
3060000	475.0
3070000	471.0
3080000	469.0
3090000	468.0
3100000	475.0
3110000	469.0
3120000	474.0
3130000	464.0
3140000	477.0
3150000	476.0
3160000	472.0
3170000	460.0
3180000	470.0
3190000	477.0
3200000	467.0
3210000	474.0
3220000	472.0
3230000	466.0
3240000	471.0
3250000	478.0
3260000	476.0
3270000	473.0
3280000	475.0
3290000	473.0
3300000	476.0
3310000	473.0
3320000	477.0
3330000	481.0
3340000	477.0
3350000	474.0
3360000	473.0
3370000	464.0
3380000	472.0
3390000	478.0
3400000	467.0
3410000	475.0
3420000	469.0
3430000	470.0
3440000	482.0
3450000	475.0
3460000	471.0
3470000	470.0
3480000	467.0
3490000	462.0
3500000	474.0
3510000	479.0
3520000	472.0
3530000	475.0
3540000	475.0
3550000	476.0
3560000	471.0
3570000	468.0
3580000	470.0
3590000	469.0
3600000	475.0
3610000	471.0
3620000	470.0
3630000	468.0
3640000	481.0
3650000	476.0
3660000	465.0
3670000	476.0
3680000	473.0
3690000	468.0
3700000	481.0
3710000	474.0
3720000	471.0
3730000	473.0
3740000	470.0
3750000	469.0
3760000	475.0
3770000	476.0
3780000	474.0
3790000	478.0
3800000	473.0
3810000	477.0
3820000	475.0
3830000	480.0
3840000	474.0
3850000	473.0
3860000	474.0
3870000	470.0
3880000	469.0
3890000	480.0
3900000	473.0
3910000	478.0
3920000	465.0
3930000	467.0
3940000	474.0
3950000	475.0
3960000	459.0
3970000	470.0
3980000	474.0
3990000	464.0
4000000	461.0
4010000	471.0
4020000	460.0
4030000	481.0
4040000	481.0
4050000	473.0
4060000	466.0
4070000	480.0
4080000	465.0
4090000	459.0
4100000	474.0
4110000	470.0
4120000	470.0
4130000	468.0
4140000	465.0
4150000	464.0
4160000	474.0
4170000	466.0
4180000	475.0
4190000	469.0
4200000	470.0
4210000	475.0
4220000	469.0
4230000	478.0
4240000	469.0
4250000	467.0
4260000	468.0
4270000	472.0
4280000	478.0
4290000	468.0
4300000	475.0
4310000	469.0
4320000	473.0
4330000	478.0
4340000	473.0
4350000	472.0
4360000	473.0
4370000	473.0
4380000	473.0
4390000	472.0
4400000	471.0
4410000	475.0
4420000	467.0
4430000	468.0
4440000	466.0
4450000	473.0
4460000	470.0
4470000	476.0
4480000	473.0
4490000	476.0
4500000	471.0
4510000	472.0
4520000	469.0
4530000	466.0
4540000	477.0
4550000	470.0
4560000	477.0
4570000	466.0
4580000	474.0
4590000	469.0
4600000	472.0
4610000	467.0
4620000	476.0
4630000	470.0
4640000	475.0
4650000	475.0
4660000	468.0
4670000	470.0
4680000	477.0
4690000	471.0
4700000	475.0
4710000	468.0
4720000	480.0
4730000	479.0
4740000	479.0
4750000	479.0
4760000	473.0
4770000	464.0
4780000	461.0
4790000	467.0
4800000	475.0
4810000	465.0
4820000	472.0
4830000	471.0
4840000	467.0
4850000	476.0
4860000	471.0
4870000	463.0
4880000	467.0
4890000	473.0
4900000	466.0
4910000	469.0
4920000	474.0
4930000	469.0
4940000	473.0
4950000	474.0
4960000	474.0
4970000	472.0
4980000	474.0
4990000	471.0
5000000	470.0
