10000	-8.0
20000	-10.0
30000	-10.0
40000	-13.0
50000	-20.0
60000	-8.0
70000	-3.0
80000	-7.0
90000	-3.0
100000	-9.0
110000	-17.0
120000	-10.0
130000	-13.0
140000	-4.0
150000	-10.0
160000	-15.0
170000	-14.0
180000	-17.0
190000	-8.0
200000	-27.0
210000	-10.0
220000	-5.0
230000	-9.0
240000	-20.0
250000	-5.0
260000	-10.0
270000	0.0
280000	-4.0
290000	-4.0
300000	-6.0
310000	-8.0
320000	-13.0
330000	-13.0
340000	-14.0
350000	-16.0
360000	-12.0
370000	-15.0
380000	-8.0
390000	251.0
400000	465.0
410000	470.0
420000	468.0
430000	459.0
440000	478.0
450000	475.0
460000	475.0
470000	473.0
480000	480.0
490000	470.0
500000	472.0
510000	473.0
520000	466.0
530000	472.0
540000	464.0
550000	477.0
560000	473.0
570000	476.0
580000	481.0
590000	479.0
600000	465.0
610000	465.0
620000	463.0
630000	479.0
640000	464.0
650000	473.0
660000	473.0
670000	475.0
680000	471.0
690000	467.0
700000	480.0
710000	473.0
720000	466.0
730000	474.0
740000	480.0
750000	467.0
760000	467.0
770000	477.0
780000	468.0
790000	463.0
800000	460.0
810000	475.0
820000	465.0
830000	479.0
840000	472.0
850000	473.0
860000	472.0
870000	464.0
880000	464.0
890000	479.0
900000	473.0
910000	474.0
920000	471.0
930000	475.0
940000	470.0
950000	471.0
960000	475.0
970000	472.0
980000	466.0
990000	473.0
1000000	473.0
1010000	475.0
1020000	463.0
1030000	480.0
1040000	473.0
1050000	469.0
1060000	475.0
1070000	479.0
1080000	465.0
1090000	467.0
1100000	463.0
1110000	471.0
1120000	463.0
1130000	476.0
1140000	482.0
1150000	471.0
1160000	475.0
1170000	465.0
1180000	481.0
1190000	471.0
1200000	470.0
1210000	476.0
1220000	469.0
1230000	463.0
1240000	471.0
1250000	457.0
1260000	458.0
1270000	471.0
1280000	469.0
1290000	469.0
1300000	476.0
1310000	473.0
1320000	462.0
1330000	470.0
1340000	469.0
1350000	472.0
1360000	469.0
1370000	475.0
1380000	477.0
1390000	472.0
1400000	474.0
1410000	469.0
1420000	471.0
1430000	470.0
1440000	469.0
1450000	465.0
1460000	469.0
1470000	474.0
1480000	467.0
1490000	482.0
1500000	463.0
1510000	472.0
1520000	466.0
1530000	474.0
1540000	475.0
1550000	480.0
1560000	476.0
1570000	470.0
1580000	481.0
1590000	473.0
1600000	478.0
1610000	474.0
1620000	472.0
1630000	469.0
1640000	475.0
1650000	475.0
1660000	466.0
1670000	465.0
1680000	467.0
1690000	476.0
1700000	471.0
1710000	468.0
1720000	477.0
1730000	471.0
1740000	467.0
1750000	473.0
1760000	475.0
1770000	470.0
1780000	470.0
1790000	470.0
1800000	476.0
1810000	466.0
1820000	472.0
1830000	477.0
1840000	468.0
1850000	468.0
1860000	466.0
1870000	474.0
1880000	469.0
1890000	477.0
1900000	469.0
1910000	473.0
1920000	471.0
1930000	479.0
1940000	455.0
1950000	471.0
1960000	473.0
1970000	477.0
1980000	471.0
1990000	471.0
2000000	472.0
2010000	465.0
2020000	478.0
2030000	479.0
2040000	471.0
2050000	461.0
2060000	467.0
2070000	471.0
2080000	475.0
2090000	473.0
2100000	461.0
2110000	472.0
2120000	474.0
2130000	475.0
2140000	478.0
2150000	474.0
2160000	461.0
2170000	465.0
2180000	463.0
2190000	480.0
2200000	481.0
2210000	465.0
2220000	476.0
2230000	478.0
2240000	473.0
2250000	471.0
2260000	472.0
2270000	469.0
2280000	478.0
2290000	469.0
2300000	485.0
2310000	468.0
2320000	467.0
2330000	464.0
2340000	476.0
2350000	466.0
2360000	474.0
2370000	464.0
2380000	463.0
2390000	459.0
2400000	466.0
2410000	473.0
2420000	471.0
2430000	465.0
2440000	473.0
2450000	464.0
2460000	471.0
2470000	463.0
2480000	465.0
2490000	474.0
2500000	476.0
2510000	471.0
2520000	466.0
2530000	469.0
2540000	474.0
2550000	468.0
2560000	470.0
2570000	471.0
2580000	466.0
2590000	475.0
2600000	473.0
2610000	467.0
2620000	476.0
2630000	477.0
2640000	468.0
2650000	474.0
2660000	479.0
2670000	465.0
2680000	462.0
2690000	478.0
2700000	475.0
2710000	474.0
2720000	464.0
2730000	463.0
2740000	471.0
2750000	471.0
2760000	470.0
2770000	473.0
2780000	462.0
2790000	473.0
2800000	477.0
2810000	475.0
2820000	474.0
2830000	477.0
2840000	470.0
2850000	471.0
2860000	472.0
2870000	471.0
2880000	475.0
2890000	470.0
2900000	459.0
2910000	476.0
2920000	463.0
2930000	475.0
2940000	471.0
2950000	476.0
2960000	473.0
2970000	467.0
2980000	471.0
2990000	473.0
3000000	473.0
3010000	479.0
3020000	469.0
3030000	477.0
3040000	478.0
3050000	468.0
3060000	463.0
3070000	462.0
3080000	473.0
3090000	466.0
3100000	476.0
3110000	472.0
3120000	471.0
3130000	477.0
3140000	467.0
3150000	469.0
3160000	472.0
3170000	471.0
3180000	479.0
3190000	477.0
3200000	470.0
3210000	466.0
3220000	469.0
3230000	471.0
3240000	471.0
3250000	471.0
3260000	479.0
3270000	467.0
3280000	480.0
3290000	477.0
3300000	469.0
3310000	478.0
3320000	470.0
3330000	468.0
3340000	479.0
3350000	476.0
3360000	475.0
3370000	477.0
3380000	468.0
3390000	478.0
3400000	474.0
3410000	468.0
3420000	475.0
3430000	468.0
3440000	473.0
3450000	472.0
3460000	465.0
3470000	471.0
3480000	470.0
3490000	462.0
3500000	476.0
3510000	470.0
3520000	467.0
3530000	457.0
3540000	460.0
3550000	462.0
3560000	476.0
3570000	461.0
3580000	475.0
3590000	476.0
3600000	464.0
3610000	478.0
3620000	474.0
3630000	468.0
3640000	479.0
3650000	478.0
3660000	475.0
3670000	475.0
3680000	466.0
3690000	482.0
3700000	475.0
3710000	472.0
3720000	472.0
3730000	475.0
3740000	473.0
3750000	476.0
3760000	473.0
3770000	479.0
3780000	472.0
3790000	475.0
3800000	474.0
3810000	467.0
3820000	479.0
3830000	469.0
3840000	474.0
3850000	475.0
3860000	469.0
3870000	477.0
3880000	476.0
3890000	470.0
3900000	476.0
3910000	476.0
3920000	469.0
3930000	469.0
3940000	482.0
3950000	473.0
3960000	471.0
3970000	474.0
3980000	476.0
3990000	476.0
4000000	471.0
4010000	475.0
4020000	471.0
4030000	462.0
4040000	468.0
4050000	476.0
4060000	471.0
4070000	476.0
4080000	473.0
4090000	477.0
4100000	470.0
4110000	471.0
4120000	469.0
4130000	471.0
4140000	470.0
4150000	475.0
4160000	467.0
4170000	464.0
4180000	474.0
4190000	476.0
4200000	469.0
4210000	473.0
4220000	470.0
4230000	447.0
4240000	472.0
4250000	471.0
4260000	470.0
4270000	477.0
4280000	469.0
4290000	474.0
4300000	471.0
4310000	471.0
4320000	473.0
4330000	478.0
4340000	478.0
4350000	476.0
4360000	477.0
4370000	469.0
4380000	472.0
4390000	472.0
4400000	472.0
4410000	478.0
4420000	467.0
4430000	467.0
4440000	472.0
4450000	481.0
4460000	473.0
4470000	480.0
4480000	473.0
4490000	471.0
4500000	471.0
4510000	475.0
4520000	472.0
4530000	469.0
4540000	464.0
4550000	466.0
4560000	466.0
4570000	468.0
4580000	478.0
4590000	468.0
4600000	477.0
4610000	462.0
4620000	474.0
4630000	478.0
4640000	477.0
4650000	478.0
4660000	473.0
4670000	469.0
4680000	471.0
4690000	469.0
4700000	470.0
4710000	468.0
4720000	477.0
4730000	473.0
4740000	477.0
4750000	475.0
4760000	478.0
4770000	476.0
4780000	470.0
4790000	474.0
4800000	467.0
4810000	480.0
4820000	479.0
4830000	476.0
4840000	453.0
4850000	476.0
4860000	473.0
4870000	473.0
4880000	476.0
4890000	467.0
4900000	473.0
4910000	472.0
4920000	469.0
4930000	475.0
4940000	476.0
4950000	466.0
4960000	471.0
4970000	470.0
4980000	465.0
4990000	465.0
5000000	469.0
