10000	-9.0
20000	-14.0
30000	-10.0
40000	-16.0
50000	-14.0
60000	-15.0
70000	-19.0
80000	-9.0
90000	-9.0
100000	-5.0
110000	-13.0
120000	-2.0
130000	-8.0
140000	-14.0
150000	-11.0
160000	-10.0
170000	-9.0
180000	-7.0
190000	-8.0
200000	-36.0
210000	-22.0
220000	-8.0
230000	-21.0
240000	-25.0
250000	-3.0
260000	-17.0
270000	-21.0
280000	-8.0
290000	65.0
300000	62.0
310000	58.0
320000	64.0
330000	23.0
340000	77.0
350000	233.0
360000	337.0
370000	342.0
380000	352.0
390000	333.0
400000	354.0
410000	356.0
420000	359.0
430000	354.0
440000	379.0
450000	341.0
460000	326.0
470000	337.0
480000	377.0
490000	358.0
500000	365.0
510000	348.0
520000	353.0
530000	376.0
540000	360.0
550000	351.0
560000	403.0
570000	387.0
580000	353.0
590000	362.0
600000	372.0
610000	375.0
620000	372.0
630000	350.0
640000	358.0
650000	360.0
660000	375.0
670000	374.0
680000	374.0
690000	372.0
700000	403.0
710000	335.0
720000	343.0
730000	372.0
740000	368.0
750000	357.0
760000	363.0
770000	356.0
780000	358.0
790000	377.0
800000	338.0
810000	380.0
820000	382.0
830000	365.0
840000	390.0
850000	363.0
860000	355.0
870000	362.0
880000	363.0
890000	386.0
900000	386.0
910000	372.0
920000	368.0
930000	385.0
940000	370.0
950000	366.0
960000	359.0
970000	402.0
980000	377.0
990000	360.0
1000000	332.0
1010000	346.0
1020000	376.0
1030000	359.0
1040000	380.0
1050000	379.0
1060000	373.0
1070000	368.0
1080000	369.0
1090000	377.0
1100000	383.0
1110000	356.0
1120000	365.0
1130000	347.0
1140000	381.0
1150000	375.0
1160000	358.0
1170000	365.0
1180000	370.0
1190000	365.0
1200000	363.0
1210000	389.0
1220000	359.0
1230000	333.0
1240000	355.0
1250000	395.0
1260000	336.0
1270000	364.0
1280000	352.0
1290000	387.0
1300000	374.0
1310000	367.0
1320000	385.0
1330000	331.0
1340000	366.0
1350000	379.0
1360000	345.0
1370000	358.0
1380000	350.0
1390000	348.0
1400000	350.0
1410000	391.0
1420000	383.0
1430000	381.0
1440000	389.0
1450000	356.0
1460000	381.0
1470000	351.0
1480000	365.0
1490000	373.0
1500000	360.0
1510000	349.0
1520000	352.0
1530000	386.0
1540000	354.0
1550000	371.0
1560000	364.0
1570000	374.0
1580000	389.0
1590000	365.0
1600000	356.0
1610000	358.0
1620000	359.0
1630000	391.0
1640000	351.0
1650000	378.0
1660000	371.0
1670000	363.0
1680000	389.0
1690000	361.0
1700000	387.0
1710000	334.0
1720000	369.0
1730000	375.0
1740000	359.0
1750000	392.0
1760000	351.0
1770000	379.0
1780000	376.0
1790000	362.0
1800000	384.0
1810000	342.0
1820000	383.0
1830000	340.0
1840000	362.0
1850000	387.0
1860000	371.0
1870000	375.0
1880000	371.0
1890000	376.0
1900000	367.0
1910000	358.0
1920000	379.0
1930000	353.0
1940000	361.0
1950000	370.0
1960000	368.0
1970000	370.0
1980000	384.0
1990000	367.0
2000000	351.0
2010000	382.0
2020000	361.0
2030000	360.0
2040000	371.0
2050000	375.0
2060000	370.0
2070000	376.0
2080000	377.0
2090000	353.0
2100000	350.0
2110000	356.0
2120000	370.0
2130000	362.0
2140000	350.0
2150000	397.0
2160000	379.0
2170000	377.0
2180000	360.0
2190000	380.0
2200000	364.0
2210000	371.0
2220000	395.0
2230000	356.0
2240000	365.0
2250000	344.0
2260000	362.0
2270000	364.0
2280000	361.0
2290000	368.0
2300000	374.0
2310000	352.0
2320000	354.0
2330000	367.0
2340000	366.0
2350000	368.0
2360000	369.0
2370000	374.0
2380000	366.0
2390000	369.0
2400000	373.0
2410000	376.0
2420000	366.0
2430000	365.0
2440000	376.0
2450000	376.0
2460000	376.0
2470000	367.0
2480000	374.0
2490000	355.0
2500000	360.0
2510000	366.0
2520000	367.0
2530000	365.0
2540000	345.0
2550000	373.0
2560000	393.0
2570000	351.0
2580000	342.0
2590000	377.0
2600000	367.0
2610000	380.0
2620000	382.0
2630000	385.0
2640000	350.0
2650000	379.0
2660000	381.0
2670000	349.0
2680000	350.0
2690000	377.0
2700000	375.0
2710000	365.0
2720000	348.0
2730000	341.0
2740000	347.0
2750000	383.0
2760000	381.0
2770000	379.0
2780000	384.0
2790000	370.0
2800000	373.0
2810000	393.0
2820000	360.0
2830000	376.0
2840000	367.0
2850000	367.0
2860000	340.0
2870000	382.0
2880000	370.0
2890000	353.0
2900000	366.0
2910000	370.0
2920000	328.0
2930000	377.0
2940000	349.0
2950000	389.0
2960000	342.0
2970000	387.0
2980000	361.0
2990000	369.0
3000000	370.0
3010000	360.0
3020000	351.0
3030000	388.0
3040000	388.0
3050000	359.0
3060000	366.0
3070000	359.0
3080000	355.0
3090000	353.0
3100000	367.0
3110000	366.0
3120000	371.0
3130000	373.0
3140000	379.0
3150000	360.0
3160000	387.0
3170000	359.0
3180000	339.0
3190000	360.0
3200000	372.0
3210000	362.0
3220000	353.0
3230000	373.0
3240000	352.0
3250000	368.0
3260000	382.0
3270000	335.0
3280000	358.0
3290000	365.0
3300000	371.0
3310000	306.0
3320000	354.0
3330000	395.0
3340000	379.0
3350000	361.0
3360000	382.0
3370000	381.0
3380000	363.0
3390000	375.0
3400000	362.0
3410000	377.0
3420000	357.0
3430000	349.0
3440000	337.0
3450000	354.0
3460000	366.0
3470000	380.0
3480000	375.0
3490000	354.0
3500000	369.0
3510000	386.0
3520000	373.0
3530000	388.0
3540000	366.0
3550000	377.0
3560000	374.0
3570000	388.0
3580000	353.0
3590000	389.0
3600000	364.0
3610000	368.0
3620000	364.0
3630000	371.0
3640000	355.0
3650000	360.0
3660000	360.0
3670000	370.0
3680000	365.0
3690000	397.0
3700000	367.0
3710000	370.0
3720000	375.0
3730000	381.0
3740000	345.0
3750000	369.0
3760000	364.0
3770000	375.0
3780000	373.0
3790000	362.0
3800000	374.0
3810000	348.0
3820000	342.0
3830000	399.0
3840000	362.0
3850000	336.0
3860000	376.0
3870000	339.0
3880000	363.0
3890000	355.0
3900000	374.0
3910000	379.0
3920000	366.0
3930000	378.0
3940000	376.0
3950000	368.0
3960000	379.0
3970000	370.0
3980000	363.0
3990000	382.0
4000000	372.0
4010000	384.0
4020000	370.0
4030000	355.0
4040000	284.0
4050000	377.0
4060000	337.0
4070000	357.0
4080000	392.0
4090000	364.0
4100000	341.0
4110000	374.0
4120000	359.0
4130000	373.0
4140000	340.0
4150000	380.0
4160000	371.0
4170000	351.0
4180000	356.0
4190000	377.0
4200000	366.0
4210000	364.0
4220000	360.0
4230000	373.0
4240000	366.0
4250000	375.0
4260000	388.0
4270000	347.0
4280000	366.0
4290000	357.0
4300000	377.0
4310000	349.0
4320000	374.0
4330000	340.0
4340000	359.0
4350000	384.0
4360000	349.0
4370000	356.0
4380000	395.0
4390000	396.0
4400000	326.0
4410000	366.0
4420000	329.0
4430000	347.0
4440000	338.0
4450000	373.0
4460000	348.0
4470000	357.0
4480000	349.0
4490000	356.0
4500000	368.0
4510000	371.0
4520000	360.0
4530000	360.0
4540000	348.0
4550000	370.0
4560000	352.0
4570000	346.0
4580000	358.0
4590000	349.0
4600000	399.0
4610000	354.0
4620000	381.0
4630000	366.0
4640000	374.0
4650000	354.0
4660000	344.0
4670000	341.0
4680000	363.0
4690000	379.0
4700000	378.0
4710000	368.0
4720000	355.0
4730000	373.0
4740000	360.0
4750000	395.0
4760000	365.0
4770000	361.0
4780000	380.0
4790000	389.0
4800000	356.0
4810000	349.0
4820000	377.0
4830000	361.0
4840000	346.0
4850000	368.0
4860000	353.0
4870000	392.0
4880000	357.0
4890000	380.0
4900000	368.0
4910000	366.0
4920000	364.0
4930000	336.0
4940000	341.0
4950000	372.0
4960000	379.0
4970000	369.0
4980000	369.0
4990000	368.0
5000000	344.0
