10000	-9.0
20000	-11.0
30000	-15.0
40000	-19.0
50000	-8.0
60000	-18.0
70000	-5.0
80000	-8.0
90000	-4.0
100000	-10.0
110000	-11.0
120000	-17.0
130000	-18.0
140000	-17.0
150000	-21.0
160000	-9.0
170000	-14.0
180000	-12.0
190000	-8.0
200000	-10.0
210000	-7.0
220000	-3.0
230000	-19.0
240000	-15.0
250000	-7.0
260000	-12.0
270000	-16.0
280000	-13.0
290000	-12.0
300000	-24.0
310000	391.0
320000	476.0
330000	477.0
340000	474.0
350000	465.0
360000	474.0
370000	469.0
380000	469.0
390000	475.0
400000	480.0
410000	471.0
420000	482.0
430000	470.0
440000	481.0
450000	473.0
460000	473.0
470000	478.0
480000	472.0
490000	457.0
500000	464.0
510000	471.0
520000	473.0
530000	478.0
540000	473.0
550000	483.0
560000	475.0
570000	464.0
580000	473.0
590000	472.0
600000	477.0
610000	480.0
620000	462.0
630000	463.0
640000	472.0
650000	469.0
660000	482.0
670000	468.0
680000	474.0
690000	479.0
700000	475.0
710000	471.0
720000	464.0
730000	470.0
740000	470.0
750000	469.0
760000	459.0
770000	467.0
780000	471.0
790000	478.0
800000	476.0
810000	457.0
820000	454.0
830000	475.0
840000	476.0
850000	473.0
860000	448.0
870000	469.0
880000	474.0
890000	479.0
900000	468.0
910000	474.0
920000	477.0
930000	479.0
940000	469.0
950000	473.0
960000	464.0
970000	467.0
980000	475.0
990000	464.0
1000000	470.0
1010000	479.0
1020000	472.0
1030000	463.0
1040000	466.0
1050000	475.0
1060000	477.0
1070000	474.0
1080000	476.0
1090000	468.0
1100000	475.0
1110000	465.0
1120000	469.0
1130000	468.0
1140000	470.0
1150000	463.0
1160000	467.0
1170000	468.0
1180000	478.0
1190000	478.0
1200000	468.0
1210000	479.0
1220000	465.0
1230000	477.0
1240000	472.0
1250000	473.0
1260000	475.0
1270000	476.0
1280000	475.0
1290000	472.0
1300000	476.0
1310000	481.0
1320000	479.0
1330000	479.0
1340000	474.0
1350000	469.0
1360000	473.0
1370000	470.0
1380000	470.0
1390000	477.0
1400000	474.0
1410000	479.0
1420000	471.0
1430000	481.0
1440000	464.0
1450000	468.0
1460000	474.0
1470000	471.0
1480000	467.0
1490000	463.0
1500000	480.0
1510000	471.0
1520000	470.0
1530000	468.0
1540000	476.0
1550000	464.0
1560000	477.0
1570000	469.0
1580000	479.0
1590000	466.0
1600000	468.0
1610000	468.0
1620000	472.0
1630000	470.0
1640000	475.0
1650000	477.0
1660000	479.0
1670000	471.0
1680000	474.0
1690000	477.0
1700000	476.0
1710000	474.0
1720000	465.0
1730000	475.0
1740000	473.0
1750000	459.0
1760000	474.0
1770000	476.0
1780000	457.0
1790000	470.0
1800000	469.0
1810000	465.0
1820000	470.0
1830000	481.0
1840000	474.0
1850000	470.0
1860000	469.0
1870000	472.0
1880000	471.0
1890000	474.0
1900000	472.0
1910000	474.0
1920000	479.0
1930000	473.0
1940000	474.0
1950000	463.0
1960000	470.0
1970000	468.0
1980000	476.0
1990000	459.0
2000000	470.0
2010000	469.0
2020000	472.0
2030000	472.0
2040000	475.0
2050000	474.0
2060000	467.0
2070000	469.0
2080000	478.0
2090000	468.0
2100000	475.0
2110000	472.0
2120000	470.0
2130000	476.0
2140000	473.0
2150000	479.0
2160000	475.0
2170000	473.0
2180000	481.0
2190000	477.0
2200000	480.0
2210000	466.0
2220000	476.0
2230000	468.0
2240000	467.0
2250000	477.0
2260000	477.0
2270000	468.0
2280000	480.0
2290000	467.0
2300000	472.0
2310000	476.0
2320000	472.0
2330000	464.0
2340000	474.0
2350000	479.0
2360000	476.0
2370000	470.0
2380000	468.0
2390000	476.0
2400000	474.0
2410000	479.0
2420000	481.0
2430000	471.0
2440000	469.0
2450000	475.0
2460000	473.0
2470000	464.0
2480000	472.0
2490000	471.0
2500000	471.0
2510000	473.0
2520000	463.0
2530000	474.0
2540000	477.0
2550000	479.0
2560000	472.0
2570000	466.0
2580000	474.0
2590000	469.0
2600000	470.0
2610000	466.0
2620000	465.0
2630000	466.0
2640000	476.0
2650000	474.0
2660000	471.0
2670000	476.0
2680000	478.0
2690000	469.0
2700000	472.0
2710000	468.0
2720000	470.0
2730000	473.0
2740000	471.0
2750000	461.0
2760000	479.0
2770000	471.0
2780000	465.0
2790000	467.0
2800000	467.0
2810000	473.0
2820000	467.0
2830000	465.0
2840000	481.0
2850000	472.0
2860000	470.0
2870000	464.0
2880000	475.0
2890000	468.0
2900000	475.0
2910000	472.0
2920000	467.0
2930000	472.0
2940000	473.0
2950000	468.0
2960000	473.0
2970000	468.0
2980000	478.0
2990000	468.0
3000000	479.0
3010000	476.0
3020000	467.0
3030000	475.0
3040000	472.0
3050000	475.0
3060000	474.0
3070000	468.0
3080000	471.0
3090000	474.0
3100000	476.0
3110000	478.0
3120000	469.0
3130000	475.0
3140000	470.0
3150000	466.0
3160000	462.0
3170000	471.0
3180000	471.0
3190000	475.0
3200000	462.0
3210000	466.0
3220000	477.0
3230000	470.0
3240000	464.0
3250000	477.0
3260000	466.0
3270000	477.0
3280000	472.0
3290000	476.0
3300000	467.0
3310000	468.0
3320000	474.0
3330000	469.0
3340000	471.0
3350000	465.0
3360000	476.0
3370000	472.0
3380000	469.0
3390000	469.0
3400000	469.0
3410000	472.0
3420000	478.0
3430000	472.0
3440000	467.0
3450000	462.0
3460000	466.0
3470000	477.0
3480000	471.0
3490000	474.0
3500000	479.0
3510000	471.0
3520000	472.0
3530000	473.0
3540000	477.0
3550000	470.0
3560000	477.0
3570000	471.0
3580000	467.0
3590000	462.0
3600000	476.0
3610000	469.0
3620000	461.0
3630000	477.0
3640000	473.0
3650000	465.0
3660000	469.0
3670000	474.0
3680000	469.0
3690000	464.0
3700000	470.0
3710000	479.0
3720000	472.0
3730000	474.0
3740000	481.0
3750000	472.0
3760000	461.0
3770000	467.0
3780000	473.0
3790000	462.0
3800000	471.0
3810000	472.0
3820000	467.0
3830000	472.0
3840000	476.0
3850000	469.0
3860000	472.0
3870000	477.0
3880000	468.0
3890000	465.0
3900000	472.0
3910000	470.0
3920000	471.0
3930000	472.0
3940000	467.0
3950000	470.0
3960000	478.0
3970000	470.0
3980000	471.0
3990000	473.0
4000000	471.0
4010000	471.0
4020000	476.0
4030000	473.0
4040000	471.0
4050000	471.0
4060000	475.0
4070000	465.0
4080000	481.0
4090000	477.0
4100000	482.0
4110000	472.0
4120000	469.0
4130000	476.0
4140000	469.0
4150000	471.0
4160000	471.0
4170000	467.0
4180000	470.0
4190000	474.0
4200000	472.0
4210000	468.0
4220000	474.0
4230000	473.0
4240000	471.0
4250000	479.0
4260000	479.0
4270000	473.0
4280000	474.0
4290000	472.0
4300000	475.0
4310000	473.0
4320000	473.0
4330000	476.0
4340000	470.0
4350000	470.0
4360000	468.0
4370000	472.0
4380000	470.0
4390000	470.0
4400000	466.0
4410000	474.0
4420000	476.0
4430000	478.0
4440000	463.0
4450000	471.0
4460000	466.0
4470000	470.0
4480000	472.0
4490000	470.0
4500000	468.0
4510000	468.0
4520000	469.0
4530000	476.0
4540000	475.0
4550000	470.0
4560000	464.0
4570000	454.0
4580000	469.0
4590000	477.0
4600000	471.0
4610000	459.0
4620000	465.0
4630000	478.0
4640000	478.0
4650000	477.0
4660000	469.0
4670000	474.0
4680000	473.0
4690000	475.0
4700000	475.0
4710000	473.0
4720000	478.0
4730000	477.0
4740000	470.0
4750000	473.0
4760000	469.0
4770000	467.0
4780000	477.0
4790000	476.0
4800000	475.0
4810000	473.0
4820000	470.0
4830000	472.0
4840000	470.0
4850000	470.0
4860000	469.0
4870000	471.0
4880000	473.0
4890000	479.0
4900000	468.0
4910000	480.0
4920000	465.0
4930000	463.0
4940000	472.0
4950000	483.0
4960000	464.0
4970000	470.0
4980000	470.0
4990000	468.0
5000000	469.0
