10000	-20.0
20000	-14.0
30000	-12.0
40000	-14.0
50000	-9.0
60000	-1.0
70000	-14.0
80000	-9.0
90000	-10.0
100000	-4.0
110000	-20.0
120000	-16.0
130000	-3.0
140000	-7.0
150000	-11.0
160000	-8.0
170000	-3.0
180000	-13.0
190000	-18.0
200000	-12.0
210000	-14.0
220000	-16.0
230000	-12.0
240000	-6.0
250000	-7.0
260000	0.0
270000	403.0
280000	469.0
290000	468.0
300000	479.0
310000	467.0
320000	477.0
330000	468.0
340000	477.0
350000	483.0
360000	474.0
370000	475.0
380000	474.0
390000	474.0
400000	476.0
410000	455.0
420000	469.0
430000	471.0
440000	470.0
450000	476.0
460000	477.0
470000	470.0
480000	476.0
490000	461.0
500000	470.0
510000	467.0
520000	470.0
530000	471.0
540000	459.0
550000	466.0
560000	465.0
570000	472.0
580000	473.0
590000	470.0
600000	472.0
610000	477.0
620000	473.0
630000	474.0
640000	461.0
650000	464.0
660000	472.0
670000	470.0
680000	475.0
690000	470.0
700000	475.0
710000	471.0
720000	478.0
730000	478.0
740000	470.0
750000	472.0
760000	471.0
770000	477.0
780000	477.0
790000	479.0
800000	473.0
810000	480.0
820000	474.0
830000	474.0
840000	470.0
850000	479.0
860000	473.0
870000	475.0
880000	475.0
890000	459.0
900000	468.0
910000	466.0
920000	472.0
930000	467.0
940000	477.0
950000	475.0
960000	473.0
970000	472.0
980000	480.0
990000	483.0
1000000	472.0
1010000	456.0
1020000	465.0
1030000	473.0
1040000	460.0
1050000	469.0
1060000	465.0
1070000	471.0
1080000	468.0
1090000	458.0
1100000	479.0
1110000	472.0
1120000	475.0
1130000	474.0
1140000	471.0
1150000	470.0
1160000	476.0
1170000	471.0
1180000	472.0
1190000	480.0
1200000	462.0
1210000	473.0
1220000	470.0
1230000	466.0
1240000	471.0
1250000	476.0
1260000	465.0
1270000	477.0
1280000	477.0
1290000	471.0
1300000	472.0
1310000	483.0
1320000	484.0
1330000	471.0
1340000	473.0
1350000	466.0
1360000	469.0
1370000	472.0
1380000	474.0
1390000	467.0
1400000	472.0
1410000	471.0
1420000	468.0
1430000	460.0
1440000	475.0
1450000	481.0
1460000	478.0
1470000	469.0
1480000	480.0
1490000	478.0
1500000	478.0
1510000	477.0
1520000	473.0
1530000	478.0
1540000	478.0
1550000	473.0
1560000	467.0
1570000	470.0
1580000	467.0
1590000	462.0
1600000	474.0
1610000	475.0
1620000	480.0
1630000	466.0
1640000	473.0
1650000	475.0
1660000	470.0
1670000	473.0
1680000	481.0
1690000	467.0
1700000	470.0
1710000	477.0
1720000	475.0
1730000	478.0
1740000	464.0
1750000	477.0
1760000	472.0
1770000	478.0
1780000	471.0
1790000	463.0
1800000	470.0
1810000	480.0
1820000	472.0
1830000	472.0
1840000	474.0
1850000	477.0
1860000	469.0
1870000	475.0
1880000	462.0
1890000	475.0
1900000	472.0
1910000	469.0
1920000	473.0
1930000	475.0
1940000	468.0
1950000	478.0
1960000	468.0
1970000	473.0
1980000	477.0
1990000	465.0
2000000	481.0
2010000	464.0
2020000	477.0
2030000	476.0
2040000	472.0
2050000	474.0
2060000	474.0
2070000	459.0
2080000	473.0
2090000	474.0
2100000	474.0
2110000	477.0
2120000	471.0
2130000	476.0
2140000	465.0
2150000	471.0
2160000	465.0
2170000	471.0
2180000	465.0
2190000	465.0
2200000	471.0
2210000	479.0
2220000	485.0
2230000	471.0
2240000	480.0
2250000	465.0
2260000	466.0
2270000	471.0
2280000	476.0
2290000	476.0
2300000	479.0
2310000	468.0
2320000	474.0
2330000	485.0
2340000	479.0
2350000	477.0
2360000	465.0
2370000	475.0
2380000	473.0
2390000	469.0
2400000	476.0
2410000	470.0
2420000	473.0
2430000	476.0
2440000	471.0
2450000	463.0
2460000	473.0
2470000	477.0
2480000	469.0
2490000	476.0
2500000	466.0
2510000	473.0
2520000	473.0
2530000	480.0
2540000	485.0
2550000	476.0
2560000	471.0
2570000	462.0
2580000	469.0
2590000	468.0
2600000	469.0
2610000	467.0
2620000	471.0
2630000	472.0
2640000	348.0
2650000	473.0
2660000	469.0
2670000	457.0
2680000	480.0
2690000	461.0
2700000	472.0
2710000	477.0
2720000	461.0
2730000	472.0
2740000	475.0
2750000	476.0
2760000	463.0
2770000	474.0
2780000	467.0
2790000	479.0
2800000	474.0
2810000	467.0
2820000	478.0
2830000	472.0
2840000	477.0
2850000	472.0
2860000	469.0
2870000	474.0
2880000	475.0
2890000	474.0
2900000	478.0
2910000	469.0
2920000	473.0
2930000	473.0
2940000	470.0
2950000	478.0
2960000	477.0
2970000	475.0
2980000	473.0
2990000	474.0
3000000	474.0
3010000	468.0
3020000	465.0
3030000	471.0
3040000	471.0
3050000	467.0
3060000	467.0
3070000	474.0
3080000	469.0
3090000	476.0
3100000	476.0
3110000	470.0
3120000	474.0
3130000	470.0
3140000	470.0
3150000	471.0
3160000	472.0
3170000	472.0
3180000	468.0
3190000	469.0
3200000	466.0
3210000	472.0
3220000	468.0
3230000	462.0
3240000	478.0
3250000	476.0
3260000	465.0
3270000	473.0
3280000	472.0
3290000	473.0
3300000	477.0
3310000	472.0
3320000	476.0
3330000	469.0
3340000	477.0
3350000	470.0
3360000	465.0
3370000	477.0
3380000	473.0
3390000	472.0
3400000	473.0
3410000	470.0
3420000	482.0
3430000	458.0
3440000	464.0
3450000	472.0
3460000	477.0
3470000	478.0
3480000	469.0
3490000	473.0
3500000	480.0
3510000	470.0
3520000	467.0
3530000	461.0
3540000	467.0
3550000	472.0
3560000	479.0
3570000	464.0
3580000	469.0
3590000	469.0
3600000	465.0
3610000	471.0
3620000	468.0
3630000	476.0
3640000	471.0
3650000	471.0
3660000	464.0
3670000	476.0
3680000	470.0
3690000	476.0
3700000	478.0
3710000	477.0
3720000	479.0
3730000	467.0
3740000	474.0
3750000	482.0
3760000	470.0
3770000	459.0
3780000	470.0
3790000	479.0
3800000	463.0
3810000	471.0
3820000	471.0
3830000	476.0
3840000	424.0
3850000	475.0
3860000	470.0
3870000	471.0
3880000	472.0
3890000	473.0
3900000	470.0
3910000	464.0
3920000	476.0
3930000	468.0
3940000	468.0
3950000	470.0
3960000	469.0
3970000	471.0
3980000	475.0
3990000	472.0
4000000	473.0
4010000	462.0
4020000	473.0
4030000	464.0
4040000	469.0
4050000	460.0
4060000	461.0
4070000	467.0
4080000	470.0
4090000	468.0
4100000	466.0
4110000	476.0
4120000	477.0
4130000	477.0
4140000	473.0
4150000	474.0
4160000	481.0
4170000	472.0
4180000	476.0
4190000	470.0
4200000	468.0
4210000	478.0
4220000	477.0
4230000	474.0
4240000	464.0
4250000	468.0
4260000	451.0
4270000	476.0
4280000	472.0
4290000	480.0
4300000	465.0
4310000	480.0
4320000	468.0
4330000	472.0
4340000	479.0
4350000	467.0
4360000	476.0
4370000	472.0
4380000	471.0
4390000	472.0
4400000	480.0
4410000	472.0
4420000	476.0
4430000	475.0
4440000	464.0
4450000	474.0
4460000	471.0
4470000	476.0
4480000	460.0
4490000	475.0
4500000	479.0
4510000	474.0
4520000	471.0
4530000	475.0
4540000	473.0
4550000	475.0
4560000	471.0
4570000	467.0
4580000	480.0
4590000	467.0
4600000	477.0
4610000	481.0
4620000	470.0
4630000	479.0
4640000	470.0
4650000	473.0
4660000	468.0
4670000	469.0
4680000	469.0
4690000	476.0
4700000	469.0
4710000	474.0
4720000	470.0
4730000	467.0
4740000	466.0
4750000	479.0
4760000	466.0
4770000	469.0
4780000	471.0
4790000	472.0
4800000	470.0
4810000	471.0
4820000	475.0
4830000	470.0
4840000	476.0
4850000	471.0
4860000	472.0
4870000	464.0
4880000	468.0
4890000	467.0
4900000	479.0
4910000	467.0
4920000	469.0
4930000	475.0
4940000	472.0
4950000	471.0
4960000	471.0
4970000	469.0
4980000	463.0
4990000	471.0
5000000	472.0
