10000	-14.0
20000	-5.0
30000	-11.0
40000	-4.0
50000	-5.0
60000	-9.0
70000	-15.0
80000	-9.0
90000	-7.0
100000	-3.0
110000	-5.0
120000	-2.0
130000	-19.0
140000	-11.0
150000	-8.0
160000	-8.0
170000	-11.0
180000	-4.0
190000	-18.0
200000	-9.0
210000	-11.0
220000	-2.0
230000	-20.0
240000	-5.0
250000	-8.0
260000	-16.0
270000	-15.0
280000	-40.0
290000	-12.0
300000	-20.0
310000	442.0
320000	469.0
330000	476.0
340000	470.0
350000	463.0
360000	479.0
370000	465.0
380000	469.0
390000	466.0
400000	470.0
410000	465.0
420000	461.0
430000	477.0
440000	470.0
450000	463.0
460000	473.0
470000	477.0
480000	469.0
490000	477.0
500000	473.0
510000	469.0
520000	466.0
530000	476.0
540000	468.0
550000	468.0
560000	468.0
570000	472.0
580000	480.0
590000	474.0
600000	460.0
610000	478.0
620000	478.0
630000	473.0
640000	471.0
650000	475.0
660000	474.0
670000	467.0
680000	468.0
690000	472.0
700000	464.0
710000	470.0
720000	481.0
730000	486.0
740000	475.0
750000	473.0
760000	469.0
770000	484.0
780000	475.0
790000	483.0
800000	466.0
810000	461.0
820000	453.0
830000	466.0
840000	471.0
850000	478.0
860000	473.0
870000	473.0
880000	472.0
890000	469.0
900000	457.0
910000	469.0
920000	464.0
930000	473.0
940000	473.0
950000	472.0
960000	470.0
970000	475.0
980000	465.0
990000	472.0
1000000	466.0
1010000	467.0
1020000	474.0
1030000	478.0
1040000	471.0
1050000	480.0
1060000	473.0
1070000	466.0
1080000	479.0
1090000	467.0
1100000	480.0
1110000	479.0
1120000	475.0
1130000	474.0
1140000	476.0
1150000	473.0
1160000	473.0
1170000	466.0
1180000	471.0
1190000	480.0
1200000	479.0
1210000	469.0
1220000	474.0
1230000	460.0
1240000	472.0
1250000	466.0
1260000	474.0
1270000	473.0
1280000	464.0
1290000	476.0
1300000	469.0
1310000	479.0
1320000	469.0
1330000	476.0
1340000	467.0
1350000	467.0
1360000	466.0
1370000	464.0
1380000	469.0
1390000	476.0
1400000	477.0
1410000	470.0
1420000	472.0
1430000	475.0
1440000	471.0
1450000	473.0
1460000	480.0
1470000	469.0
1480000	474.0
1490000	485.0
1500000	475.0
1510000	477.0
1520000	476.0
1530000	478.0
1540000	464.0
1550000	474.0
1560000	471.0
1570000	468.0
1580000	464.0
1590000	474.0
1600000	477.0
1610000	471.0
1620000	474.0
1630000	482.0
1640000	472.0
1650000	473.0
1660000	471.0
1670000	472.0
1680000	470.0
1690000	469.0
1700000	470.0
1710000	470.0
1720000	472.0
1730000	463.0
1740000	484.0
1750000	481.0
1760000	469.0
1770000	478.0
1780000	469.0
1790000	464.0
1800000	473.0
1810000	476.0
1820000	477.0
1830000	477.0
1840000	469.0
1850000	469.0
1860000	466.0
1870000	471.0
1880000	468.0
1890000	476.0
1900000	463.0
1910000	472.0
1920000	470.0
1930000	471.0
1940000	472.0
1950000	475.0
1960000	466.0
1970000	473.0
1980000	467.0
1990000	471.0
2000000	473.0
2010000	468.0
2020000	475.0
2030000	476.0
2040000	466.0
2050000	470.0
2060000	475.0
2070000	477.0
2080000	475.0
2090000	476.0
2100000	469.0
2110000	477.0
2120000	471.0
2130000	471.0
2140000	473.0
2150000	471.0
2160000	467.0
2170000	474.0
2180000	470.0
2190000	480.0
2200000	473.0
2210000	479.0
2220000	467.0
2230000	473.0
2240000	476.0
2250000	425.0
2260000	479.0
2270000	461.0
2280000	473.0
2290000	474.0
2300000	473.0
2310000	474.0
2320000	475.0
2330000	468.0
2340000	465.0
2350000	462.0
2360000	473.0
2370000	479.0
2380000	474.0
2390000	460.0
2400000	468.0
2410000	467.0
2420000	476.0
2430000	471.0
2440000	473.0
2450000	468.0
2460000	467.0
2470000	465.0
2480000	467.0
2490000	466.0
2500000	464.0
2510000	477.0
2520000	464.0
2530000	475.0
2540000	470.0
2550000	471.0
2560000	474.0
2570000	471.0
2580000	479.0
2590000	467.0
2600000	475.0
2610000	469.0
2620000	466.0
2630000	477.0
2640000	465.0
2650000	474.0
2660000	471.0
2670000	476.0
2680000	477.0
2690000	471.0
2700000	475.0
2710000	459.0
2720000	464.0
2730000	470.0
2740000	461.0
2750000	472.0
2760000	473.0
2770000	474.0
2780000	461.0
2790000	469.0
2800000	463.0
2810000	467.0
2820000	477.0
2830000	474.0
2840000	471.0
2850000	469.0
2860000	471.0
2870000	475.0
2880000	477.0
2890000	474.0
2900000	470.0
2910000	472.0
2920000	471.0
2930000	467.0
2940000	474.0
2950000	472.0
2960000	473.0
2970000	462.0
2980000	476.0
2990000	473.0
3000000	462.0
3010000	473.0
3020000	476.0
3030000	471.0
3040000	469.0
3050000	473.0
3060000	468.0
3070000	473.0
3080000	475.0
3090000	476.0
3100000	471.0
3110000	482.0
3120000	464.0
3130000	465.0
3140000	474.0
3150000	461.0
3160000	467.0
3170000	472.0
3180000	478.0
3190000	468.0
3200000	472.0
3210000	469.0
3220000	475.0
3230000	471.0
3240000	465.0
3250000	475.0
3260000	473.0
3270000	476.0
3280000	468.0
3290000	474.0
3300000	471.0
3310000	480.0
3320000	472.0
3330000	470.0
3340000	467.0
3350000	473.0
3360000	467.0
3370000	472.0
3380000	479.0
3390000	474.0
3400000	473.0
3410000	474.0
3420000	472.0
3430000	470.0
3440000	474.0
3450000	473.0
3460000	465.0
3470000	478.0
3480000	474.0
3490000	473.0
3500000	468.0
3510000	473.0
3520000	474.0
3530000	478.0
3540000	471.0
3550000	478.0
3560000	471.0
3570000	479.0
3580000	467.0
3590000	473.0
3600000	479.0
3610000	467.0
3620000	467.0
3630000	477.0
3640000	475.0
3650000	468.0
3660000	481.0
3670000	472.0
3680000	471.0
3690000	471.0
3700000	465.0
3710000	464.0
3720000	466.0
3730000	474.0
3740000	468.0
3750000	471.0
3760000	477.0
3770000	468.0
3780000	469.0
3790000	477.0
3800000	475.0
3810000	473.0
3820000	468.0
3830000	483.0
3840000	477.0
3850000	476.0
3860000	469.0
3870000	464.0
3880000	472.0
3890000	470.0
3900000	471.0
3910000	475.0
3920000	461.0
3930000	483.0
3940000	477.0
3950000	476.0
3960000	481.0
3970000	467.0
3980000	470.0
3990000	454.0
4000000	475.0
4010000	471.0
4020000	468.0
4030000	477.0
4040000	477.0
4050000	481.0
4060000	478.0
4070000	472.0
4080000	472.0
4090000	465.0
4100000	473.0
4110000	472.0
4120000	468.0
4130000	472.0
4140000	467.0
4150000	472.0
4160000	475.0
4170000	471.0
4180000	465.0
4190000	472.0
4200000	468.0
4210000	461.0
4220000	473.0
4230000	468.0
4240000	477.0
4250000	474.0
4260000	458.0
4270000	474.0
4280000	482.0
4290000	471.0
4300000	473.0
4310000	480.0
4320000	475.0
4330000	467.0
4340000	466.0
4350000	467.0
4360000	474.0
4370000	472.0
4380000	464.0
4390000	464.0
4400000	473.0
4410000	458.0
4420000	479.0
4430000	466.0
4440000	481.0
4450000	471.0
4460000	472.0
4470000	474.0
4480000	456.0
4490000	461.0
4500000	478.0
4510000	466.0
4520000	471.0
4530000	472.0
4540000	470.0
4550000	469.0
4560000	467.0
4570000	473.0
4580000	469.0
4590000	475.0
4600000	474.0
4610000	475.0
4620000	472.0
4630000	475.0
4640000	471.0
4650000	478.0
4660000	482.0
4670000	471.0
4680000	455.0
4690000	476.0
4700000	461.0
4710000	477.0
4720000	464.0
4730000	464.0
4740000	467.0
4750000	481.0
4760000	464.0
4770000	481.0
4780000	474.0
4790000	467.0
4800000	462.0
4810000	472.0
4820000	468.0
4830000	469.0
4840000	471.0
4850000	477.0
4860000	470.0
4870000	469.0
4880000	474.0
4890000	465.0
4900000	465.0
4910000	461.0
4920000	477.0
4930000	465.0
4940000	470.0
4950000	467.0
4960000	478.0
4970000	465.0
4980000	473.0
4990000	477.0
5000000	474.0
