10000	-17.0
20000	-5.0
30000	-11.0
40000	0.0
50000	-5.0
60000	-14.0
70000	-12.0
80000	-10.0
90000	-8.0
100000	-17.0
110000	-16.0
120000	-7.0
130000	-10.0
140000	-9.0
150000	-17.0
160000	-7.0
170000	-7.0
180000	-7.0
190000	-4.0
200000	-10.0
210000	-1.0
220000	-8.0
230000	-5.0
240000	-7.0
250000	-12.0
260000	-8.0
270000	-21.0
280000	-20.0
290000	30.0
300000	0.0
310000	-24.0
320000	-10.0
330000	-12.0
340000	-8.0
350000	-11.0
360000	421.0
370000	476.0
380000	461.0
390000	470.0
400000	469.0
410000	475.0
420000	470.0
430000	472.0
440000	480.0
450000	469.0
460000	471.0
470000	472.0
480000	474.0
490000	469.0
500000	477.0
510000	461.0
520000	477.0
530000	473.0
540000	470.0
550000	475.0
560000	470.0
570000	462.0
580000	469.0
590000	478.0
600000	467.0
610000	467.0
620000	481.0
630000	474.0
640000	468.0
650000	464.0
660000	467.0
670000	464.0
680000	469.0
690000	477.0
700000	463.0
710000	474.0
720000	463.0
730000	474.0
740000	470.0
750000	472.0
760000	460.0
770000	460.0
780000	471.0
790000	469.0
800000	471.0
810000	478.0
820000	462.0
830000	480.0
840000	469.0
850000	468.0
860000	463.0
870000	486.0
880000	476.0
890000	475.0
900000	470.0
910000	476.0
920000	471.0
930000	470.0
940000	471.0
950000	484.0
960000	474.0
970000	474.0
980000	471.0
990000	471.0
1000000	464.0
1010000	474.0
1020000	469.0
1030000	477.0
1040000	458.0
1050000	466.0
1060000	472.0
1070000	467.0
1080000	467.0
1090000	457.0
1100000	472.0
1110000	460.0
1120000	478.0
1130000	475.0
1140000	459.0
1150000	477.0
1160000	476.0
1170000	476.0
1180000	473.0
1190000	474.0
1200000	466.0
1210000	466.0
1220000	471.0
1230000	473.0
1240000	468.0
1250000	474.0
1260000	468.0
1270000	474.0
1280000	472.0
1290000	475.0
1300000	475.0
1310000	441.0
1320000	476.0
1330000	459.0
1340000	471.0
1350000	470.0
1360000	475.0
1370000	473.0
1380000	485.0
1390000	474.0
1400000	480.0
1410000	468.0
1420000	475.0
1430000	456.0
1440000	469.0
1450000	475.0
1460000	474.0
1470000	463.0
1480000	471.0
1490000	472.0
1500000	471.0
1510000	479.0
1520000	473.0
1530000	476.0
1540000	471.0
1550000	466.0
1560000	476.0
1570000	469.0
1580000	461.0
1590000	477.0
1600000	479.0
1610000	474.0
1620000	472.0
1630000	470.0
1640000	475.0
1650000	460.0
1660000	470.0
1670000	476.0
1680000	478.0
1690000	477.0
1700000	476.0
1710000	467.0
1720000	479.0
1730000	475.0
1740000	474.0
1750000	483.0
1760000	470.0
1770000	464.0
1780000	475.0
1790000	465.0
1800000	480.0
1810000	473.0
1820000	470.0
1830000	471.0
1840000	476.0
1850000	477.0
1860000	469.0
1870000	467.0
1880000	466.0
1890000	469.0
1900000	473.0
1910000	473.0
1920000	467.0
1930000	472.0
1940000	467.0
1950000	464.0
1960000	472.0
1970000	476.0
1980000	479.0
1990000	468.0
2000000	474.0
2010000	469.0
2020000	467.0
2030000	472.0
2040000	474.0
2050000	470.0
2060000	465.0
2070000	477.0
2080000	470.0
2090000	472.0
2100000	479.0
2110000	461.0
2120000	477.0
2130000	469.0
2140000	476.0
2150000	480.0
2160000	470.0
2170000	472.0
2180000	475.0
2190000	473.0
2200000	473.0
2210000	479.0
2220000	470.0
2230000	476.0
2240000	478.0
2250000	463.0
2260000	477.0
2270000	469.0
2280000	471.0
2290000	463.0
2300000	470.0
2310000	469.0
2320000	457.0
2330000	466.0
2340000	476.0
2350000	470.0
2360000	468.0
2370000	474.0
2380000	473.0
2390000	466.0
2400000	479.0
2410000	480.0
2420000	479.0
2430000	475.0
2440000	479.0
2450000	468.0
2460000	472.0
2470000	470.0
2480000	463.0
2490000	474.0
2500000	475.0
2510000	474.0
2520000	473.0
2530000	466.0
2540000	475.0
2550000	466.0
2560000	468.0
2570000	480.0
2580000	470.0
2590000	474.0
2600000	472.0
2610000	471.0
2620000	461.0
2630000	460.0
2640000	470.0
2650000	477.0
2660000	475.0
2670000	473.0
2680000	468.0
2690000	473.0
2700000	466.0
2710000	465.0
2720000	483.0
2730000	475.0
2740000	471.0
2750000	471.0
2760000	467.0
2770000	474.0
2780000	470.0
2790000	471.0
2800000	461.0
2810000	475.0
2820000	478.0
2830000	470.0
2840000	480.0
2850000	479.0
2860000	477.0
2870000	481.0
2880000	475.0
2890000	466.0
2900000	479.0
2910000	485.0
2920000	474.0
2930000	471.0
2940000	471.0
2950000	470.0
2960000	466.0
2970000	472.0
2980000	469.0
2990000	478.0
3000000	477.0
3010000	484.0
3020000	479.0
3030000	471.0
3040000	473.0
3050000	471.0
3060000	477.0
3070000	470.0
3080000	469.0
3090000	468.0
3100000	468.0
3110000	479.0
3120000	477.0
3130000	462.0
3140000	470.0
3150000	467.0
3160000	476.0
3170000	476.0
3180000	469.0
3190000	475.0
3200000	477.0
3210000	467.0
3220000	474.0
3230000	478.0
3240000	481.0
3250000	471.0
3260000	457.0
3270000	469.0
3280000	466.0
3290000	463.0
3300000	471.0
3310000	469.0
3320000	465.0
3330000	476.0
3340000	477.0
3350000	471.0
3360000	464.0
3370000	478.0
3380000	465.0
3390000	469.0
3400000	475.0
3410000	477.0
3420000	473.0
3430000	472.0
3440000	465.0
3450000	473.0
3460000	476.0
3470000	470.0
3480000	468.0
3490000	473.0
3500000	476.0
3510000	478.0
3520000	476.0
3530000	469.0
3540000	474.0
3550000	476.0
3560000	470.0
3570000	467.0
3580000	473.0
3590000	466.0
3600000	466.0
3610000	475.0
3620000	473.0
3630000	471.0
3640000	470.0
3650000	473.0
3660000	466.0
3670000	471.0
3680000	463.0
3690000	471.0
3700000	473.0
3710000	473.0
3720000	462.0
3730000	482.0
3740000	468.0
3750000	464.0
3760000	464.0
3770000	469.0
3780000	471.0
3790000	468.0
3800000	460.0
3810000	468.0
3820000	477.0
3830000	474.0
3840000	479.0
3850000	479.0
3860000	471.0
3870000	474.0
3880000	477.0
3890000	475.0
3900000	477.0
3910000	470.0
3920000	471.0
3930000	470.0
3940000	473.0
3950000	467.0
3960000	482.0
3970000	472.0
3980000	470.0
3990000	466.0
4000000	473.0
4010000	467.0
4020000	466.0
4030000	483.0
4040000	472.0
4050000	471.0
4060000	471.0
4070000	476.0
4080000	475.0
4090000	479.0
4100000	468.0
4110000	471.0
4120000	463.0
4130000	464.0
4140000	475.0
4150000	462.0
4160000	462.0
4170000	473.0
4180000	470.0
4190000	467.0
4200000	471.0
4210000	470.0
4220000	461.0
4230000	473.0
4240000	479.0
4250000	483.0
4260000	461.0
4270000	470.0
4280000	471.0
4290000	468.0
4300000	474.0
4310000	469.0
4320000	471.0
4330000	468.0
4340000	474.0
4350000	474.0
4360000	464.0
4370000	470.0
4380000	473.0
4390000	477.0
4400000	477.0
4410000	469.0
4420000	465.0
4430000	469.0
4440000	454.0
4450000	475.0
4460000	465.0
4470000	469.0
4480000	473.0
4490000	467.0
4500000	469.0
4510000	470.0
4520000	465.0
4530000	470.0
4540000	474.0
4550000	474.0
4560000	480.0
4570000	472.0
4580000	471.0
4590000	469.0
4600000	462.0
4610000	474.0
4620000	480.0
4630000	474.0
4640000	477.0
4650000	471.0
4660000	474.0
4670000	478.0
4680000	473.0
4690000	471.0
4700000	464.0
4710000	474.0
4720000	471.0
4730000	473.0
4740000	464.0
4750000	477.0
4760000	475.0
4770000	473.0
4780000	477.0
4790000	476.0
4800000	473.0
4810000	482.0
4820000	469.0
4830000	482.0
4840000	474.0
4850000	476.0
4860000	475.0
4870000	470.0
4880000	473.0
4890000	479.0
4900000	475.0
4910000	478.0
4920000	476.0
4930000	476.0
4940000	468.0
4950000	474.0
4960000	476.0
4970000	479.0
4980000	468.0
4990000	477.0
5000000	471.0
