10000	-1.0
20000	-16.0
30000	-24.0
40000	-12.0
50000	-6.0
60000	-11.0
70000	-8.0
80000	-3.0
90000	-6.0
100000	-10.0
110000	-6.0
120000	-22.0
130000	-6.0
140000	-1.0
150000	-7.0
160000	-16.0
170000	-10.0
180000	-43.0
190000	-4.0
200000	-23.0
210000	-2.0
220000	-13.0
230000	-11.0
240000	-6.0
250000	-13.0
260000	-8.0
270000	-18.0
280000	-10.0
290000	-6.0
300000	-3.0
310000	-15.0
320000	-13.0
330000	-10.0
340000	-16.0
350000	-10.0
360000	-11.0
370000	-5.0
380000	114.0
390000	471.0
400000	476.0
410000	472.0
420000	472.0
430000	477.0
440000	472.0
450000	471.0
460000	478.0
470000	470.0
480000	466.0
490000	477.0
500000	475.0
510000	472.0
520000	475.0
530000	465.0
540000	477.0
550000	468.0
560000	471.0
570000	478.0
580000	466.0
590000	473.0
600000	466.0
610000	478.0
620000	479.0
630000	473.0
640000	474.0
650000	476.0
660000	471.0
670000	473.0
680000	474.0
690000	470.0
700000	469.0
710000	469.0
720000	470.0
730000	476.0
740000	469.0
750000	470.0
760000	478.0
770000	469.0
780000	479.0
790000	480.0
800000	475.0
810000	467.0
820000	466.0
830000	487.0
840000	470.0
850000	476.0
860000	473.0
870000	475.0
880000	464.0
890000	478.0
900000	473.0
910000	472.0
920000	469.0
930000	464.0
940000	462.0
950000	471.0
960000	460.0
970000	463.0
980000	476.0
990000	484.0
1000000	476.0
1010000	470.0
1020000	471.0
1030000	458.0
1040000	469.0
1050000	467.0
1060000	470.0
1070000	468.0
1080000	472.0
1090000	473.0
1100000	462.0
1110000	474.0
1120000	463.0
1130000	479.0
1140000	470.0
1150000	460.0
1160000	464.0
1170000	464.0
1180000	471.0
1190000	471.0
1200000	471.0
1210000	468.0
1220000	469.0
1230000	479.0
1240000	473.0
1250000	470.0
1260000	476.0
1270000	475.0
1280000	471.0
1290000	472.0
1300000	474.0
1310000	471.0
1320000	472.0
1330000	481.0
1340000	465.0
1350000	470.0
1360000	469.0
1370000	472.0
1380000	466.0
1390000	469.0
1400000	477.0
1410000	479.0
1420000	477.0
1430000	472.0
1440000	469.0
1450000	464.0
1460000	473.0
1470000	471.0
1480000	469.0
1490000	468.0
1500000	478.0
1510000	474.0
1520000	480.0
1530000	478.0
1540000	474.0
1550000	474.0
1560000	474.0
1570000	469.0
1580000	467.0
1590000	470.0
1600000	478.0
1610000	474.0
1620000	470.0
1630000	472.0
1640000	472.0
1650000	474.0
1660000	481.0
1670000	475.0
1680000	475.0
1690000	469.0
1700000	483.0
1710000	467.0
1720000	473.0
1730000	473.0
1740000	465.0
1750000	473.0
1760000	471.0
1770000	463.0
1780000	475.0
1790000	476.0
1800000	477.0
1810000	481.0
1820000	467.0
1830000	477.0
1840000	471.0
1850000	474.0
1860000	469.0
1870000	473.0
1880000	459.0
1890000	466.0
1900000	474.0
1910000	465.0
1920000	469.0
1930000	470.0
1940000	472.0
1950000	477.0
1960000	478.0
1970000	476.0
1980000	474.0
1990000	473.0
2000000	473.0
2010000	465.0
2020000	475.0
2030000	472.0
2040000	482.0
2050000	437.0
2060000	484.0
2070000	477.0
2080000	474.0
2090000	474.0
2100000	478.0
2110000	471.0
2120000	463.0
2130000	470.0
2140000	474.0
2150000	471.0
2160000	470.0
2170000	461.0
2180000	465.0
2190000	468.0
2200000	457.0
2210000	471.0
2220000	466.0
2230000	475.0
2240000	482.0
2250000	477.0
2260000	466.0
2270000	479.0
2280000	473.0
2290000	465.0
2300000	469.0
2310000	466.0
2320000	472.0
2330000	467.0
2340000	475.0
2350000	474.0
2360000	471.0
2370000	469.0
2380000	471.0
2390000	474.0
2400000	474.0
2410000	475.0
2420000	466.0
2430000	479.0
2440000	470.0
2450000	477.0
2460000	467.0
2470000	479.0
2480000	467.0
2490000	478.0
2500000	476.0
2510000	477.0
2520000	475.0
2530000	469.0
2540000	461.0
2550000	467.0
2560000	469.0
2570000	464.0
2580000	473.0
2590000	464.0
2600000	475.0
2610000	477.0
2620000	470.0
2630000	477.0
2640000	474.0
2650000	476.0
2660000	472.0
2670000	473.0
2680000	471.0
2690000	470.0
2700000	477.0
2710000	474.0
2720000	474.0
2730000	468.0
2740000	468.0
2750000	476.0
2760000	471.0
2770000	468.0
2780000	471.0
2790000	477.0
2800000	472.0
2810000	473.0
2820000	471.0
2830000	473.0
2840000	471.0
2850000	474.0
2860000	467.0
2870000	468.0
2880000	476.0
2890000	476.0
2900000	474.0
2910000	473.0
2920000	474.0
2930000	474.0
2940000	464.0
2950000	477.0
2960000	468.0
2970000	473.0
2980000	472.0
2990000	477.0
3000000	471.0
3010000	472.0
3020000	475.0
3030000	468.0
3040000	469.0
3050000	462.0
3060000	471.0
3070000	467.0
3080000	470.0
3090000	468.0
3100000	467.0
3110000	472.0
3120000	466.0
3130000	459.0
3140000	479.0
3150000	468.0
3160000	482.0
3170000	462.0
3180000	473.0
3190000	471.0
3200000	474.0
3210000	473.0
3220000	472.0
3230000	477.0
3240000	464.0
3250000	475.0
3260000	472.0
3270000	473.0
3280000	475.0
3290000	470.0
3300000	464.0
3310000	474.0
3320000	479.0
3330000	475.0
3340000	475.0
3350000	470.0
3360000	477.0
3370000	467.0
3380000	471.0
3390000	470.0
3400000	474.0
3410000	465.0
3420000	473.0
3430000	473.0
3440000	464.0
3450000	466.0
3460000	466.0
3470000	470.0
3480000	472.0
3490000	476.0
3500000	462.0
3510000	469.0
3520000	461.0
3530000	469.0
3540000	468.0
3550000	470.0
3560000	468.0
3570000	473.0
3580000	475.0
3590000	474.0
3600000	475.0
3610000	467.0
3620000	475.0
3630000	467.0
3640000	478.0
3650000	473.0
3660000	473.0
3670000	472.0
3680000	479.0
3690000	480.0
3700000	474.0
3710000	474.0
3720000	473.0
3730000	473.0
3740000	474.0
3750000	469.0
3760000	485.0
3770000	474.0
3780000	477.0
3790000	471.0
3800000	476.0
3810000	474.0
3820000	472.0
3830000	470.0
3840000	473.0
3850000	472.0
3860000	477.0
3870000	474.0
3880000	470.0
3890000	473.0
3900000	465.0
3910000	457.0
3920000	471.0
3930000	462.0
3940000	467.0
3950000	470.0
3960000	466.0
3970000	467.0
3980000	464.0
3990000	477.0
4000000	459.0
4010000	459.0
4020000	468.0
4030000	461.0
4040000	473.0
4050000	467.0
4060000	467.0
4070000	458.0
4080000	476.0
4090000	471.0
4100000	475.0
4110000	468.0
4120000	472.0
4130000	475.0
4140000	464.0
4150000	470.0
4160000	459.0
4170000	477.0
4180000	469.0
4190000	474.0
4200000	486.0
4210000	477.0
4220000	472.0
4230000	470.0
4240000	469.0
4250000	472.0
4260000	471.0
4270000	468.0
4280000	471.0
4290000	469.0
4300000	471.0
4310000	473.0
4320000	475.0
4330000	486.0
4340000	474.0
4350000	473.0
4360000	468.0
4370000	471.0
4380000	474.0
4390000	459.0
4400000	480.0
4410000	470.0
4420000	474.0
4430000	466.0
4440000	469.0
4450000	467.0
4460000	477.0
4470000	475.0
4480000	473.0
4490000	479.0
4500000	473.0
4510000	462.0
4520000	471.0
4530000	474.0
4540000	468.0
4550000	473.0
4560000	472.0
4570000	464.0
4580000	472.0
4590000	467.0
4600000	468.0
4610000	472.0
4620000	479.0
4630000	471.0
4640000	480.0
4650000	469.0
4660000	469.0
4670000	483.0
4680000	476.0
4690000	475.0
4700000	481.0
4710000	473.0
4720000	477.0
4730000	467.0
4740000	471.0
4750000	474.0
4760000	467.0
4770000	467.0
4780000	472.0
4790000	480.0
4800000	466.0
4810000	464.0
4820000	468.0
4830000	467.0
4840000	468.0
4850000	470.0
4860000	472.0
4870000	462.0
4880000	467.0
4890000	466.0
4900000	469.0
4910000	470.0
4920000	469.0
4930000	465.0
4940000	478.0
4950000	459.0
4960000	475.0
4970000	477.0
4980000	466.0
4990000	473.0
5000000	467.0
