10000	-12.0
20000	-12.0
30000	-14.0
40000	-14.0
50000	-10.0
60000	-8.0
70000	-12.0
80000	-7.0
90000	-5.0
100000	-10.0
110000	-7.0
120000	-5.0
130000	-11.0
140000	-20.0
150000	-13.0
160000	-10.0
170000	-19.0
180000	-11.0
190000	-11.0
200000	-6.0
210000	-8.0
220000	-5.0
230000	-15.0
240000	-16.0
250000	-17.0
260000	-9.0
270000	71.0
280000	112.0
290000	124.0
300000	455.0
310000	469.0
320000	471.0
330000	477.0
340000	474.0
350000	472.0
360000	475.0
370000	473.0
380000	468.0
390000	480.0
400000	479.0
410000	474.0
420000	475.0
430000	465.0
440000	470.0
450000	470.0
460000	474.0
470000	472.0
480000	479.0
490000	472.0
500000	474.0
510000	467.0
520000	478.0
530000	464.0
540000	473.0
550000	474.0
560000	473.0
570000	467.0
580000	468.0
590000	465.0
600000	464.0
610000	461.0
620000	474.0
630000	475.0
640000	473.0
650000	474.0
660000	467.0
670000	463.0
680000	474.0
690000	464.0
700000	476.0
710000	468.0
720000	471.0
730000	473.0
740000	470.0
750000	473.0
760000	477.0
770000	473.0
780000	473.0
790000	477.0
800000	474.0
810000	473.0
820000	477.0
830000	476.0
840000	472.0
850000	472.0
860000	473.0
870000	471.0
880000	475.0
890000	466.0
900000	471.0
910000	476.0
920000	473.0
930000	470.0
940000	476.0
950000	470.0
960000	476.0
970000	465.0
980000	474.0
990000	473.0
1000000	468.0
1010000	469.0
1020000	480.0
1030000	471.0
1040000	455.0
1050000	468.0
1060000	465.0
1070000	471.0
1080000	476.0
1090000	472.0
1100000	474.0
1110000	476.0
1120000	471.0
1130000	473.0
1140000	476.0
1150000	471.0
1160000	472.0
1170000	478.0
1180000	473.0
1190000	473.0
1200000	473.0
1210000	469.0
1220000	470.0
1230000	477.0
1240000	478.0
1250000	473.0
1260000	476.0
1270000	466.0
1280000	478.0
1290000	468.0
1300000	469.0
1310000	476.0
1320000	471.0
1330000	475.0
1340000	470.0
1350000	470.0
1360000	475.0
1370000	479.0
1380000	479.0
1390000	470.0
1400000	466.0
1410000	460.0
1420000	464.0
1430000	469.0
1440000	465.0
1450000	464.0
1460000	473.0
1470000	466.0
1480000	464.0
1490000	473.0
1500000	470.0
1510000	480.0
1520000	466.0
1530000	476.0
1540000	462.0
1550000	468.0
1560000	468.0
1570000	478.0
1580000	458.0
1590000	476.0
1600000	471.0
1610000	465.0
1620000	468.0
1630000	475.0
1640000	464.0
1650000	474.0
1660000	472.0
1670000	474.0
1680000	481.0
1690000	473.0
1700000	481.0
1710000	469.0
1720000	463.0
1730000	469.0
1740000	469.0
1750000	471.0
1760000	474.0
1770000	475.0
1780000	470.0
1790000	475.0
1800000	468.0
1810000	478.0
1820000	475.0
1830000	479.0
1840000	475.0
1850000	475.0
1860000	471.0
1870000	465.0
1880000	471.0
1890000	473.0
1900000	465.0
1910000	471.0
1920000	464.0
1930000	474.0
1940000	472.0
1950000	469.0
1960000	472.0
1970000	476.0
1980000	475.0
1990000	471.0
2000000	473.0
2010000	474.0
2020000	462.0
2030000	468.0
2040000	466.0
2050000	465.0
2060000	478.0
2070000	479.0
2080000	470.0
2090000	478.0
2100000	471.0
2110000	472.0
2120000	464.0
2130000	472.0
2140000	472.0
2150000	464.0
2160000	471.0
2170000	469.0
2180000	471.0
2190000	472.0
2200000	469.0
2210000	464.0
2220000	477.0
2230000	471.0
2240000	484.0
2250000	468.0
2260000	468.0
2270000	476.0
2280000	473.0
2290000	475.0
2300000	462.0
2310000	475.0
2320000	471.0
2330000	467.0
2340000	467.0
2350000	481.0
2360000	472.0
2370000	477.0
2380000	471.0
2390000	472.0
2400000	469.0
2410000	470.0
2420000	473.0
2430000	463.0
2440000	464.0
2450000	477.0
2460000	430.0
2470000	468.0
2480000	473.0
2490000	479.0
2500000	472.0
2510000	472.0
2520000	482.0
2530000	462.0
2540000	481.0
2550000	477.0
2560000	472.0
2570000	474.0
2580000	475.0
2590000	475.0
2600000	471.0
2610000	472.0
2620000	466.0
2630000	461.0
2640000	479.0
2650000	471.0
2660000	466.0
2670000	471.0
2680000	478.0
2690000	471.0
2700000	480.0
2710000	480.0
2720000	478.0
2730000	468.0
2740000	466.0
2750000	467.0
2760000	472.0
2770000	466.0
2780000	480.0
2790000	471.0
2800000	473.0
2810000	468.0
2820000	468.0
2830000	471.0
2840000	472.0
2850000	471.0
2860000	476.0
2870000	479.0
2880000	470.0
2890000	473.0
2900000	464.0
2910000	467.0
2920000	461.0
2930000	472.0
2940000	477.0
2950000	473.0
2960000	482.0
2970000	467.0
2980000	472.0
2990000	471.0
3000000	466.0
3010000	443.0
3020000	476.0
3030000	472.0
3040000	472.0
3050000	473.0
3060000	477.0
3070000	481.0
3080000	468.0
3090000	477.0
3100000	477.0
3110000	465.0
3120000	476.0
3130000	477.0
3140000	477.0
3150000	462.0
3160000	467.0
3170000	457.0
3180000	468.0
3190000	470.0
3200000	476.0
3210000	472.0
3220000	466.0
3230000	473.0
3240000	469.0
3250000	472.0
3260000	475.0
3270000	473.0
3280000	470.0
3290000	477.0
3300000	465.0
3310000	470.0
3320000	462.0
3330000	478.0
3340000	472.0
3350000	474.0
3360000	477.0
3370000	481.0
3380000	468.0
3390000	479.0
3400000	474.0
3410000	477.0
3420000	483.0
3430000	475.0
3440000	470.0
3450000	470.0
3460000	475.0
3470000	473.0
3480000	481.0
3490000	464.0
3500000	472.0
3510000	487.0
3520000	469.0
3530000	477.0
3540000	473.0
3550000	467.0
3560000	467.0
3570000	477.0
3580000	477.0
3590000	473.0
3600000	475.0
3610000	477.0
3620000	475.0
3630000	471.0
3640000	473.0
3650000	466.0
3660000	476.0
3670000	476.0
3680000	472.0
3690000	474.0
3700000	465.0
3710000	469.0
3720000	470.0
3730000	469.0
3740000	470.0
3750000	475.0
3760000	476.0
3770000	473.0
3780000	479.0
3790000	468.0
3800000	477.0
3810000	476.0
3820000	476.0
3830000	465.0
3840000	460.0
3850000	481.0
3860000	470.0
3870000	482.0
3880000	466.0
3890000	473.0
3900000	474.0
3910000	478.0
3920000	476.0
3930000	474.0
3940000	459.0
3950000	475.0
3960000	475.0
3970000	476.0
3980000	473.0
3990000	476.0
4000000	471.0
4010000	474.0
4020000	469.0
4030000	476.0
4040000	462.0
4050000	472.0
4060000	472.0
4070000	473.0
4080000	476.0
4090000	468.0
4100000	469.0
4110000	474.0
4120000	471.0
4130000	469.0
4140000	482.0
4150000	474.0
4160000	475.0
4170000	469.0
4180000	467.0
4190000	470.0
4200000	467.0
4210000	470.0
4220000	477.0
4230000	472.0
4240000	476.0
4250000	473.0
4260000	467.0
4270000	475.0
4280000	467.0
4290000	469.0
4300000	468.0
4310000	468.0
4320000	479.0
4330000	470.0
4340000	467.0
4350000	482.0
4360000	472.0
4370000	470.0
4380000	458.0
4390000	468.0
4400000	469.0
4410000	479.0
4420000	470.0
4430000	473.0
4440000	469.0
4450000	477.0
4460000	466.0
4470000	480.0
4480000	465.0
4490000	471.0
4500000	470.0
4510000	480.0
4520000	476.0
4530000	482.0
4540000	457.0
4550000	472.0
4560000	477.0
4570000	470.0
4580000	469.0
4590000	476.0
4600000	476.0
4610000	469.0
4620000	479.0
4630000	464.0
4640000	472.0
4650000	476.0
4660000	472.0
4670000	475.0
4680000	471.0
4690000	467.0
4700000	470.0
4710000	474.0
4720000	467.0
4730000	474.0
4740000	469.0
4750000	478.0
4760000	471.0
4770000	471.0
4780000	476.0
4790000	472.0
4800000	475.0
4810000	477.0
4820000	475.0
4830000	475.0
4840000	472.0
4850000	465.0
4860000	471.0
4870000	479.0
4880000	470.0
4890000	473.0
4900000	475.0
4910000	455.0
4920000	473.0
4930000	470.0
4940000	476.0
4950000	472.0
4960000	469.0
4970000	468.0
4980000	481.0
4990000	477.0
5000000	467.0
