10000	-22.0
20000	-12.0
30000	-11.0
40000	-6.0
50000	-11.0
60000	-10.0
70000	-10.0
80000	-18.0
90000	-9.0
100000	-20.0
110000	-17.0
120000	-9.0
130000	-10.0
140000	-13.0
150000	-7.0
160000	-8.0
170000	-3.0
180000	-9.0
190000	-9.0
200000	-5.0
210000	-13.0
220000	-2.0
230000	-7.0
240000	-26.0
250000	-7.0
260000	9.0
270000	152.0
280000	171.0
290000	299.0
300000	346.0
310000	291.0
320000	242.0
330000	234.0
340000	253.0
350000	306.0
360000	246.0
370000	250.0
380000	229.0
390000	239.0
400000	199.0
410000	160.0
420000	83.0
430000	6.0
440000	35.0
450000	38.0
460000	39.0
470000	11.0
480000	33.0
490000	30.0
500000	73.0
510000	50.0
520000	40.0
530000	39.0
540000	72.0
550000	65.0
560000	39.0
570000	73.0
580000	68.0
590000	49.0
600000	29.0
610000	42.0
620000	45.0
630000	48.0
640000	41.0
650000	-3.0
660000	-4.0
670000	-6.0
680000	-12.0
690000	-9.0
700000	-21.0
710000	-17.0
720000	-27.0
730000	-6.0
740000	-9.0
750000	-14.0
760000	-14.0
770000	-14.0
780000	-12.0
790000	360.0
800000	474.0
810000	467.0
820000	461.0
830000	473.0
840000	479.0
850000	476.0
860000	471.0
870000	476.0
880000	466.0
890000	474.0
900000	474.0
910000	470.0
920000	482.0
930000	478.0
940000	473.0
950000	471.0
960000	466.0
970000	478.0
980000	476.0
990000	471.0
1000000	471.0
1010000	474.0
1020000	456.0
1030000	455.0
1040000	464.0
1050000	471.0
1060000	477.0
1070000	469.0
1080000	475.0
1090000	478.0
1100000	473.0
1110000	479.0
1120000	467.0
1130000	480.0
1140000	480.0
1150000	471.0
1160000	479.0
1170000	471.0
1180000	467.0
1190000	475.0
1200000	472.0
1210000	472.0
1220000	478.0
1230000	460.0
1240000	464.0
1250000	473.0
1260000	475.0
1270000	467.0
1280000	470.0
1290000	470.0
1300000	465.0
1310000	471.0
1320000	457.0
1330000	469.0
1340000	475.0
1350000	476.0
1360000	477.0
1370000	472.0
1380000	469.0
1390000	470.0
1400000	468.0
1410000	473.0
1420000	460.0
1430000	480.0
1440000	473.0
1450000	467.0
1460000	480.0
1470000	472.0
1480000	468.0
1490000	463.0
1500000	471.0
1510000	461.0
1520000	465.0
1530000	474.0
1540000	463.0
1550000	480.0
1560000	470.0
1570000	463.0
1580000	477.0
1590000	473.0
1600000	470.0
1610000	470.0
1620000	473.0
1630000	472.0
1640000	472.0
1650000	470.0
1660000	478.0
1670000	462.0
1680000	468.0
1690000	469.0
1700000	468.0
1710000	474.0
1720000	470.0
1730000	470.0
1740000	467.0
1750000	479.0
1760000	476.0
1770000	471.0
1780000	479.0
1790000	477.0
1800000	477.0
1810000	472.0
1820000	473.0
1830000	472.0
1840000	473.0
1850000	471.0
1860000	469.0
1870000	472.0
1880000	470.0
1890000	468.0
1900000	455.0
1910000	472.0
1920000	473.0
1930000	478.0
1940000	464.0
1950000	462.0
1960000	480.0
1970000	482.0
1980000	469.0
1990000	464.0
2000000	468.0
2010000	466.0
2020000	469.0
2030000	463.0
2040000	478.0
2050000	471.0
2060000	467.0
2070000	464.0
2080000	469.0
2090000	463.0
2100000	476.0
2110000	466.0
2120000	477.0
2130000	463.0
2140000	477.0
2150000	479.0
2160000	469.0
2170000	475.0
2180000	476.0
2190000	474.0
2200000	465.0
2210000	478.0
2220000	481.0
2230000	473.0
2240000	480.0
2250000	476.0
2260000	468.0
2270000	480.0
2280000	469.0
2290000	468.0
2300000	468.0
2310000	479.0
2320000	477.0
2330000	470.0
2340000	473.0
2350000	471.0
2360000	466.0
2370000	472.0
2380000	477.0
2390000	465.0
2400000	476.0
2410000	477.0
2420000	476.0
2430000	469.0
2440000	472.0
2450000	476.0
2460000	473.0
2470000	470.0
2480000	470.0
2490000	467.0
2500000	473.0
2510000	468.0
2520000	472.0
2530000	478.0
2540000	468.0
2550000	472.0
2560000	480.0
2570000	467.0
2580000	474.0
2590000	478.0
2600000	473.0
2610000	467.0
2620000	476.0
2630000	475.0
2640000	479.0
2650000	468.0
2660000	475.0
2670000	477.0
2680000	470.0
2690000	475.0
2700000	473.0
2710000	470.0
2720000	469.0
2730000	478.0
2740000	476.0
2750000	460.0
2760000	479.0
2770000	477.0
2780000	464.0
2790000	470.0
2800000	477.0
2810000	477.0
2820000	471.0
2830000	471.0
2840000	475.0
2850000	473.0
2860000	466.0
2870000	469.0
2880000	461.0
2890000	477.0
2900000	477.0
2910000	467.0
2920000	468.0
2930000	480.0
2940000	476.0
2950000	474.0
2960000	478.0
2970000	478.0
2980000	475.0
2990000	457.0
3000000	472.0
3010000	475.0
3020000	475.0
3030000	464.0
3040000	470.0
3050000	471.0
3060000	471.0
3070000	470.0
3080000	470.0
3090000	477.0
3100000	476.0
3110000	474.0
3120000	478.0
3130000	472.0
3140000	471.0
3150000	475.0
3160000	477.0
3170000	467.0
3180000	470.0
3190000	474.0
3200000	474.0
3210000	466.0
3220000	473.0
3230000	473.0
3240000	470.0
3250000	470.0
3260000	466.0
3270000	465.0
3280000	472.0
3290000	473.0
3300000	470.0
3310000	469.0
3320000	469.0
3330000	465.0
3340000	475.0
3350000	469.0
3360000	462.0
3370000	475.0
3380000	472.0
3390000	467.0
3400000	474.0
3410000	481.0
3420000	459.0
3430000	477.0
3440000	474.0
3450000	476.0
3460000	476.0
3470000	471.0
3480000	468.0
3490000	474.0
3500000	475.0
3510000	464.0
3520000	467.0
3530000	469.0
3540000	466.0
3550000	478.0
3560000	480.0
3570000	476.0
3580000	479.0
3590000	471.0
3600000	473.0
3610000	474.0
3620000	469.0
3630000	471.0
3640000	475.0
3650000	478.0
3660000	471.0
3670000	456.0
3680000	469.0
3690000	467.0
3700000	472.0
3710000	479.0
3720000	460.0
3730000	476.0
3740000	469.0
3750000	470.0
3760000	471.0
3770000	475.0
3780000	468.0
3790000	474.0
3800000	465.0
3810000	457.0
3820000	461.0
3830000	472.0
3840000	475.0
3850000	470.0
3860000	470.0
3870000	474.0
3880000	472.0
3890000	462.0
3900000	478.0
3910000	462.0
3920000	480.0
3930000	468.0
3940000	469.0
3950000	479.0
3960000	468.0
3970000	471.0
3980000	461.0
3990000	467.0
4000000	481.0
4010000	473.0
4020000	479.0
4030000	476.0
4040000	472.0
4050000	461.0
4060000	473.0
4070000	471.0
4080000	471.0
4090000	460.0
4100000	477.0
4110000	473.0
4120000	476.0
4130000	469.0
4140000	467.0
4150000	474.0
4160000	468.0
4170000	475.0
4180000	470.0
4190000	463.0
4200000	472.0
4210000	470.0
4220000	478.0
4230000	473.0
4240000	481.0
4250000	473.0
4260000	465.0
4270000	477.0
4280000	473.0
4290000	461.0
4300000	471.0
4310000	478.0
4320000	478.0
4330000	474.0
4340000	468.0
4350000	478.0
4360000	479.0
4370000	472.0
4380000	477.0
4390000	467.0
4400000	472.0
4410000	468.0
4420000	473.0
4430000	466.0
4440000	473.0
4450000	482.0
4460000	461.0
4470000	475.0
4480000	474.0
4490000	470.0
4500000	477.0
4510000	477.0
4520000	473.0
4530000	467.0
4540000	480.0
4550000	471.0
4560000	465.0
4570000	470.0
4580000	469.0
4590000	472.0
4600000	461.0
4610000	464.0
4620000	480.0
4630000	469.0
4640000	475.0
4650000	473.0
4660000	468.0
4670000	468.0
4680000	464.0
4690000	475.0
4700000	476.0
4710000	471.0
4720000	466.0
4730000	476.0
4740000	473.0
4750000	467.0
4760000	473.0
4770000	473.0
4780000	462.0
4790000	468.0
4800000	477.0
4810000	468.0
4820000	467.0
4830000	465.0
4840000	479.0
4850000	474.0
4860000	475.0
4870000	456.0
4880000	469.0
4890000	471.0
4900000	466.0
4910000	465.0
4920000	475.0
4930000	468.0
4940000	475.0
4950000	478.0
4960000	473.0
4970000	473.0
4980000	465.0
4990000	474.0
5000000	479.0
