10000	-16.0
20000	-12.0
30000	-8.0
40000	-15.0
50000	-7.0
60000	-6.0
70000	-2.0
80000	-18.0
90000	-15.0
100000	-11.0
110000	-12.0
120000	-16.0
130000	-6.0
140000	-9.0
150000	-14.0
160000	-10.0
170000	-12.0
180000	-11.0
190000	-17.0
200000	-12.0
210000	-4.0
220000	-11.0
230000	-19.0
240000	-8.0
250000	-6.0
260000	-10.0
270000	-15.0
280000	-6.0
290000	-14.0
300000	-13.0
310000	116.0
320000	475.0
330000	466.0
340000	477.0
350000	469.0
360000	473.0
370000	474.0
380000	474.0
390000	467.0
400000	475.0
410000	477.0
420000	474.0
430000	480.0
440000	465.0
450000	476.0
460000	463.0
470000	472.0
480000	466.0
490000	453.0
500000	474.0
510000	480.0
520000	475.0
530000	467.0
540000	480.0
550000	465.0
560000	469.0
570000	473.0
580000	479.0
590000	475.0
600000	476.0
610000	474.0
620000	474.0
630000	470.0
640000	469.0
650000	469.0
660000	471.0
670000	471.0
680000	474.0
690000	475.0
700000	468.0
710000	477.0
720000	474.0
730000	468.0
740000	465.0
750000	474.0
760000	471.0
770000	467.0
780000	478.0
790000	466.0
800000	469.0
810000	462.0
820000	468.0
830000	472.0
840000	471.0
850000	471.0
860000	477.0
870000	472.0
880000	463.0
890000	471.0
900000	477.0
910000	472.0
920000	463.0
930000	477.0
940000	472.0
950000	479.0
960000	475.0
970000	478.0
980000	460.0
990000	475.0
1000000	466.0
1010000	462.0
1020000	471.0
1030000	469.0
1040000	476.0
1050000	467.0
1060000	463.0
1070000	466.0
1080000	459.0
1090000	471.0
1100000	473.0
1110000	465.0
1120000	476.0
1130000	476.0
1140000	464.0
1150000	479.0
1160000	477.0
1170000	472.0
1180000	472.0
1190000	465.0
1200000	472.0
1210000	477.0
1220000	471.0
1230000	462.0
1240000	477.0
1250000	474.0
1260000	468.0
1270000	469.0
1280000	473.0
1290000	472.0
1300000	479.0
1310000	471.0
1320000	479.0
1330000	469.0
1340000	478.0
1350000	480.0
1360000	469.0
1370000	464.0
1380000	474.0
1390000	473.0
1400000	466.0
1410000	473.0
1420000	467.0
1430000	466.0
1440000	476.0
1450000	469.0
1460000	479.0
1470000	479.0
1480000	470.0
1490000	474.0
1500000	476.0
1510000	467.0
1520000	476.0
1530000	478.0
1540000	468.0
1550000	468.0
1560000	466.0
1570000	476.0
1580000	467.0
1590000	466.0
1600000	469.0
1610000	469.0
1620000	475.0
1630000	471.0
1640000	468.0
1650000	473.0
1660000	458.0
1670000	471.0
1680000	475.0
1690000	470.0
1700000	473.0
1710000	464.0
1720000	463.0
1730000	464.0
1740000	481.0
1750000	478.0
1760000	474.0
1770000	473.0
1780000	479.0
1790000	466.0
1800000	466.0
1810000	474.0
1820000	474.0
1830000	470.0
1840000	459.0
1850000	472.0
1860000	467.0
1870000	474.0
1880000	458.0
1890000	476.0
1900000	468.0
1910000	465.0
1920000	468.0
1930000	460.0
1940000	472.0
1950000	479.0
1960000	480.0
1970000	480.0
1980000	471.0
1990000	474.0
2000000	466.0
2010000	475.0
2020000	458.0
2030000	480.0
2040000	461.0
2050000	469.0
2060000	465.0
2070000	471.0
2080000	475.0
2090000	469.0
2100000	469.0
2110000	467.0
2120000	473.0
2130000	461.0
2140000	469.0
2150000	480.0
2160000	468.0
2170000	478.0
2180000	473.0
2190000	475.0
2200000	477.0
2210000	472.0
2220000	470.0
2230000	466.0
2240000	466.0
2250000	472.0
2260000	472.0
2270000	470.0
2280000	479.0
2290000	478.0
2300000	470.0
2310000	464.0
2320000	466.0
2330000	465.0
2340000	467.0
2350000	479.0
2360000	479.0
2370000	473.0
2380000	476.0
2390000	470.0
2400000	467.0
2410000	473.0
2420000	477.0
2430000	472.0
2440000	476.0
2450000	474.0
2460000	476.0
2470000	472.0
2480000	473.0
2490000	478.0
2500000	470.0
2510000	471.0
2520000	473.0
2530000	472.0
2540000	467.0
2550000	476.0
2560000	471.0
2570000	479.0
2580000	480.0
2590000	468.0
2600000	458.0
2610000	467.0
2620000	476.0
2630000	477.0
2640000	470.0
2650000	471.0
2660000	481.0
2670000	467.0
2680000	475.0
2690000	470.0
2700000	467.0
2710000	474.0
2720000	467.0
2730000	461.0
2740000	470.0
2750000	480.0
2760000	474.0
2770000	479.0
2780000	457.0
2790000	467.0
2800000	476.0
2810000	465.0
2820000	466.0
2830000	467.0
2840000	466.0
2850000	467.0
2860000	471.0
2870000	478.0
2880000	468.0
2890000	465.0
2900000	460.0
2910000	469.0
2920000	462.0
2930000	469.0
2940000	468.0
2950000	475.0
2960000	476.0
2970000	477.0
2980000	480.0
2990000	468.0
3000000	481.0
3010000	474.0
3020000	471.0
3030000	471.0
3040000	480.0
3050000	461.0
3060000	474.0
3070000	475.0
3080000	470.0
3090000	473.0
3100000	463.0
3110000	469.0
3120000	477.0
3130000	469.0
3140000	470.0
3150000	478.0
3160000	467.0
3170000	471.0
3180000	471.0
3190000	467.0
3200000	462.0
3210000	469.0
3220000	473.0
3230000	477.0
3240000	467.0
3250000	467.0
3260000	466.0
3270000	473.0
3280000	468.0
3290000	469.0
3300000	467.0
3310000	470.0
3320000	476.0
3330000	470.0
3340000	473.0
3350000	476.0
3360000	477.0
3370000	477.0
3380000	474.0
3390000	468.0
3400000	474.0
3410000	472.0
3420000	464.0
3430000	465.0
3440000	464.0
3450000	470.0
3460000	477.0
3470000	474.0
3480000	468.0
3490000	472.0
3500000	465.0
3510000	475.0
3520000	473.0
3530000	475.0
3540000	470.0
3550000	469.0
3560000	478.0
3570000	475.0
3580000	476.0
3590000	477.0
3600000	469.0
3610000	473.0
3620000	475.0
3630000	466.0
3640000	473.0
3650000	477.0
3660000	479.0
3670000	463.0
3680000	472.0
3690000	480.0
3700000	479.0
3710000	479.0
3720000	475.0
3730000	461.0
3740000	472.0
3750000	465.0
3760000	468.0
3770000	477.0
3780000	479.0
3790000	470.0
3800000	467.0
3810000	467.0
3820000	472.0
3830000	476.0
3840000	471.0
3850000	475.0
3860000	472.0
3870000	471.0
3880000	468.0
3890000	470.0
3900000	470.0
3910000	480.0
3920000	476.0
3930000	474.0
3940000	481.0
3950000	467.0
3960000	474.0
3970000	473.0
3980000	469.0
3990000	465.0
4000000	472.0
4010000	477.0
4020000	473.0
4030000	460.0
4040000	476.0
4050000	475.0
4060000	473.0
4070000	467.0
4080000	475.0
4090000	472.0
4100000	467.0
4110000	472.0
4120000	468.0
4130000	467.0
4140000	474.0
4150000	474.0
4160000	468.0
4170000	470.0
4180000	462.0
4190000	466.0
4200000	474.0
4210000	468.0
4220000	421.0
4230000	462.0
4240000	475.0
4250000	464.0
4260000	468.0
4270000	467.0
4280000	464.0
4290000	479.0
4300000	464.0
4310000	476.0
4320000	474.0
4330000	462.0
4340000	477.0
4350000	473.0
4360000	470.0
4370000	474.0
4380000	470.0
4390000	474.0
4400000	471.0
4410000	475.0
4420000	475.0
4430000	471.0
4440000	471.0
4450000	472.0
4460000	473.0
4470000	477.0
4480000	469.0
4490000	474.0
4500000	470.0
4510000	470.0
4520000	457.0
4530000	459.0
4540000	467.0
4550000	466.0
4560000	477.0
4570000	476.0
4580000	480.0
4590000	466.0
4600000	460.0
4610000	467.0
4620000	476.0
4630000	473.0
4640000	471.0
4650000	471.0
4660000	468.0
4670000	481.0
4680000	463.0
4690000	472.0
4700000	470.0
4710000	478.0
4720000	474.0
4730000	467.0
4740000	429.0
4750000	474.0
4760000	465.0
4770000	463.0
4780000	475.0
4790000	470.0
4800000	473.0
4810000	474.0
4820000	474.0
4830000	469.0
4840000	473.0
4850000	472.0
4860000	467.0
4870000	481.0
4880000	473.0
4890000	476.0
4900000	474.0
4910000	477.0
4920000	475.0
4930000	470.0
4940000	473.0
4950000	479.0
4960000	460.0
4970000	475.0
4980000	467.0
4990000	473.0
5000000	480.0
