10000	-11.0
20000	-5.0
30000	-11.0
40000	0.0
50000	-5.0
60000	-14.0
70000	-24.0
80000	-14.0
90000	-23.0
100000	-3.0
110000	-19.0
120000	-2.0
130000	-7.0
140000	-13.0
150000	-6.0
160000	-9.0
170000	-15.0
180000	-9.0
190000	-11.0
200000	2.0
210000	-2.0
220000	-5.0
230000	-11.0
240000	-9.0
250000	-4.0
260000	-13.0
270000	110.0
280000	42.0
290000	-9.0
300000	-9.0
310000	-4.0
320000	-17.0
330000	-11.0
340000	134.0
350000	479.0
360000	468.0
370000	477.0
380000	474.0
390000	473.0
400000	472.0
410000	475.0
420000	477.0
430000	480.0
440000	463.0
450000	473.0
460000	469.0
470000	466.0
480000	478.0
490000	472.0
500000	470.0
510000	470.0
520000	475.0
530000	479.0
540000	471.0
550000	459.0
560000	483.0
570000	467.0
580000	453.0
590000	482.0
600000	466.0
610000	470.0
620000	474.0
630000	471.0
640000	474.0
650000	471.0
660000	476.0
670000	463.0
680000	473.0
690000	471.0
700000	473.0
710000	482.0
720000	466.0
730000	474.0
740000	469.0
750000	474.0
760000	479.0
770000	468.0
780000	463.0
790000	467.0
800000	465.0
810000	465.0
820000	475.0
830000	472.0
840000	476.0
850000	481.0
860000	477.0
870000	469.0
880000	474.0
890000	474.0
900000	466.0
910000	470.0
920000	466.0
930000	469.0
940000	474.0
950000	474.0
960000	477.0
970000	465.0
980000	476.0
990000	460.0
1000000	481.0
1010000	473.0
1020000	468.0
1030000	482.0
1040000	465.0
1050000	474.0
1060000	473.0
1070000	468.0
1080000	475.0
1090000	465.0
1100000	471.0
1110000	468.0
1120000	471.0
1130000	479.0
1140000	472.0
1150000	477.0
1160000	469.0
1170000	472.0
1180000	473.0
1190000	476.0
1200000	464.0
1210000	480.0
1220000	463.0
1230000	469.0
1240000	476.0
1250000	475.0
1260000	477.0
1270000	471.0
1280000	473.0
1290000	471.0
1300000	474.0
1310000	474.0
1320000	467.0
1330000	476.0
1340000	476.0
1350000	469.0
1360000	468.0
1370000	465.0
1380000	454.0
1390000	475.0
1400000	475.0
1410000	470.0
1420000	475.0
1430000	467.0
1440000	478.0
1450000	468.0
1460000	471.0
1470000	467.0
1480000	472.0
1490000	471.0
1500000	466.0
1510000	462.0
1520000	468.0
1530000	472.0
1540000	474.0
1550000	466.0
1560000	478.0
1570000	475.0
1580000	474.0
1590000	470.0
1600000	466.0
1610000	466.0
1620000	474.0
1630000	468.0
1640000	473.0
1650000	474.0
1660000	471.0
1670000	474.0
1680000	470.0
1690000	477.0
1700000	475.0
1710000	463.0
1720000	476.0
1730000	459.0
1740000	478.0
1750000	474.0
1760000	469.0
1770000	468.0
1780000	472.0
1790000	477.0
1800000	475.0
1810000	478.0
1820000	472.0
1830000	471.0
1840000	464.0
1850000	471.0
1860000	472.0
1870000	466.0
1880000	474.0
1890000	474.0
1900000	474.0
1910000	476.0
1920000	462.0
1930000	477.0
1940000	472.0
1950000	459.0
1960000	470.0
1970000	473.0
1980000	467.0
1990000	476.0
2000000	476.0
2010000	473.0
2020000	471.0
2030000	472.0
2040000	461.0
2050000	475.0
2060000	477.0
2070000	474.0
2080000	478.0
2090000	481.0
2100000	476.0
2110000	470.0
2120000	469.0
2130000	473.0
2140000	467.0
2150000	474.0
2160000	468.0
2170000	476.0
2180000	463.0
2190000	470.0
2200000	472.0
2210000	478.0
2220000	476.0
2230000	472.0
2240000	466.0
2250000	480.0
2260000	473.0
2270000	475.0
2280000	462.0
2290000	472.0
2300000	468.0
2310000	474.0
2320000	465.0
2330000	468.0
2340000	474.0
2350000	470.0
2360000	475.0
2370000	473.0
2380000	474.0
2390000	472.0
2400000	477.0
2410000	475.0
2420000	476.0
2430000	480.0
2440000	472.0
2450000	466.0
2460000	479.0
2470000	471.0
2480000	470.0
2490000	477.0
2500000	468.0
2510000	469.0
2520000	466.0
2530000	475.0
2540000	473.0
2550000	466.0
2560000	472.0
2570000	476.0
2580000	476.0
2590000	471.0
2600000	473.0
2610000	475.0
2620000	466.0
2630000	472.0
2640000	476.0
2650000	472.0
2660000	471.0
2670000	481.0
2680000	466.0
2690000	472.0
2700000	465.0
2710000	472.0
2720000	473.0
2730000	477.0
2740000	472.0
2750000	471.0
2760000	474.0
2770000	472.0
2780000	473.0
2790000	465.0
2800000	472.0
2810000	471.0
2820000	465.0
2830000	473.0
2840000	470.0
2850000	474.0
2860000	473.0
2870000	478.0
2880000	478.0
2890000	472.0
2900000	473.0
2910000	472.0
2920000	471.0
2930000	480.0
2940000	470.0
2950000	461.0
2960000	464.0
2970000	477.0
2980000	469.0
2990000	474.0
3000000	469.0
3010000	473.0
3020000	472.0
3030000	468.0
3040000	479.0
3050000	473.0
3060000	471.0
3070000	471.0
3080000	460.0
3090000	469.0
3100000	470.0
3110000	473.0
3120000	473.0
3130000	468.0
3140000	480.0
3150000	463.0
3160000	470.0
3170000	470.0
3180000	462.0
3190000	469.0
3200000	473.0
3210000	480.0
3220000	471.0
3230000	476.0
3240000	475.0
3250000	473.0
3260000	467.0
3270000	469.0
3280000	471.0
3290000	468.0
3300000	476.0
3310000	472.0
3320000	471.0
3330000	470.0
3340000	478.0
3350000	475.0
3360000	468.0
3370000	475.0
3380000	468.0
3390000	462.0
3400000	473.0
3410000	462.0
3420000	474.0
3430000	471.0
3440000	465.0
3450000	485.0
3460000	468.0
3470000	471.0
3480000	471.0
3490000	461.0
3500000	469.0
3510000	467.0
3520000	467.0
3530000	472.0
3540000	463.0
3550000	473.0
3560000	459.0
3570000	468.0
3580000	466.0
3590000	472.0
3600000	483.0
3610000	472.0
3620000	472.0
3630000	481.0
3640000	457.0
3650000	472.0
3660000	478.0
3670000	474.0
3680000	470.0
3690000	475.0
3700000	465.0
3710000	472.0
3720000	463.0
3730000	471.0
3740000	477.0
3750000	475.0
3760000	475.0
3770000	465.0
3780000	475.0
3790000	470.0
3800000	471.0
3810000	473.0
3820000	474.0
3830000	474.0
3840000	472.0
3850000	475.0
3860000	468.0
3870000	471.0
3880000	461.0
3890000	477.0
3900000	470.0
3910000	476.0
3920000	481.0
3930000	459.0
3940000	467.0
3950000	473.0
3960000	480.0
3970000	472.0
3980000	476.0
3990000	477.0
4000000	487.0
4010000	474.0
4020000	478.0
4030000	472.0
4040000	474.0
4050000	474.0
4060000	482.0
4070000	471.0
4080000	481.0
4090000	470.0
4100000	476.0
4110000	474.0
4120000	469.0
4130000	469.0
4140000	473.0
4150000	475.0
4160000	471.0
4170000	471.0
4180000	478.0
4190000	483.0
4200000	467.0
4210000	469.0
4220000	470.0
4230000	468.0
4240000	476.0
4250000	474.0
4260000	475.0
4270000	475.0
4280000	481.0
4290000	470.0
4300000	467.0
4310000	476.0
4320000	473.0
4330000	479.0
4340000	477.0
4350000	470.0
4360000	473.0
4370000	477.0
4380000	474.0
4390000	479.0
4400000	479.0
4410000	470.0
4420000	473.0
4430000	473.0
4440000	471.0
4450000	473.0
4460000	471.0
4470000	476.0
4480000	472.0
4490000	479.0
4500000	482.0
4510000	480.0
4520000	471.0
4530000	473.0
4540000	478.0
4550000	470.0
4560000	473.0
4570000	471.0
4580000	471.0
4590000	478.0
4600000	478.0
4610000	475.0
4620000	481.0
4630000	469.0
4640000	479.0
4650000	470.0
4660000	477.0
4670000	471.0
4680000	462.0
4690000	472.0
4700000	469.0
4710000	477.0
4720000	472.0
4730000	467.0
4740000	477.0
4750000	477.0
4760000	467.0
4770000	471.0
4780000	448.0
4790000	476.0
4800000	475.0
4810000	474.0
4820000	475.0
4830000	470.0
4840000	469.0
4850000	475.0
4860000	473.0
4870000	477.0
4880000	476.0
4890000	471.0
4900000	480.0
4910000	470.0
4920000	468.0
4930000	469.0
4940000	471.0
4950000	473.0
4960000	479.0
4970000	473.0
4980000	477.0
4990000	475.0
5000000	469.0
