10000	1.0
20000	2.0
30000	1.0
40000	2.0
50000	1.0
60000	2.0
70000	3.0
80000	2.0
90000	1.0
100000	1.0
110000	0.0
120000	3.0
130000	1.0
140000	1.0
150000	2.0
160000	2.0
170000	0.0
180000	1.0
190000	0.0
200000	0.0
210000	2.0
220000	1.0
230000	2.0
240000	2.0
250000	0.0
260000	2.0
270000	2.0
280000	2.0
290000	0.0
300000	0.0
310000	2.0
320000	1.0
330000	13.0
340000	22.0
350000	25.0
360000	36.0
370000	59.0
380000	29.0
390000	55.0
400000	58.0
410000	72.0
420000	65.0
430000	83.0
440000	68.0
450000	80.0
460000	26.0
470000	1.0
480000	3.0
490000	2.0
500000	2.0
510000	3.0
520000	0.0
530000	1.0
540000	1.0
550000	5.0
560000	5.0
570000	9.0
580000	9.0
590000	13.0
600000	17.0
610000	17.0
620000	32.0
630000	46.0
640000	58.0
650000	50.0
660000	61.0
670000	67.0
680000	79.0
690000	71.0
700000	69.0
710000	76.0
720000	84.0
730000	74.0
740000	100.0
750000	91.0
760000	77.0
770000	103.0
780000	91.0
790000	91.0
800000	91.0
810000	110.0
820000	80.0
830000	107.0
840000	112.0
850000	102.0
860000	116.0
870000	104.0
880000	109.0
890000	107.0
900000	102.0
910000	115.0
920000	111.0
930000	119.0
940000	116.0
950000	113.0
960000	112.0
970000	105.0
980000	116.0
990000	123.0
1000000	108.0
1010000	117.0
1020000	112.0
1030000	120.0
1040000	123.0
1050000	122.0
1060000	121.0
1070000	121.0
1080000	121.0
1090000	122.0
1100000	117.0
1110000	117.0
1120000	107.0
1130000	100.0
1140000	118.0
1150000	113.0
1160000	111.0
1170000	119.0
1180000	123.0
1190000	124.0
1200000	125.0
1210000	122.0
1220000	124.0
1230000	128.0
1240000	95.0
1250000	28.0
1260000	105.0
1270000	123.0
1280000	121.0
1290000	127.0
1300000	128.0
1310000	124.0
1320000	127.0
1330000	120.0
1340000	119.0
1350000	126.0
1360000	126.0
1370000	125.0
1380000	126.0
1390000	124.0
1400000	90.0
1410000	92.0
1420000	125.0
1430000	125.0
1440000	124.0
1450000	125.0
1460000	128.0
1470000	127.0
1480000	130.0
1490000	128.0
1500000	129.0
1510000	124.0
1520000	129.0
1530000	129.0
1540000	125.0
1550000	128.0
1560000	129.0
1570000	131.0
1580000	128.0
1590000	125.0
1600000	129.0
1610000	131.0
1620000	130.0
1630000	123.0
1640000	131.0
1650000	125.0
1660000	130.0
1670000	129.0
1680000	125.0
1690000	127.0
1700000	122.0
1710000	124.0
1720000	130.0
1730000	130.0
1740000	120.0
1750000	88.0
1760000	121.0
1770000	128.0
1780000	121.0
1790000	130.0
1800000	127.0
1810000	128.0
1820000	127.0
1830000	128.0
1840000	131.0
1850000	133.0
1860000	129.0
1870000	131.0
1880000	130.0
1890000	122.0
1900000	128.0
1910000	130.0
1920000	132.0
1930000	128.0
1940000	132.0
1950000	128.0
1960000	127.0
1970000	127.0
1980000	131.0
1990000	132.0
2000000	128.0
2010000	131.0
2020000	128.0
2030000	128.0
2040000	125.0
2050000	130.0
2060000	131.0
2070000	126.0
2080000	134.0
2090000	131.0
2100000	126.0
2110000	126.0
2120000	33.0
2130000	116.0
2140000	131.0
2150000	132.0
2160000	129.0
2170000	130.0
2180000	134.0
2190000	130.0
2200000	131.0
2210000	131.0
2220000	132.0
2230000	133.0
2240000	129.0
2250000	130.0
2260000	133.0
2270000	133.0
2280000	132.0
2290000	128.0
2300000	126.0
2310000	130.0
2320000	135.0
2330000	131.0
2340000	126.0
2350000	129.0
2360000	133.0
2370000	131.0
2380000	132.0
2390000	111.0
2400000	125.0
2410000	65.0
2420000	125.0
2430000	131.0
2440000	129.0
2450000	127.0
2460000	95.0
2470000	129.0
2480000	132.0
2490000	134.0
2500000	128.0
2510000	129.0
2520000	134.0
2530000	123.0
2540000	130.0
2550000	132.0
2560000	128.0
2570000	129.0
2580000	126.0
2590000	133.0
2600000	133.0
2610000	130.0
2620000	129.0
2630000	132.0
2640000	130.0
2650000	134.0
2660000	126.0
2670000	131.0
2680000	135.0
2690000	131.0
2700000	131.0
2710000	132.0
2720000	133.0
2730000	131.0
2740000	131.0
2750000	133.0
2760000	134.0
2770000	132.0
2780000	134.0
2790000	129.0
2800000	130.0
2810000	132.0
2820000	130.0
2830000	134.0
2840000	131.0
2850000	131.0
2860000	133.0
2870000	133.0
2880000	130.0
2890000	132.0
2900000	130.0
2910000	133.0
2920000	130.0
2930000	128.0
2940000	129.0
2950000	129.0
2960000	131.0
2970000	127.0
2980000	135.0
2990000	131.0
3000000	132.0
3010000	133.0
3020000	128.0
3030000	135.0
3040000	135.0
3050000	132.0
3060000	131.0
3070000	132.0
3080000	127.0
3090000	133.0
3100000	133.0
3110000	125.0
3120000	129.0
3130000	132.0
3140000	132.0
3150000	134.0
3160000	135.0
3170000	131.0
3180000	133.0
3190000	132.0
3200000	133.0
3210000	133.0
3220000	133.0
3230000	132.0
3240000	130.0
3250000	130.0
3260000	132.0
3270000	132.0
3280000	116.0
3290000	130.0
3300000	135.0
3310000	129.0
3320000	127.0
3330000	129.0
3340000	127.0
3350000	131.0
3360000	134.0
3370000	132.0
3380000	132.0
3390000	132.0
3400000	135.0
3410000	126.0
3420000	131.0
3430000	135.0
3440000	133.0
3450000	133.0
3460000	110.0
3470000	132.0
3480000	128.0
3490000	131.0
3500000	133.0
3510000	135.0
3520000	130.0
3530000	121.0
3540000	135.0
3550000	134.0
3560000	134.0
3570000	133.0
3580000	134.0
3590000	132.0
3600000	131.0
3610000	136.0
3620000	128.0
3630000	133.0
3640000	133.0
3650000	134.0
3660000	134.0
3670000	130.0
3680000	133.0
3690000	128.0
3700000	129.0
3710000	130.0
3720000	133.0
3730000	131.0
3740000	127.0
3750000	133.0
3760000	128.0
3770000	131.0
3780000	132.0
3790000	135.0
3800000	134.0
3810000	131.0
3820000	133.0
3830000	122.0
3840000	134.0
3850000	134.0
3860000	132.0
3870000	131.0
3880000	132.0
3890000	135.0
3900000	133.0
3910000	133.0
3920000	134.0
3930000	133.0
3940000	132.0
3950000	135.0
3960000	137.0
3970000	130.0
3980000	131.0
3990000	133.0
4000000	133.0
4010000	136.0
4020000	134.0
4030000	136.0
4040000	133.0
4050000	131.0
4060000	133.0
4070000	133.0
4080000	131.0
4090000	133.0
4100000	131.0
4110000	134.0
4120000	132.0
4130000	134.0
4140000	134.0
4150000	131.0
4160000	133.0
4170000	135.0
4180000	133.0
4190000	134.0
4200000	134.0
4210000	137.0
4220000	132.0
4230000	137.0
4240000	132.0
4250000	134.0
4260000	132.0
4270000	132.0
4280000	133.0
4290000	136.0
4300000	131.0
4310000	134.0
4320000	131.0
4330000	134.0
4340000	136.0
4350000	134.0
4360000	131.0
4370000	135.0
4380000	129.0
4390000	129.0
4400000	133.0
4410000	135.0
4420000	134.0
4430000	131.0
4440000	135.0
4450000	133.0
4460000	132.0
4470000	136.0
4480000	131.0
4490000	135.0
4500000	131.0
4510000	135.0
4520000	136.0
4530000	134.0
4540000	133.0
4550000	133.0
4560000	135.0
4570000	132.0
4580000	133.0
4590000	131.0
4600000	134.0
4610000	134.0
4620000	135.0
4630000	134.0
4640000	132.0
4650000	134.0
4660000	125.0
4670000	133.0
4680000	131.0
4690000	133.0
4700000	131.0
4710000	136.0
4720000	133.0
4730000	134.0
4740000	133.0
4750000	132.0
4760000	130.0
4770000	135.0
4780000	133.0
4790000	133.0
4800000	133.0
4810000	129.0
4820000	134.0
4830000	131.0
4840000	134.0
4850000	133.0
4860000	138.0
4870000	133.0
4880000	135.0
4890000	132.0
4900000	133.0
4910000	135.0
4920000	135.0
4930000	133.0
4940000	132.0
4950000	134.0
4960000	133.0
4970000	130.0
4980000	135.0
4990000	132.0
5000000	134.0
