10000	1.0
20000	1.0
30000	1.0
40000	3.0
50000	0.0
60000	1.0
70000	2.0
80000	1.0
90000	3.0
100000	1.0
110000	0.0
120000	1.0
130000	1.0
140000	1.0
150000	2.0
160000	0.0
170000	4.0
180000	1.0
190000	3.0
200000	1.0
210000	2.0
220000	2.0
230000	2.0
240000	3.0
250000	2.0
260000	3.0
270000	0.0
280000	1.0
290000	0.0
300000	5.0
310000	3.0
320000	7.0
330000	2.0
340000	2.0
350000	1.0
360000	1.0
370000	2.0
380000	0.0
390000	0.0
400000	0.0
410000	0.0
420000	4.0
430000	11.0
440000	7.0
450000	12.0
460000	11.0
470000	1.0
480000	1.0
490000	4.0
500000	1.0
510000	1.0
520000	2.0
530000	2.0
540000	1.0
550000	0.0
560000	0.0
570000	0.0
580000	2.0
590000	9.0
600000	13.0
610000	8.0
620000	9.0
630000	17.0
640000	35.0
650000	48.0
660000	59.0
670000	66.0
680000	68.0
690000	70.0
700000	87.0
710000	98.0
720000	69.0
730000	71.0
740000	75.0
750000	75.0
760000	77.0
770000	60.0
780000	77.0
790000	96.0
800000	76.0
810000	101.0
820000	98.0
830000	104.0
840000	96.0
850000	115.0
860000	110.0
870000	107.0
880000	106.0
890000	106.0
900000	107.0
910000	107.0
920000	112.0
930000	109.0
940000	105.0
950000	109.0
960000	115.0
970000	118.0
980000	99.0
990000	119.0
1000000	111.0
1010000	108.0
1020000	68.0
1030000	117.0
1040000	123.0
1050000	119.0
1060000	112.0
1070000	116.0
1080000	118.0
1090000	119.0
1100000	117.0
1110000	117.0
1120000	108.0
1130000	102.0
1140000	126.0
1150000	115.0
1160000	123.0
1170000	124.0
1180000	121.0
1190000	125.0
1200000	121.0
1210000	125.0
1220000	126.0
1230000	117.0
1240000	125.0
1250000	125.0
1260000	119.0
1270000	125.0
1280000	124.0
1290000	124.0
1300000	87.0
1310000	124.0
1320000	121.0
1330000	125.0
1340000	122.0
1350000	122.0
1360000	127.0
1370000	124.0
1380000	123.0
1390000	125.0
1400000	125.0
1410000	119.0
1420000	123.0
1430000	124.0
1440000	120.0
1450000	125.0
1460000	119.0
1470000	121.0
1480000	117.0
1490000	126.0
1500000	124.0
1510000	130.0
1520000	82.0
1530000	129.0
1540000	128.0
1550000	129.0
1560000	125.0
1570000	121.0
1580000	125.0
1590000	120.0
1600000	122.0
1610000	125.0
1620000	124.0
1630000	118.0
1640000	120.0
1650000	78.0
1660000	110.0
1670000	124.0
1680000	122.0
1690000	126.0
1700000	121.0
1710000	126.0
1720000	128.0
1730000	130.0
1740000	127.0
1750000	130.0
1760000	128.0
1770000	77.0
1780000	128.0
1790000	131.0
1800000	129.0
1810000	130.0
1820000	128.0
1830000	128.0
1840000	129.0
1850000	123.0
1860000	124.0
1870000	129.0
1880000	126.0
1890000	128.0
1900000	120.0
1910000	128.0
1920000	128.0
1930000	124.0
1940000	132.0
1950000	123.0
1960000	129.0
1970000	129.0
1980000	130.0
1990000	128.0
2000000	128.0
2010000	119.0
2020000	129.0
2030000	127.0
2040000	129.0
2050000	129.0
2060000	124.0
2070000	130.0
2080000	124.0
2090000	131.0
2100000	133.0
2110000	132.0
2120000	130.0
2130000	128.0
2140000	91.0
2150000	116.0
2160000	130.0
2170000	128.0
2180000	133.0
2190000	127.0
2200000	128.0
2210000	102.0
2220000	132.0
2230000	127.0
2240000	127.0
2250000	133.0
2260000	129.0
2270000	130.0
2280000	110.0
2290000	134.0
2300000	132.0
2310000	129.0
2320000	131.0
2330000	131.0
2340000	132.0
2350000	131.0
2360000	124.0
2370000	131.0
2380000	131.0
2390000	131.0
2400000	131.0
2410000	127.0
2420000	132.0
2430000	134.0
2440000	128.0
2450000	132.0
2460000	132.0
2470000	128.0
2480000	129.0
2490000	131.0
2500000	129.0
2510000	131.0
2520000	130.0
2530000	125.0
2540000	130.0
2550000	129.0
2560000	128.0
2570000	123.0
2580000	132.0
2590000	127.0
2600000	130.0
2610000	124.0
2620000	129.0
2630000	129.0
2640000	131.0
2650000	130.0
2660000	128.0
2670000	135.0
2680000	125.0
2690000	131.0
2700000	131.0
2710000	132.0
2720000	131.0
2730000	134.0
2740000	129.0
2750000	125.0
2760000	125.0
2770000	129.0
2780000	130.0
2790000	132.0
2800000	131.0
2810000	133.0
2820000	131.0
2830000	129.0
2840000	131.0
2850000	131.0
2860000	121.0
2870000	95.0
2880000	131.0
2890000	132.0
2900000	115.0
2910000	129.0
2920000	127.0
2930000	131.0
2940000	128.0
2950000	133.0
2960000	131.0
2970000	131.0
2980000	132.0
2990000	126.0
3000000	130.0
3010000	131.0
3020000	133.0
3030000	131.0
3040000	130.0
3050000	130.0
3060000	132.0
3070000	128.0
3080000	130.0
3090000	134.0
3100000	129.0
3110000	134.0
3120000	129.0
3130000	133.0
3140000	133.0
3150000	133.0
3160000	131.0
3170000	134.0
3180000	130.0
3190000	109.0
3200000	130.0
3210000	132.0
3220000	134.0
3230000	129.0
3240000	124.0
3250000	129.0
3260000	129.0
3270000	130.0
3280000	127.0
3290000	132.0
3300000	128.0
3310000	133.0
3320000	132.0
3330000	130.0
3340000	133.0
3350000	132.0
3360000	129.0
3370000	132.0
3380000	128.0
3390000	130.0
3400000	133.0
3410000	131.0
3420000	131.0
3430000	130.0
3440000	131.0
3450000	124.0
3460000	133.0
3470000	132.0
3480000	131.0
3490000	131.0
3500000	135.0
3510000	134.0
3520000	133.0
3530000	133.0
3540000	131.0
3550000	134.0
3560000	135.0
3570000	131.0
3580000	134.0
3590000	135.0
3600000	132.0
3610000	135.0
3620000	132.0
3630000	136.0
3640000	132.0
3650000	133.0
3660000	130.0
3670000	131.0
3680000	131.0
3690000	132.0
3700000	132.0
3710000	130.0
3720000	135.0
3730000	130.0
3740000	136.0
3750000	131.0
3760000	131.0
3770000	132.0
3780000	129.0
3790000	130.0
3800000	133.0
3810000	134.0
3820000	128.0
3830000	131.0
3840000	133.0
3850000	131.0
3860000	133.0
3870000	131.0
3880000	133.0
3890000	131.0
3900000	128.0
3910000	134.0
3920000	131.0
3930000	118.0
3940000	130.0
3950000	128.0
3960000	115.0
3970000	128.0
3980000	128.0
3990000	132.0
4000000	136.0
4010000	131.0
4020000	132.0
4030000	128.0
4040000	133.0
4050000	133.0
4060000	132.0
4070000	133.0
4080000	133.0
4090000	134.0
4100000	130.0
4110000	132.0
4120000	129.0
4130000	131.0
4140000	130.0
4150000	135.0
4160000	133.0
4170000	133.0
4180000	131.0
4190000	134.0
4200000	134.0
4210000	134.0
4220000	131.0
4230000	131.0
4240000	100.0
4250000	131.0
4260000	131.0
4270000	131.0
4280000	133.0
4290000	134.0
4300000	132.0
4310000	133.0
4320000	135.0
4330000	134.0
4340000	134.0
4350000	132.0
4360000	128.0
4370000	133.0
4380000	130.0
4390000	132.0
4400000	132.0
4410000	133.0
4420000	130.0
4430000	132.0
4440000	134.0
4450000	131.0
4460000	132.0
4470000	132.0
4480000	133.0
4490000	134.0
4500000	129.0
4510000	134.0
4520000	132.0
4530000	132.0
4540000	134.0
4550000	135.0
4560000	134.0
4570000	135.0
4580000	134.0
4590000	134.0
4600000	135.0
4610000	133.0
4620000	66.0
4630000	135.0
4640000	132.0
4650000	136.0
4660000	132.0
4670000	134.0
4680000	136.0
4690000	135.0
4700000	131.0
4710000	133.0
4720000	133.0
4730000	131.0
4740000	131.0
4750000	133.0
4760000	135.0
4770000	132.0
4780000	127.0
4790000	134.0
4800000	133.0
4810000	131.0
4820000	133.0
4830000	133.0
4840000	135.0
4850000	133.0
4860000	133.0
4870000	132.0
4880000	134.0
4890000	135.0
4900000	135.0
4910000	127.0
4920000	133.0
4930000	129.0
4940000	133.0
4950000	131.0
4960000	134.0
4970000	133.0
4980000	129.0
4990000	134.0
5000000	127.0
