10000	1.0
20000	3.0
30000	2.0
40000	1.0
50000	1.0
60000	2.0
70000	2.0
80000	1.0
90000	3.0
100000	1.0
110000	1.0
120000	2.0
130000	0.0
140000	1.0
150000	0.0
160000	2.0
170000	1.0
180000	2.0
190000	2.0
200000	2.0
210000	2.0
220000	1.0
230000	1.0
240000	2.0
250000	4.0
260000	1.0
270000	5.0
280000	2.0
290000	4.0
300000	1.0
310000	1.0
320000	1.0
330000	3.0
340000	1.0
350000	2.0
360000	4.0
370000	3.0
380000	2.0
390000	1.0
400000	0.0
410000	0.0
420000	0.0
430000	0.0
440000	0.0
450000	4.0
460000	8.0
470000	5.0
480000	7.0
490000	5.0
500000	14.0
510000	2.0
520000	3.0
530000	1.0
540000	3.0
550000	2.0
560000	0.0
570000	1.0
580000	0.0
590000	0.0
600000	0.0
610000	0.0
620000	1.0
630000	1.0
640000	3.0
650000	1.0
660000	0.0
670000	1.0
680000	8.0
690000	10.0
700000	11.0
710000	8.0
720000	10.0
730000	16.0
740000	36.0
750000	19.0
760000	32.0
770000	29.0
780000	46.0
790000	44.0
800000	40.0
810000	45.0
820000	37.0
830000	35.0
840000	45.0
850000	42.0
860000	35.0
870000	39.0
880000	41.0
890000	35.0
900000	31.0
910000	64.0
920000	24.0
930000	43.0
940000	53.0
950000	48.0
960000	43.0
970000	52.0
980000	27.0
990000	42.0
1000000	52.0
1010000	57.0
1020000	61.0
1030000	35.0
1040000	40.0
1050000	54.0
1060000	47.0
1070000	49.0
1080000	44.0
1090000	34.0
1100000	65.0
1110000	47.0
1120000	51.0
1130000	38.0
1140000	61.0
1150000	42.0
1160000	53.0
1170000	37.0
1180000	35.0
1190000	58.0
1200000	45.0
1210000	62.0
1220000	59.0
1230000	53.0
1240000	44.0
1250000	41.0
1260000	61.0
1270000	40.0
1280000	55.0
1290000	48.0
1300000	44.0
1310000	61.0
1320000	45.0
1330000	61.0
1340000	51.0
1350000	49.0
1360000	48.0
1370000	62.0
1380000	57.0
1390000	60.0
1400000	64.0
1410000	45.0
1420000	39.0
1430000	72.0
1440000	61.0
1450000	75.0
1460000	54.0
1470000	50.0
1480000	62.0
1490000	59.0
1500000	66.0
1510000	39.0
1520000	10.0
1530000	40.0
1540000	45.0
1550000	68.0
1560000	58.0
1570000	33.0
1580000	35.0
1590000	18.0
1600000	29.0
1610000	52.0
1620000	70.0
1630000	37.0
1640000	83.0
1650000	55.0
1660000	57.0
1670000	45.0
1680000	57.0
1690000	45.0
1700000	61.0
1710000	70.0
1720000	53.0
1730000	54.0
1740000	67.0
1750000	45.0
1760000	54.0
1770000	63.0
1780000	64.0
1790000	56.0
1800000	59.0
1810000	71.0
1820000	66.0
1830000	66.0
1840000	59.0
1850000	58.0
1860000	40.0
1870000	60.0
1880000	46.0
1890000	42.0
1900000	67.0
1910000	57.0
1920000	52.0
1930000	61.0
1940000	66.0
1950000	60.0
1960000	60.0
1970000	65.0
1980000	56.0
1990000	54.0
2000000	52.0
2010000	57.0
2020000	55.0
2030000	62.0
2040000	57.0
2050000	71.0
2060000	50.0
2070000	62.0
2080000	70.0
2090000	65.0
2100000	54.0
2110000	55.0
2120000	73.0
2130000	55.0
2140000	33.0
2150000	54.0
2160000	62.0
2170000	58.0
2180000	81.0
2190000	68.0
2200000	64.0
2210000	50.0
2220000	49.0
2230000	68.0
2240000	58.0
2250000	73.0
2260000	56.0
2270000	51.0
2280000	68.0
2290000	64.0
2300000	55.0
2310000	62.0
2320000	53.0
2330000	62.0
2340000	51.0
2350000	77.0
2360000	67.0
2370000	65.0
2380000	52.0
2390000	52.0
2400000	55.0
2410000	60.0
2420000	72.0
2430000	74.0
2440000	41.0
2450000	57.0
2460000	55.0
2470000	62.0
2480000	58.0
2490000	55.0
2500000	59.0
2510000	52.0
2520000	53.0
2530000	69.0
2540000	58.0
2550000	66.0
2560000	58.0
2570000	55.0
2580000	68.0
2590000	62.0
2600000	55.0
2610000	68.0
2620000	70.0
2630000	62.0
2640000	65.0
2650000	61.0
2660000	86.0
2670000	48.0
2680000	78.0
2690000	65.0
2700000	50.0
2710000	58.0
2720000	64.0
2730000	62.0
2740000	65.0
2750000	76.0
2760000	67.0
2770000	59.0
2780000	54.0
2790000	59.0
2800000	43.0
2810000	55.0
2820000	74.0
2830000	56.0
2840000	71.0
2850000	48.0
2860000	50.0
2870000	65.0
2880000	54.0
2890000	50.0
2900000	87.0
2910000	50.0
2920000	56.0
2930000	44.0
2940000	74.0
2950000	62.0
2960000	55.0
2970000	72.0
2980000	67.0
2990000	51.0
3000000	50.0
3010000	59.0
3020000	57.0
3030000	60.0
3040000	66.0
3050000	78.0
3060000	54.0
3070000	61.0
3080000	37.0
3090000	71.0
3100000	60.0
3110000	50.0
3120000	75.0
3130000	64.0
3140000	52.0
3150000	49.0
3160000	65.0
3170000	57.0
3180000	67.0
3190000	54.0
3200000	69.0
3210000	68.0
3220000	56.0
3230000	48.0
3240000	57.0
3250000	43.0
3260000	54.0
3270000	54.0
3280000	66.0
3290000	47.0
3300000	62.0
3310000	40.0
3320000	58.0
3330000	61.0
3340000	75.0
3350000	51.0
3360000	58.0
3370000	72.0
3380000	68.0
3390000	58.0
3400000	55.0
3410000	60.0
3420000	64.0
3430000	56.0
3440000	60.0
3450000	72.0
3460000	79.0
3470000	52.0
3480000	48.0
3490000	60.0
3500000	57.0
3510000	69.0
3520000	58.0
3530000	46.0
3540000	69.0
3550000	55.0
3560000	75.0
3570000	64.0
3580000	77.0
3590000	62.0
3600000	46.0
3610000	51.0
3620000	73.0
3630000	64.0
3640000	56.0
3650000	60.0
3660000	79.0
3670000	57.0
3680000	66.0
3690000	55.0
3700000	61.0
3710000	60.0
3720000	66.0
3730000	64.0
3740000	50.0
3750000	48.0
3760000	70.0
3770000	92.0
3780000	65.0
3790000	64.0
3800000	66.0
3810000	66.0
3820000	54.0
3830000	61.0
3840000	71.0
3850000	51.0
3860000	59.0
3870000	68.0
3880000	72.0
3890000	74.0
3900000	74.0
3910000	65.0
3920000	65.0
3930000	56.0
3940000	61.0
3950000	43.0
3960000	57.0
3970000	71.0
3980000	62.0
3990000	55.0
4000000	68.0
4010000	50.0
4020000	51.0
4030000	66.0
4040000	45.0
4050000	53.0
4060000	59.0
4070000	71.0
4080000	63.0
4090000	61.0
4100000	82.0
4110000	51.0
4120000	69.0
4130000	63.0
4140000	73.0
4150000	47.0
4160000	40.0
4170000	74.0
4180000	55.0
4190000	76.0
4200000	68.0
4210000	68.0
4220000	70.0
4230000	70.0
4240000	53.0
4250000	59.0
4260000	65.0
4270000	69.0
4280000	52.0
4290000	70.0
4300000	37.0
4310000	57.0
4320000	71.0
4330000	60.0
4340000	59.0
4350000	63.0
4360000	60.0
4370000	69.0
4380000	68.0
4390000	57.0
4400000	68.0
4410000	72.0
4420000	69.0
4430000	50.0
4440000	57.0
4450000	50.0
4460000	64.0
4470000	64.0
4480000	56.0
4490000	66.0
4500000	61.0
4510000	52.0
4520000	47.0
4530000	66.0
4540000	58.0
4550000	49.0
4560000	70.0
4570000	47.0
4580000	68.0
4590000	58.0
4600000	64.0
4610000	51.0
4620000	55.0
4630000	72.0
4640000	41.0
4650000	72.0
4660000	76.0
4670000	47.0
4680000	54.0
4690000	51.0
4700000	63.0
4710000	57.0
4720000	44.0
4730000	77.0
4740000	53.0
4750000	56.0
4760000	51.0
4770000	67.0
4780000	80.0
4790000	36.0
4800000	76.0
4810000	80.0
4820000	43.0
4830000	33.0
4840000	55.0
4850000	75.0
4860000	52.0
4870000	78.0
4880000	56.0
4890000	48.0
4900000	2.0
4910000	21.0
4920000	75.0
4930000	59.0
4940000	49.0
4950000	63.0
4960000	58.0
4970000	57.0
4980000	61.0
4990000	44.0
5000000	62.0
