10000	0.0
20000	2.0
30000	3.0
40000	3.0
50000	0.0
60000	2.0
70000	3.0
80000	3.0
90000	0.0
100000	1.0
110000	1.0
120000	2.0
130000	3.0
140000	2.0
150000	3.0
160000	1.0
170000	1.0
180000	1.0
190000	1.0
200000	2.0
210000	3.0
220000	2.0
230000	1.0
240000	2.0
250000	2.0
260000	2.0
270000	1.0
280000	2.0
290000	2.0
300000	3.0
310000	1.0
320000	1.0
330000	1.0
340000	0.0
350000	0.0
360000	0.0
370000	1.0
380000	0.0
390000	3.0
400000	1.0
410000	9.0
420000	17.0
430000	25.0
440000	24.0
450000	33.0
460000	20.0
470000	30.0
480000	19.0
490000	23.0
500000	57.0
510000	21.0
520000	11.0
530000	27.0
540000	21.0
550000	19.0
560000	27.0
570000	44.0
580000	41.0
590000	22.0
600000	20.0
610000	59.0
620000	59.0
630000	50.0
640000	61.0
650000	48.0
660000	57.0
670000	50.0
680000	46.0
690000	59.0
700000	52.0
710000	47.0
720000	71.0
730000	60.0
740000	39.0
750000	10.0
760000	75.0
770000	82.0
780000	61.0
790000	51.0
800000	65.0
810000	45.0
820000	65.0
830000	76.0
840000	75.0
850000	70.0
860000	62.0
870000	40.0
880000	52.0
890000	69.0
900000	54.0
910000	53.0
920000	52.0
930000	100.0
940000	86.0
950000	56.0
960000	84.0
970000	76.0
980000	60.0
990000	80.0
1000000	76.0
1010000	78.0
1020000	63.0
1030000	80.0
1040000	87.0
1050000	82.0
1060000	61.0
1070000	85.0
1080000	82.0
1090000	77.0
1100000	80.0
1110000	81.0
1120000	89.0
1130000	85.0
1140000	78.0
1150000	80.0
1160000	68.0
1170000	21.0
1180000	70.0
1190000	79.0
1200000	95.0
1210000	99.0
1220000	77.0
1230000	82.0
1240000	85.0
1250000	65.0
1260000	89.0
1270000	76.0
1280000	81.0
1290000	68.0
1300000	48.0
1310000	55.0
1320000	94.0
1330000	77.0
1340000	58.0
1350000	83.0
1360000	100.0
1370000	78.0
1380000	82.0
1390000	93.0
1400000	78.0
1410000	87.0
1420000	93.0
1430000	94.0
1440000	76.0
1450000	80.0
1460000	76.0
1470000	76.0
1480000	87.0
1490000	95.0
1500000	88.0
1510000	28.0
1520000	18.0
1530000	91.0
1540000	91.0
1550000	96.0
1560000	92.0
1570000	101.0
1580000	74.0
1590000	90.0
1600000	105.0
1610000	100.0
1620000	86.0
1630000	94.0
1640000	76.0
1650000	80.0
1660000	88.0
1670000	102.0
1680000	87.0
1690000	95.0
1700000	79.0
1710000	101.0
1720000	95.0
1730000	83.0
1740000	102.0
1750000	93.0
1760000	88.0
1770000	81.0
1780000	93.0
1790000	85.0
1800000	79.0
1810000	111.0
1820000	98.0
1830000	89.0
1840000	94.0
1850000	94.0
1860000	106.0
1870000	95.0
1880000	90.0
1890000	71.0
1900000	102.0
1910000	92.0
1920000	86.0
1930000	97.0
1940000	99.0
1950000	76.0
1960000	109.0
1970000	100.0
1980000	106.0
1990000	96.0
2000000	100.0
2010000	109.0
2020000	103.0
2030000	101.0
2040000	105.0
2050000	98.0
2060000	106.0
2070000	98.0
2080000	94.0
2090000	80.0
2100000	55.0
2110000	93.0
2120000	100.0
2130000	96.0
2140000	81.0
2150000	104.0
2160000	109.0
2170000	100.0
2180000	117.0
2190000	108.0
2200000	115.0
2210000	111.0
2220000	110.0
2230000	83.0
2240000	85.0
2250000	112.0
2260000	104.0
2270000	106.0
2280000	97.0
2290000	95.0
2300000	93.0
2310000	86.0
2320000	100.0
2330000	90.0
2340000	89.0
2350000	104.0
2360000	111.0
2370000	104.0
2380000	90.0
2390000	110.0
2400000	88.0
2410000	92.0
2420000	112.0
2430000	66.0
2440000	55.0
2450000	99.0
2460000	90.0
2470000	97.0
2480000	102.0
2490000	94.0
2500000	74.0
2510000	112.0
2520000	99.0
2530000	112.0
2540000	115.0
2550000	109.0
2560000	91.0
2570000	82.0
2580000	100.0
2590000	101.0
2600000	113.0
2610000	101.0
2620000	100.0
2630000	109.0
2640000	107.0
2650000	109.0
2660000	115.0
2670000	103.0
2680000	102.0
2690000	109.0
2700000	108.0
2710000	95.0
2720000	96.0
2730000	106.0
2740000	101.0
2750000	98.0
2760000	109.0
2770000	108.0
2780000	92.0
2790000	120.0
2800000	108.0
2810000	110.0
2820000	116.0
2830000	96.0
2840000	110.0
2850000	109.0
2860000	105.0
2870000	89.0
2880000	113.0
2890000	112.0
2900000	104.0
2910000	113.0
2920000	109.0
2930000	118.0
2940000	104.0
2950000	109.0
2960000	118.0
2970000	112.0
2980000	87.0
2990000	122.0
3000000	113.0
3010000	118.0
3020000	106.0
3030000	120.0
3040000	99.0
3050000	111.0
3060000	93.0
3070000	99.0
3080000	101.0
3090000	111.0
3100000	75.0
3110000	68.0
3120000	35.0
3130000	50.0
3140000	25.0
3150000	91.0
3160000	114.0
3170000	116.0
3180000	121.0
3190000	117.0
3200000	110.0
3210000	111.0
3220000	115.0
3230000	104.0
3240000	110.0
3250000	103.0
3260000	91.0
3270000	112.0
3280000	91.0
3290000	92.0
3300000	101.0
3310000	101.0
3320000	96.0
3330000	104.0
3340000	103.0
3350000	108.0
3360000	107.0
3370000	100.0
3380000	108.0
3390000	109.0
3400000	118.0
3410000	115.0
3420000	120.0
3430000	102.0
3440000	107.0
3450000	102.0
3460000	117.0
3470000	109.0
3480000	108.0
3490000	72.0
3500000	36.0
3510000	68.0
3520000	110.0
3530000	121.0
3540000	111.0
3550000	96.0
3560000	8.0
3570000	128.0
3580000	87.0
3590000	57.0
3600000	39.0
3610000	68.0
3620000	82.0
3630000	115.0
3640000	109.0
3650000	97.0
3660000	86.0
3670000	107.0
3680000	105.0
3690000	105.0
3700000	89.0
3710000	48.0
3720000	108.0
3730000	98.0
3740000	108.0
3750000	112.0
3760000	118.0
3770000	115.0
3780000	118.0
3790000	103.0
3800000	108.0
3810000	107.0
3820000	59.0
3830000	77.0
3840000	51.0
3850000	100.0
3860000	110.0
3870000	106.0
3880000	106.0
3890000	101.0
3900000	117.0
3910000	103.0
3920000	111.0
3930000	105.0
3940000	69.0
3950000	113.0
3960000	113.0
3970000	120.0
3980000	104.0
3990000	111.0
4000000	108.0
4010000	97.0
4020000	98.0
4030000	100.0
4040000	109.0
4050000	111.0
4060000	103.0
4070000	119.0
4080000	123.0
4090000	78.0
4100000	50.0
4110000	92.0
4120000	120.0
4130000	109.0
4140000	85.0
4150000	113.0
4160000	120.0
4170000	109.0
4180000	115.0
4190000	119.0
4200000	118.0
4210000	112.0
4220000	107.0
4230000	106.0
4240000	99.0
4250000	2.0
4260000	50.0
4270000	111.0
4280000	101.0
4290000	119.0
4300000	123.0
4310000	109.0
4320000	119.0
4330000	108.0
4340000	104.0
4350000	121.0
4360000	101.0
4370000	117.0
4380000	88.0
4390000	48.0
4400000	115.0
4410000	104.0
4420000	116.0
4430000	119.0
4440000	108.0
4450000	117.0
4460000	102.0
4470000	102.0
4480000	119.0
4490000	110.0
4500000	100.0
4510000	109.0
4520000	117.0
4530000	116.0
4540000	117.0
4550000	110.0
4560000	123.0
4570000	116.0
4580000	98.0
4590000	99.0
4600000	108.0
4610000	117.0
4620000	101.0
4630000	36.0
4640000	49.0
4650000	93.0
4660000	116.0
4670000	103.0
4680000	37.0
4690000	118.0
4700000	106.0
4710000	95.0
4720000	89.0
4730000	67.0
4740000	66.0
4750000	86.0
4760000	87.0
4770000	117.0
4780000	99.0
4790000	114.0
4800000	109.0
4810000	93.0
4820000	108.0
4830000	79.0
4840000	75.0
4850000	120.0
4860000	97.0
4870000	115.0
4880000	121.0
4890000	101.0
4900000	95.0
4910000	98.0
4920000	89.0
4930000	109.0
4940000	90.0
4950000	73.0
4960000	37.0
4970000	88.0
4980000	108.0
4990000	100.0
5000000	107.0
