10000	1.0
20000	2.0
30000	3.0
40000	2.0
50000	2.0
60000	3.0
70000	1.0
80000	1.0
90000	2.0
100000	1.0
110000	2.0
120000	2.0
130000	0.0
140000	3.0
150000	3.0
160000	1.0
170000	0.0
180000	1.0
190000	3.0
200000	1.0
210000	1.0
220000	1.0
230000	0.0
240000	2.0
250000	2.0
260000	1.0
270000	1.0
280000	1.0
290000	0.0
300000	3.0
310000	5.0
320000	11.0
330000	12.0
340000	20.0
350000	20.0
360000	30.0
370000	35.0
380000	56.0
390000	47.0
400000	49.0
410000	61.0
420000	17.0
430000	3.0
440000	2.0
450000	1.0
460000	2.0
470000	0.0
480000	1.0
490000	3.0
500000	0.0
510000	1.0
520000	0.0
530000	2.0
540000	7.0
550000	3.0
560000	13.0
570000	2.0
580000	21.0
590000	22.0
600000	27.0
610000	43.0
620000	66.0
630000	67.0
640000	56.0
650000	66.0
660000	61.0
670000	65.0
680000	74.0
690000	81.0
700000	92.0
710000	88.0
720000	86.0
730000	93.0
740000	100.0
750000	95.0
760000	104.0
770000	93.0
780000	111.0
790000	92.0
800000	110.0
810000	108.0
820000	92.0
830000	102.0
840000	106.0
850000	75.0
860000	84.0
870000	78.0
880000	106.0
890000	107.0
900000	117.0
910000	101.0
920000	109.0
930000	115.0
940000	118.0
950000	121.0
960000	119.0
970000	113.0
980000	117.0
990000	114.0
1000000	109.0
1010000	112.0
1020000	115.0
1030000	115.0
1040000	118.0
1050000	122.0
1060000	118.0
1070000	120.0
1080000	107.0
1090000	120.0
1100000	126.0
1110000	109.0
1120000	119.0
1130000	125.0
1140000	101.0
1150000	125.0
1160000	123.0
1170000	126.0
1180000	125.0
1190000	120.0
1200000	119.0
1210000	123.0
1220000	118.0
1230000	119.0
1240000	118.0
1250000	123.0
1260000	116.0
1270000	118.0
1280000	124.0
1290000	103.0
1300000	123.0
1310000	123.0
1320000	128.0
1330000	127.0
1340000	126.0
1350000	122.0
1360000	122.0
1370000	125.0
1380000	123.0
1390000	124.0
1400000	121.0
1410000	128.0
1420000	121.0
1430000	106.0
1440000	126.0
1450000	127.0
1460000	125.0
1470000	132.0
1480000	124.0
1490000	120.0
1500000	130.0
1510000	126.0
1520000	126.0
1530000	126.0
1540000	97.0
1550000	124.0
1560000	126.0
1570000	127.0
1580000	129.0
1590000	126.0
1600000	127.0
1610000	125.0
1620000	119.0
1630000	128.0
1640000	128.0
1650000	122.0
1660000	126.0
1670000	125.0
1680000	126.0
1690000	110.0
1700000	90.0
1710000	125.0
1720000	124.0
1730000	117.0
1740000	119.0
1750000	130.0
1760000	129.0
1770000	127.0
1780000	126.0
1790000	129.0
1800000	123.0
1810000	65.0
1820000	129.0
1830000	126.0
1840000	132.0
1850000	122.0
1860000	130.0
1870000	129.0
1880000	134.0
1890000	125.0
1900000	129.0
1910000	82.0
1920000	124.0
1930000	128.0
1940000	86.0
1950000	129.0
1960000	131.0
1970000	129.0
1980000	129.0
1990000	128.0
2000000	129.0
2010000	126.0
2020000	123.0
2030000	128.0
2040000	133.0
2050000	131.0
2060000	132.0
2070000	128.0
2080000	69.0
2090000	130.0
2100000	131.0
2110000	128.0
2120000	129.0
2130000	129.0
2140000	128.0
2150000	129.0
2160000	127.0
2170000	132.0
2180000	126.0
2190000	132.0
2200000	130.0
2210000	125.0
2220000	128.0
2230000	133.0
2240000	130.0
2250000	132.0
2260000	128.0
2270000	130.0
2280000	37.0
2290000	123.0
2300000	130.0
2310000	129.0
2320000	134.0
2330000	129.0
2340000	133.0
2350000	124.0
2360000	132.0
2370000	129.0
2380000	132.0
2390000	128.0
2400000	129.0
2410000	129.0
2420000	131.0
2430000	132.0
2440000	130.0
2450000	129.0
2460000	131.0
2470000	132.0
2480000	126.0
2490000	129.0
2500000	131.0
2510000	132.0
2520000	130.0
2530000	132.0
2540000	132.0
2550000	133.0
2560000	132.0
2570000	132.0
2580000	132.0
2590000	132.0
2600000	131.0
2610000	133.0
2620000	136.0
2630000	93.0
2640000	134.0
2650000	131.0
2660000	135.0
2670000	128.0
2680000	134.0
2690000	128.0
2700000	101.0
2710000	128.0
2720000	134.0
2730000	129.0
2740000	130.0
2750000	131.0
2760000	132.0
2770000	133.0
2780000	133.0
2790000	129.0
2800000	128.0
2810000	128.0
2820000	118.0
2830000	98.0
2840000	131.0
2850000	130.0
2860000	133.0
2870000	131.0
2880000	127.0
2890000	131.0
2900000	131.0
2910000	132.0
2920000	132.0
2930000	133.0
2940000	125.0
2950000	134.0
2960000	134.0
2970000	130.0
2980000	131.0
2990000	131.0
3000000	134.0
3010000	128.0
3020000	127.0
3030000	131.0
3040000	131.0
3050000	133.0
3060000	133.0
3070000	131.0
3080000	134.0
3090000	43.0
3100000	97.0
3110000	93.0
3120000	132.0
3130000	130.0
3140000	134.0
3150000	131.0
3160000	134.0
3170000	135.0
3180000	130.0
3190000	132.0
3200000	130.0
3210000	131.0
3220000	132.0
3230000	133.0
3240000	129.0
3250000	134.0
3260000	127.0
3270000	133.0
3280000	90.0
3290000	130.0
3300000	131.0
3310000	133.0
3320000	128.0
3330000	136.0
3340000	127.0
3350000	135.0
3360000	131.0
3370000	131.0
3380000	131.0
3390000	135.0
3400000	103.0
3410000	107.0
3420000	131.0
3430000	132.0
3440000	136.0
3450000	132.0
3460000	127.0
3470000	135.0
3480000	132.0
3490000	131.0
3500000	133.0
3510000	134.0
3520000	132.0
3530000	132.0
3540000	129.0
3550000	125.0
3560000	133.0
3570000	133.0
3580000	132.0
3590000	126.0
3600000	133.0
3610000	132.0
3620000	133.0
3630000	127.0
3640000	129.0
3650000	130.0
3660000	129.0
3670000	134.0
3680000	129.0
3690000	130.0
3700000	129.0
3710000	129.0
3720000	131.0
3730000	134.0
3740000	133.0
3750000	116.0
3760000	133.0
3770000	133.0
3780000	133.0
3790000	133.0
3800000	133.0
3810000	95.0
3820000	114.0
3830000	120.0
3840000	105.0
3850000	126.0
3860000	122.0
3870000	129.0
3880000	130.0
3890000	90.0
3900000	117.0
3910000	92.0
3920000	105.0
3930000	116.0
3940000	116.0
3950000	123.0
3960000	127.0
3970000	124.0
3980000	129.0
3990000	112.0
4000000	111.0
4010000	107.0
4020000	118.0
4030000	73.0
4040000	131.0
4050000	130.0
4060000	132.0
4070000	133.0
4080000	133.0
4090000	132.0
4100000	135.0
4110000	136.0
4120000	132.0
4130000	126.0
4140000	122.0
4150000	115.0
4160000	122.0
4170000	129.0
4180000	130.0
4190000	132.0
4200000	135.0
4210000	130.0
4220000	129.0
4230000	132.0
4240000	131.0
4250000	132.0
4260000	129.0
4270000	127.0
4280000	131.0
4290000	134.0
4300000	38.0
4310000	105.0
4320000	131.0
4330000	129.0
4340000	131.0
4350000	128.0
4360000	125.0
4370000	134.0
4380000	129.0
4390000	133.0
4400000	132.0
4410000	129.0
4420000	131.0
4430000	127.0
4440000	128.0
4450000	126.0
4460000	126.0
4470000	125.0
4480000	132.0
4490000	73.0
4500000	115.0
4510000	129.0
4520000	131.0
4530000	132.0
4540000	133.0
4550000	134.0
4560000	129.0
4570000	129.0
4580000	130.0
4590000	130.0
4600000	130.0
4610000	128.0
4620000	129.0
4630000	130.0
4640000	132.0
4650000	133.0
4660000	133.0
4670000	93.0
4680000	121.0
4690000	127.0
4700000	132.0
4710000	132.0
4720000	130.0
4730000	128.0
4740000	127.0
4750000	129.0
4760000	129.0
4770000	130.0
4780000	134.0
4790000	130.0
4800000	132.0
4810000	130.0
4820000	130.0
4830000	131.0
4840000	128.0
4850000	131.0
4860000	129.0
4870000	130.0
4880000	135.0
4890000	135.0
4900000	131.0
4910000	130.0
4920000	130.0
4930000	132.0
4940000	128.0
4950000	135.0
4960000	132.0
4970000	97.0
4980000	101.0
4990000	132.0
5000000	134.0
