10000	1.0
20000	0.0
30000	1.0
40000	3.0
50000	3.0
60000	0.0
70000	2.0
80000	1.0
90000	1.0
100000	1.0
110000	1.0
120000	1.0
130000	2.0
140000	0.0
150000	2.0
160000	2.0
170000	4.0
180000	1.0
190000	1.0
200000	1.0
210000	1.0
220000	1.0
230000	2.0
240000	1.0
250000	3.0
260000	0.0
270000	1.0
280000	0.0
290000	0.0
300000	3.0
310000	1.0
320000	10.0
330000	6.0
340000	12.0
350000	8.0
360000	16.0
370000	12.0
380000	26.0
390000	40.0
400000	34.0
410000	31.0
420000	59.0
430000	41.0
440000	53.0
450000	52.0
460000	63.0
470000	30.0
480000	62.0
490000	51.0
500000	48.0
510000	62.0
520000	42.0
530000	74.0
540000	73.0
550000	67.0
560000	75.0
570000	71.0
580000	63.0
590000	79.0
600000	73.0
610000	59.0
620000	67.0
630000	80.0
640000	75.0
650000	60.0
660000	72.0
670000	90.0
680000	46.0
690000	86.0
700000	71.0
710000	79.0
720000	80.0
730000	88.0
740000	60.0
750000	83.0
760000	102.0
770000	83.0
780000	86.0
790000	87.0
800000	73.0
810000	75.0
820000	91.0
830000	89.0
840000	89.0
850000	81.0
860000	86.0
870000	98.0
880000	83.0
890000	92.0
900000	83.0
910000	102.0
920000	96.0
930000	82.0
940000	98.0
950000	98.0
960000	98.0
970000	86.0
980000	97.0
990000	98.0
1000000	102.0
1010000	85.0
1020000	73.0
1030000	110.0
1040000	98.0
1050000	78.0
1060000	28.0
1070000	61.0
1080000	81.0
1090000	99.0
1100000	103.0
1110000	103.0
1120000	91.0
1130000	107.0
1140000	92.0
1150000	96.0
1160000	106.0
1170000	110.0
1180000	91.0
1190000	98.0
1200000	101.0
1210000	97.0
1220000	92.0
1230000	112.0
1240000	94.0
1250000	104.0
1260000	101.0
1270000	100.0
1280000	85.0
1290000	101.0
1300000	115.0
1310000	113.0
1320000	96.0
1330000	62.0
1340000	110.0
1350000	104.0
1360000	104.0
1370000	100.0
1380000	89.0
1390000	109.0
1400000	95.0
1410000	105.0
1420000	110.0
1430000	105.0
1440000	96.0
1450000	89.0
1460000	91.0
1470000	92.0
1480000	104.0
1490000	106.0
1500000	105.0
1510000	97.0
1520000	105.0
1530000	98.0
1540000	112.0
1550000	100.0
1560000	103.0
1570000	119.0
1580000	117.0
1590000	113.0
1600000	100.0
1610000	113.0
1620000	100.0
1630000	101.0
1640000	84.0
1650000	90.0
1660000	111.0
1670000	100.0
1680000	100.0
1690000	98.0
1700000	99.0
1710000	111.0
1720000	112.0
1730000	117.0
1740000	108.0
1750000	115.0
1760000	119.0
1770000	113.0
1780000	110.0
1790000	114.0
1800000	103.0
1810000	107.0
1820000	88.0
1830000	108.0
1840000	117.0
1850000	112.0
1860000	117.0
1870000	108.0
1880000	116.0
1890000	118.0
1900000	105.0
1910000	119.0
1920000	105.0
1930000	111.0
1940000	104.0
1950000	114.0
1960000	115.0
1970000	118.0
1980000	111.0
1990000	92.0
2000000	109.0
2010000	121.0
2020000	94.0
2030000	117.0
2040000	116.0
2050000	118.0
2060000	122.0
2070000	118.0
2080000	100.0
2090000	124.0
2100000	119.0
2110000	97.0
2120000	115.0
2130000	101.0
2140000	116.0
2150000	114.0
2160000	81.0
2170000	93.0
2180000	106.0
2190000	119.0
2200000	119.0
2210000	105.0
2220000	114.0
2230000	120.0
2240000	115.0
2250000	123.0
2260000	85.0
2270000	94.0
2280000	74.0
2290000	83.0
2300000	114.0
2310000	96.0
2320000	89.0
2330000	101.0
2340000	120.0
2350000	120.0
2360000	121.0
2370000	123.0
2380000	113.0
2390000	117.0
2400000	114.0
2410000	119.0
2420000	118.0
2430000	117.0
2440000	102.0
2450000	114.0
2460000	86.0
2470000	109.0
2480000	115.0
2490000	118.0
2500000	96.0
2510000	99.0
2520000	99.0
2530000	103.0
2540000	113.0
2550000	119.0
2560000	122.0
2570000	119.0
2580000	120.0
2590000	120.0
2600000	121.0
2610000	83.0
2620000	102.0
2630000	115.0
2640000	110.0
2650000	101.0
2660000	100.0
2670000	119.0
2680000	116.0
2690000	113.0
2700000	121.0
2710000	104.0
2720000	114.0
2730000	101.0
2740000	120.0
2750000	122.0
2760000	110.0
2770000	121.0
2780000	121.0
2790000	117.0
2800000	120.0
2810000	124.0
2820000	116.0
2830000	120.0
2840000	118.0
2850000	122.0
2860000	107.0
2870000	122.0
2880000	114.0
2890000	111.0
2900000	115.0
2910000	111.0
2920000	120.0
2930000	125.0
2940000	125.0
2950000	97.0
2960000	69.0
2970000	110.0
2980000	111.0
2990000	112.0
3000000	73.0
3010000	124.0
3020000	114.0
3030000	80.0
3040000	116.0
3050000	123.0
3060000	120.0
3070000	129.0
3080000	114.0
3090000	121.0
3100000	116.0
3110000	124.0
3120000	119.0
3130000	127.0
3140000	108.0
3150000	115.0
3160000	118.0
3170000	122.0
3180000	123.0
3190000	89.0
3200000	97.0
3210000	108.0
3220000	97.0
3230000	107.0
3240000	116.0
3250000	117.0
3260000	125.0
3270000	123.0
3280000	119.0
3290000	116.0
3300000	128.0
3310000	107.0
3320000	119.0
3330000	117.0
3340000	118.0
3350000	120.0
3360000	120.0
3370000	121.0
3380000	114.0
3390000	117.0
3400000	113.0
3410000	119.0
3420000	123.0
3430000	123.0
3440000	115.0
3450000	120.0
3460000	122.0
3470000	121.0
3480000	55.0
3490000	106.0
3500000	123.0
3510000	114.0
3520000	120.0
3530000	129.0
3540000	124.0
3550000	120.0
3560000	119.0
3570000	119.0
3580000	108.0
3590000	124.0
3600000	105.0
3610000	107.0
3620000	105.0
3630000	124.0
3640000	104.0
3650000	112.0
3660000	119.0
3670000	125.0
3680000	122.0
3690000	114.0
3700000	125.0
3710000	126.0
3720000	120.0
3730000	116.0
3740000	100.0
3750000	104.0
3760000	106.0
3770000	110.0
3780000	125.0
3790000	119.0
3800000	117.0
3810000	120.0
3820000	113.0
3830000	119.0
3840000	119.0
3850000	122.0
3860000	118.0
3870000	118.0
3880000	121.0
3890000	121.0
3900000	118.0
3910000	121.0
3920000	121.0
3930000	115.0
3940000	121.0
3950000	121.0
3960000	116.0
3970000	112.0
3980000	116.0
3990000	115.0
4000000	106.0
4010000	123.0
4020000	103.0
4030000	122.0
4040000	118.0
4050000	114.0
4060000	117.0
4070000	124.0
4080000	122.0
4090000	123.0
4100000	119.0
4110000	123.0
4120000	125.0
4130000	117.0
4140000	122.0
4150000	126.0
4160000	119.0
4170000	115.0
4180000	60.0
4190000	116.0
4200000	118.0
4210000	119.0
4220000	114.0
4230000	120.0
4240000	127.0
4250000	116.0
4260000	120.0
4270000	122.0
4280000	123.0
4290000	120.0
4300000	119.0
4310000	117.0
4320000	117.0
4330000	120.0
4340000	116.0
4350000	117.0
4360000	106.0
4370000	119.0
4380000	110.0
4390000	101.0
4400000	110.0
4410000	116.0
4420000	122.0
4430000	118.0
4440000	119.0
4450000	108.0
4460000	124.0
4470000	124.0
4480000	121.0
4490000	118.0
4500000	120.0
4510000	124.0
4520000	113.0
4530000	122.0
4540000	125.0
4550000	123.0
4560000	100.0
4570000	84.0
4580000	106.0
4590000	123.0
4600000	124.0
4610000	114.0
4620000	125.0
4630000	117.0
4640000	119.0
4650000	113.0
4660000	116.0
4670000	122.0
4680000	114.0
4690000	119.0
4700000	121.0
4710000	120.0
4720000	117.0
4730000	113.0
4740000	126.0
4750000	120.0
4760000	120.0
4770000	112.0
4780000	118.0
4790000	124.0
4800000	120.0
4810000	120.0
4820000	124.0
4830000	122.0
4840000	113.0
4850000	115.0
4860000	120.0
4870000	122.0
4880000	114.0
4890000	115.0
4900000	117.0
4910000	120.0
4920000	122.0
4930000	119.0
4940000	116.0
4950000	119.0
4960000	121.0
4970000	108.0
4980000	119.0
4990000	111.0
5000000	119.0
