10000	1.0
20000	1.0
30000	1.0
40000	4.0
50000	2.0
60000	2.0
70000	4.0
80000	1.0
90000	0.0
100000	1.0
110000	1.0
120000	1.0
130000	1.0
140000	2.0
150000	0.0
160000	1.0
170000	2.0
180000	1.0
190000	1.0
200000	1.0
210000	1.0
220000	2.0
230000	0.0
240000	2.0
250000	2.0
260000	2.0
270000	3.0
280000	2.0
290000	1.0
300000	3.0
310000	0.0
320000	1.0
330000	3.0
340000	0.0
350000	1.0
360000	0.0
370000	1.0
380000	2.0
390000	4.0
400000	7.0
410000	9.0
420000	4.0
430000	13.0
440000	10.0
450000	9.0
460000	8.0
470000	11.0
480000	9.0
490000	21.0
500000	9.0
510000	16.0
520000	14.0
530000	41.0
540000	35.0
550000	35.0
560000	34.0
570000	31.0
580000	48.0
590000	26.0
600000	49.0
610000	38.0
620000	47.0
630000	60.0
640000	54.0
650000	50.0
660000	73.0
670000	53.0
680000	56.0
690000	31.0
700000	37.0
710000	78.0
720000	45.0
730000	64.0
740000	72.0
750000	41.0
760000	48.0
770000	71.0
780000	50.0
790000	69.0
800000	68.0
810000	67.0
820000	56.0
830000	68.0
840000	52.0
850000	77.0
860000	53.0
870000	70.0
880000	83.0
890000	71.0
900000	85.0
910000	64.0
920000	68.0
930000	74.0
940000	87.0
950000	94.0
960000	74.0
970000	96.0
980000	74.0
990000	64.0
1000000	75.0
1010000	79.0
1020000	77.0
1030000	64.0
1040000	77.0
1050000	58.0
1060000	83.0
1070000	48.0
1080000	86.0
1090000	80.0
1100000	29.0
1110000	73.0
1120000	66.0
1130000	77.0
1140000	75.0
1150000	86.0
1160000	55.0
1170000	83.0
1180000	88.0
1190000	90.0
1200000	92.0
1210000	74.0
1220000	81.0
1230000	63.0
1240000	74.0
1250000	84.0
1260000	75.0
1270000	62.0
1280000	83.0
1290000	74.0
1300000	91.0
1310000	71.0
1320000	63.0
1330000	77.0
1340000	78.0
1350000	93.0
1360000	66.0
1370000	83.0
1380000	67.0
1390000	82.0
1400000	55.0
1410000	88.0
1420000	78.0
1430000	104.0
1440000	85.0
1450000	93.0
1460000	89.0
1470000	89.0
1480000	82.0
1490000	93.0
1500000	70.0
1510000	98.0
1520000	88.0
1530000	81.0
1540000	84.0
1550000	78.0
1560000	80.0
1570000	98.0
1580000	80.0
1590000	15.0
1600000	5.0
1610000	83.0
1620000	72.0
1630000	85.0
1640000	69.0
1650000	93.0
1660000	91.0
1670000	104.0
1680000	90.0
1690000	87.0
1700000	78.0
1710000	88.0
1720000	105.0
1730000	100.0
1740000	91.0
1750000	91.0
1760000	95.0
1770000	78.0
1780000	92.0
1790000	103.0
1800000	87.0
1810000	78.0
1820000	93.0
1830000	71.0
1840000	102.0
1850000	86.0
1860000	105.0
1870000	102.0
1880000	98.0
1890000	91.0
1900000	101.0
1910000	97.0
1920000	117.0
1930000	69.0
1940000	94.0
1950000	104.0
1960000	88.0
1970000	80.0
1980000	90.0
1990000	82.0
2000000	93.0
2010000	81.0
2020000	112.0
2030000	103.0
2040000	99.0
2050000	79.0
2060000	88.0
2070000	92.0
2080000	85.0
2090000	21.0
2100000	70.0
2110000	53.0
2120000	22.0
2130000	91.0
2140000	97.0
2150000	101.0
2160000	81.0
2170000	92.0
2180000	84.0
2190000	103.0
2200000	82.0
2210000	99.0
2220000	92.0
2230000	95.0
2240000	94.0
2250000	81.0
2260000	79.0
2270000	95.0
2280000	84.0
2290000	75.0
2300000	102.0
2310000	95.0
2320000	96.0
2330000	81.0
2340000	86.0
2350000	66.0
2360000	77.0
2370000	88.0
2380000	70.0
2390000	74.0
2400000	87.0
2410000	111.0
2420000	100.0
2430000	102.0
2440000	101.0
2450000	67.0
2460000	91.0
2470000	105.0
2480000	100.0
2490000	61.0
2500000	31.0
2510000	76.0
2520000	108.0
2530000	65.0
2540000	86.0
2550000	83.0
2560000	112.0
2570000	113.0
2580000	96.0
2590000	115.0
2600000	105.0
2610000	116.0
2620000	101.0
2630000	91.0
2640000	94.0
2650000	96.0
2660000	88.0
2670000	101.0
2680000	101.0
2690000	97.0
2700000	100.0
2710000	113.0
2720000	104.0
2730000	106.0
2740000	76.0
2750000	98.0
2760000	113.0
2770000	66.0
2780000	95.0
2790000	77.0
2800000	93.0
2810000	95.0
2820000	78.0
2830000	100.0
2840000	91.0
2850000	112.0
2860000	108.0
2870000	108.0
2880000	110.0
2890000	104.0
2900000	123.0
2910000	94.0
2920000	86.0
2930000	101.0
2940000	105.0
2950000	91.0
2960000	104.0
2970000	91.0
2980000	97.0
2990000	100.0
3000000	98.0
3010000	112.0
3020000	109.0
3030000	89.0
3040000	95.0
3050000	99.0
3060000	116.0
3070000	106.0
3080000	108.0
3090000	111.0
3100000	106.0
3110000	111.0
3120000	96.0
3130000	96.0
3140000	111.0
3150000	104.0
3160000	107.0
3170000	103.0
3180000	102.0
3190000	107.0
3200000	100.0
3210000	86.0
3220000	103.0
3230000	92.0
3240000	56.0
3250000	125.0
3260000	98.0
3270000	86.0
3280000	100.0
3290000	88.0
3300000	94.0
3310000	93.0
3320000	113.0
3330000	109.0
3340000	116.0
3350000	116.0
3360000	107.0
3370000	107.0
3380000	98.0
3390000	95.0
3400000	96.0
3410000	32.0
3420000	76.0
3430000	102.0
3440000	107.0
3450000	99.0
3460000	112.0
3470000	107.0
3480000	117.0
3490000	110.0
3500000	108.0
3510000	96.0
3520000	95.0
3530000	92.0
3540000	97.0
3550000	95.0
3560000	80.0
3570000	107.0
3580000	110.0
3590000	109.0
3600000	113.0
3610000	115.0
3620000	108.0
3630000	113.0
3640000	108.0
3650000	100.0
3660000	110.0
3670000	114.0
3680000	110.0
3690000	98.0
3700000	107.0
3710000	107.0
3720000	87.0
3730000	108.0
3740000	101.0
3750000	100.0
3760000	93.0
3770000	99.0
3780000	107.0
3790000	81.0
3800000	102.0
3810000	105.0
3820000	64.0
3830000	98.0
3840000	90.0
3850000	91.0
3860000	90.0
3870000	95.0
3880000	90.0
3890000	62.0
3900000	61.0
3910000	82.0
3920000	113.0
3930000	102.0
3940000	115.0
3950000	96.0
3960000	111.0
3970000	116.0
3980000	105.0
3990000	109.0
4000000	99.0
4010000	95.0
4020000	103.0
4030000	117.0
4040000	112.0
4050000	104.0
4060000	107.0
4070000	113.0
4080000	102.0
4090000	91.0
4100000	107.0
4110000	102.0
4120000	92.0
4130000	105.0
4140000	94.0
4150000	88.0
4160000	93.0
4170000	111.0
4180000	90.0
4190000	92.0
4200000	115.0
4210000	117.0
4220000	100.0
4230000	113.0
4240000	110.0
4250000	101.0
4260000	108.0
4270000	87.0
4280000	114.0
4290000	118.0
4300000	93.0
4310000	96.0
4320000	113.0
4330000	99.0
4340000	114.0
4350000	106.0
4360000	99.0
4370000	93.0
4380000	102.0
4390000	104.0
4400000	117.0
4410000	107.0
4420000	105.0
4430000	93.0
4440000	84.0
4450000	86.0
4460000	114.0
4470000	116.0
4480000	110.0
4490000	113.0
4500000	89.0
4510000	112.0
4520000	117.0
4530000	111.0
4540000	109.0
4550000	88.0
4560000	111.0
4570000	84.0
4580000	103.0
4590000	110.0
4600000	113.0
4610000	111.0
4620000	105.0
4630000	110.0
4640000	101.0
4650000	118.0
4660000	100.0
4670000	94.0
4680000	113.0
4690000	103.0
4700000	121.0
4710000	107.0
4720000	110.0
4730000	105.0
4740000	86.0
4750000	106.0
4760000	103.0
4770000	91.0
4780000	99.0
4790000	95.0
4800000	113.0
4810000	105.0
4820000	121.0
4830000	104.0
4840000	106.0
4850000	94.0
4860000	93.0
4870000	113.0
4880000	117.0
4890000	101.0
4900000	102.0
4910000	118.0
4920000	98.0
4930000	106.0
4940000	111.0
4950000	100.0
4960000	106.0
4970000	101.0
4980000	79.0
4990000	121.0
5000000	118.0
