10000	2.0
20000	2.0
30000	1.0
40000	2.0
50000	1.0
60000	1.0
70000	3.0
80000	3.0
90000	1.0
100000	0.0
110000	2.0
120000	1.0
130000	1.0
140000	1.0
150000	0.0
160000	2.0
170000	2.0
180000	1.0
190000	1.0
200000	1.0
210000	2.0
220000	1.0
230000	1.0
240000	0.0
250000	1.0
260000	0.0
270000	2.0
280000	1.0
290000	3.0
300000	1.0
310000	3.0
320000	6.0
330000	14.0
340000	9.0
350000	15.0
360000	18.0
370000	35.0
380000	37.0
390000	28.0
400000	41.0
410000	35.0
420000	42.0
430000	54.0
440000	70.0
450000	66.0
460000	60.0
470000	59.0
480000	47.0
490000	66.0
500000	54.0
510000	73.0
520000	87.0
530000	78.0
540000	95.0
550000	101.0
560000	93.0
570000	97.0
580000	101.0
590000	93.0
600000	107.0
610000	91.0
620000	98.0
630000	93.0
640000	98.0
650000	101.0
660000	83.0
670000	94.0
680000	106.0
690000	113.0
700000	107.0
710000	113.0
720000	98.0
730000	116.0
740000	106.0
750000	108.0
760000	100.0
770000	99.0
780000	99.0
790000	105.0
800000	105.0
810000	106.0
820000	107.0
830000	115.0
840000	99.0
850000	107.0
860000	115.0
870000	116.0
880000	106.0
890000	112.0
900000	117.0
910000	116.0
920000	105.0
930000	119.0
940000	116.0
950000	99.0
960000	85.0
970000	100.0
980000	114.0
990000	115.0
1000000	105.0
1010000	104.0
1020000	111.0
1030000	115.0
1040000	113.0
1050000	104.0
1060000	111.0
1070000	115.0
1080000	118.0
1090000	116.0
1100000	113.0
1110000	115.0
1120000	115.0
1130000	121.0
1140000	115.0
1150000	117.0
1160000	113.0
1170000	119.0
1180000	119.0
1190000	109.0
1200000	118.0
1210000	117.0
1220000	117.0
1230000	112.0
1240000	119.0
1250000	113.0
1260000	124.0
1270000	119.0
1280000	113.0
1290000	117.0
1300000	116.0
1310000	117.0
1320000	122.0
1330000	119.0
1340000	119.0
1350000	117.0
1360000	120.0
1370000	122.0
1380000	118.0
1390000	112.0
1400000	116.0
1410000	121.0
1420000	111.0
1430000	111.0
1440000	115.0
1450000	122.0
1460000	120.0
1470000	123.0
1480000	122.0
1490000	118.0
1500000	120.0
1510000	119.0
1520000	113.0
1530000	119.0
1540000	120.0
1550000	122.0
1560000	117.0
1570000	127.0
1580000	124.0
1590000	109.0
1600000	121.0
1610000	121.0
1620000	117.0
1630000	120.0
1640000	121.0
1650000	125.0
1660000	120.0
1670000	119.0
1680000	117.0
1690000	124.0
1700000	122.0
1710000	124.0
1720000	120.0
1730000	125.0
1740000	114.0
1750000	122.0
1760000	122.0
1770000	120.0
1780000	125.0
1790000	122.0
1800000	119.0
1810000	122.0
1820000	121.0
1830000	120.0
1840000	121.0
1850000	118.0
1860000	123.0
1870000	118.0
1880000	119.0
1890000	115.0
1900000	123.0
1910000	114.0
1920000	123.0
1930000	125.0
1940000	121.0
1950000	119.0
1960000	120.0
1970000	123.0
1980000	123.0
1990000	127.0
2000000	125.0
2010000	125.0
2020000	127.0
2030000	119.0
2040000	120.0
2050000	124.0
2060000	123.0
2070000	119.0
2080000	117.0
2090000	127.0
2100000	122.0
2110000	121.0
2120000	122.0
2130000	121.0
2140000	127.0
2150000	121.0
2160000	123.0
2170000	123.0
2180000	125.0
2190000	122.0
2200000	122.0
2210000	120.0
2220000	122.0
2230000	124.0
2240000	122.0
2250000	123.0
2260000	120.0
2270000	123.0
2280000	122.0
2290000	125.0
2300000	122.0
2310000	126.0
2320000	126.0
2330000	124.0
2340000	122.0
2350000	124.0
2360000	126.0
2370000	128.0
2380000	125.0
2390000	125.0
2400000	124.0
2410000	120.0
2420000	123.0
2430000	122.0
2440000	126.0
2450000	111.0
2460000	123.0
2470000	128.0
2480000	124.0
2490000	118.0
2500000	125.0
2510000	126.0
2520000	126.0
2530000	125.0
2540000	127.0
2550000	126.0
2560000	123.0
2570000	126.0
2580000	125.0
2590000	116.0
2600000	123.0
2610000	124.0
2620000	125.0
2630000	125.0
2640000	120.0
2650000	123.0
2660000	67.0
2670000	123.0
2680000	123.0
2690000	123.0
2700000	127.0
2710000	125.0
2720000	128.0
2730000	127.0
2740000	125.0
2750000	124.0
2760000	123.0
2770000	123.0
2780000	122.0
2790000	122.0
2800000	125.0
2810000	123.0
2820000	127.0
2830000	123.0
2840000	124.0
2850000	126.0
2860000	126.0
2870000	125.0
2880000	121.0
2890000	125.0
2900000	125.0
2910000	125.0
2920000	125.0
2930000	126.0
2940000	125.0
2950000	124.0
2960000	124.0
2970000	125.0
2980000	120.0
2990000	121.0
3000000	125.0
3010000	124.0
3020000	127.0
3030000	125.0
3040000	123.0
3050000	126.0
3060000	124.0
3070000	126.0
3080000	125.0
3090000	123.0
3100000	122.0
3110000	123.0
3120000	124.0
3130000	124.0
3140000	125.0
3150000	127.0
3160000	125.0
3170000	127.0
3180000	126.0
3190000	95.0
3200000	50.0
3210000	124.0
3220000	125.0
3230000	125.0
3240000	125.0
3250000	124.0
3260000	127.0
3270000	124.0
3280000	126.0
3290000	125.0
3300000	123.0
3310000	124.0
3320000	118.0
3330000	125.0
3340000	122.0
3350000	121.0
3360000	123.0
3370000	125.0
3380000	123.0
3390000	124.0
3400000	125.0
3410000	127.0
3420000	124.0
3430000	125.0
3440000	127.0
3450000	124.0
3460000	127.0
3470000	125.0
3480000	126.0
3490000	126.0
3500000	89.0
3510000	50.0
3520000	125.0
3530000	126.0
3540000	127.0
3550000	126.0
3560000	126.0
3570000	128.0
3580000	122.0
3590000	126.0
3600000	126.0
3610000	122.0
3620000	124.0
3630000	113.0
3640000	110.0
3650000	125.0
3660000	124.0
3670000	128.0
3680000	125.0
3690000	128.0
3700000	124.0
3710000	124.0
3720000	125.0
3730000	126.0
3740000	126.0
3750000	126.0
3760000	123.0
3770000	123.0
3780000	127.0
3790000	129.0
3800000	124.0
3810000	123.0
3820000	126.0
3830000	126.0
3840000	126.0
3850000	126.0
3860000	128.0
3870000	71.0
3880000	115.0
3890000	127.0
3900000	126.0
3910000	127.0
3920000	123.0
3930000	127.0
3940000	123.0
3950000	127.0
3960000	126.0
3970000	127.0
3980000	125.0
3990000	127.0
4000000	123.0
4010000	124.0
4020000	128.0
4030000	127.0
4040000	129.0
4050000	58.0
4060000	95.0
4070000	124.0
4080000	128.0
4090000	123.0
4100000	125.0
4110000	128.0
4120000	128.0
4130000	128.0
4140000	130.0
4150000	125.0
4160000	127.0
4170000	128.0
4180000	127.0
4190000	128.0
4200000	127.0
4210000	127.0
4220000	124.0
4230000	125.0
4240000	124.0
4250000	125.0
4260000	126.0
4270000	127.0
4280000	123.0
4290000	127.0
4300000	125.0
4310000	126.0
4320000	123.0
4330000	129.0
4340000	79.0
4350000	64.0
4360000	125.0
4370000	127.0
4380000	130.0
4390000	126.0
4400000	126.0
4410000	127.0
4420000	128.0
4430000	125.0
4440000	124.0
4450000	128.0
4460000	127.0
4470000	125.0
4480000	128.0
4490000	126.0
4500000	125.0
4510000	126.0
4520000	127.0
4530000	127.0
4540000	128.0
4550000	126.0
4560000	121.0
4570000	126.0
4580000	127.0
4590000	127.0
4600000	125.0
4610000	126.0
4620000	127.0
4630000	126.0
4640000	126.0
4650000	128.0
4660000	55.0
4670000	75.0
4680000	128.0
4690000	127.0
4700000	128.0
4710000	129.0
4720000	129.0
4730000	125.0
4740000	127.0
4750000	128.0
4760000	125.0
4770000	126.0
4780000	128.0
4790000	127.0
4800000	127.0
4810000	123.0
4820000	127.0
4830000	125.0
4840000	128.0
4850000	128.0
4860000	123.0
4870000	126.0
4880000	123.0
4890000	125.0
4900000	125.0
4910000	127.0
4920000	129.0
4930000	126.0
4940000	124.0
4950000	128.0
4960000	125.0
4970000	125.0
4980000	126.0
4990000	124.0
5000000	122.0
