10000	2.0
20000	2.0
30000	2.0
40000	1.0
50000	1.0
60000	1.0
70000	2.0
80000	0.0
90000	2.0
100000	0.0
110000	4.0
120000	1.0
130000	2.0
140000	3.0
150000	2.0
160000	4.0
170000	1.0
180000	0.0
190000	2.0
200000	0.0
210000	2.0
220000	2.0
230000	2.0
240000	1.0
250000	2.0
260000	0.0
270000	2.0
280000	1.0
290000	8.0
300000	8.0
310000	5.0
320000	9.0
330000	17.0
340000	40.0
350000	47.0
360000	66.0
370000	65.0
380000	80.0
390000	75.0
400000	77.0
410000	88.0
420000	95.0
430000	88.0
440000	71.0
450000	103.0
460000	95.0
470000	90.0
480000	98.0
490000	93.0
500000	96.0
510000	93.0
520000	105.0
530000	109.0
540000	106.0
550000	101.0
560000	105.0
570000	114.0
580000	108.0
590000	110.0
600000	117.0
610000	113.0
620000	107.0
630000	121.0
640000	109.0
650000	108.0
660000	120.0
670000	114.0
680000	113.0
690000	112.0
700000	115.0
710000	117.0
720000	121.0
730000	112.0
740000	118.0
750000	114.0
760000	119.0
770000	121.0
780000	118.0
790000	113.0
800000	116.0
810000	124.0
820000	112.0
830000	118.0
840000	114.0
850000	119.0
860000	122.0
870000	116.0
880000	121.0
890000	121.0
900000	119.0
910000	117.0
920000	119.0
930000	125.0
940000	119.0
950000	124.0
960000	119.0
970000	126.0
980000	125.0
990000	121.0
1000000	123.0
1010000	122.0
1020000	125.0
1030000	122.0
1040000	121.0
1050000	125.0
1060000	125.0
1070000	125.0
1080000	118.0
1090000	1.0
1100000	2.0
1110000	2.0
1120000	1.0
1130000	0.0
1140000	2.0
1150000	1.0
1160000	1.0
1170000	3.0
1180000	2.0
1190000	0.0
1200000	1.0
1210000	1.0
1220000	5.0
1230000	4.0
1240000	2.0
1250000	2.0
1260000	1.0
1270000	2.0
1280000	1.0
1290000	0.0
1300000	1.0
1310000	1.0
1320000	2.0
1330000	2.0
1340000	5.0
1350000	6.0
1360000	10.0
1370000	12.0
1380000	15.0
1390000	17.0
1400000	36.0
1410000	47.0
1420000	69.0
1430000	72.0
1440000	79.0
1450000	77.0
1460000	94.0
1470000	78.0
1480000	100.0
1490000	107.0
1500000	81.0
1510000	88.0
1520000	95.0
1530000	72.0
1540000	107.0
1550000	108.0
1560000	96.0
1570000	99.0
1580000	105.0
1590000	97.0
1600000	103.0
1610000	102.0
1620000	111.0
1630000	110.0
1640000	97.0
1650000	118.0
1660000	102.0
1670000	121.0
1680000	103.0
1690000	97.0
1700000	109.0
1710000	100.0
1720000	115.0
1730000	122.0
1740000	111.0
1750000	115.0
1760000	117.0
1770000	117.0
1780000	122.0
1790000	125.0
1800000	118.0
1810000	121.0
1820000	115.0
1830000	119.0
1840000	111.0
1850000	119.0
1860000	121.0
1870000	121.0
1880000	125.0
1890000	112.0
1900000	119.0
1910000	119.0
1920000	115.0
1930000	116.0
1940000	115.0
1950000	117.0
1960000	119.0
1970000	124.0
1980000	124.0
1990000	125.0
2000000	108.0
2010000	104.0
2020000	118.0
2030000	128.0
2040000	122.0
2050000	127.0
2060000	127.0
2070000	121.0
2080000	125.0
2090000	117.0
2100000	120.0
2110000	124.0
2120000	85.0
2130000	123.0
2140000	128.0
2150000	88.0
2160000	114.0
2170000	127.0
2180000	126.0
2190000	125.0
2200000	123.0
2210000	127.0
2220000	127.0
2230000	127.0
2240000	126.0
2250000	122.0
2260000	126.0
2270000	129.0
2280000	121.0
2290000	129.0
2300000	121.0
2310000	126.0
2320000	115.0
2330000	107.0
2340000	129.0
2350000	124.0
2360000	125.0
2370000	119.0
2380000	126.0
2390000	127.0
2400000	123.0
2410000	127.0
2420000	128.0
2430000	122.0
2440000	127.0
2450000	124.0
2460000	123.0
2470000	127.0
2480000	124.0
2490000	126.0
2500000	128.0
2510000	129.0
2520000	128.0
2530000	128.0
2540000	124.0
2550000	125.0
2560000	124.0
2570000	125.0
2580000	118.0
2590000	125.0
2600000	125.0
2610000	123.0
2620000	126.0
2630000	125.0
2640000	128.0
2650000	123.0
2660000	125.0
2670000	121.0
2680000	128.0
2690000	129.0
2700000	57.0
2710000	81.0
2720000	126.0
2730000	129.0
2740000	129.0
2750000	129.0
2760000	130.0
2770000	127.0
2780000	53.0
2790000	3.0
2800000	0.0
2810000	3.0
2820000	1.0
2830000	2.0
2840000	0.0
2850000	0.0
2860000	0.0
2870000	2.0
2880000	1.0
2890000	1.0
2900000	1.0
2910000	2.0
2920000	1.0
2930000	0.0
2940000	0.0
2950000	2.0
2960000	5.0
2970000	6.0
2980000	15.0
2990000	12.0
3000000	17.0
3010000	43.0
3020000	40.0
3030000	34.0
3040000	46.0
3050000	68.0
3060000	52.0
3070000	52.0
3080000	55.0
3090000	72.0
3100000	78.0
3110000	70.0
3120000	73.0
3130000	77.0
3140000	78.0
3150000	95.0
3160000	74.0
3170000	72.0
3180000	72.0
3190000	100.0
3200000	102.0
3210000	104.0
3220000	108.0
3230000	87.0
3240000	90.0
3250000	94.0
3260000	113.0
3270000	94.0
3280000	94.0
3290000	91.0
3300000	103.0
3310000	74.0
3320000	69.0
3330000	38.0
3340000	1.0
3350000	1.0
3360000	1.0
3370000	1.0
3380000	1.0
3390000	1.0
3400000	1.0
3410000	0.0
3420000	0.0
3430000	0.0
3440000	2.0
3450000	3.0
3460000	1.0
3470000	2.0
3480000	1.0
3490000	0.0
3500000	2.0
3510000	1.0
3520000	1.0
3530000	2.0
3540000	1.0
3550000	1.0
3560000	1.0
3570000	2.0
3580000	2.0
3590000	1.0
3600000	7.0
3610000	10.0
3620000	10.0
3630000	17.0
3640000	9.0
3650000	7.0
3660000	8.0
3670000	8.0
3680000	5.0
3690000	11.0
3700000	9.0
3710000	8.0
3720000	10.0
3730000	22.0
3740000	14.0
3750000	13.0
3760000	18.0
3770000	33.0
3780000	34.0
3790000	5.0
3800000	17.0
3810000	13.0
3820000	29.0
3830000	22.0
3840000	18.0
3850000	27.0
3860000	48.0
3870000	68.0
3880000	48.0
3890000	99.0
3900000	11.0
3910000	46.0
3920000	62.0
3930000	71.0
3940000	45.0
3950000	65.0
3960000	47.0
3970000	98.0
3980000	87.0
3990000	53.0
4000000	27.0
4010000	3.0
4020000	2.0
4030000	2.0
4040000	3.0
4050000	2.0
4060000	1.0
4070000	1.0
4080000	1.0
4090000	0.0
4100000	0.0
4110000	2.0
4120000	1.0
4130000	2.0
4140000	3.0
4150000	0.0
4160000	1.0
4170000	1.0
4180000	0.0
4190000	1.0
4200000	3.0
4210000	4.0
4220000	1.0
4230000	3.0
4240000	15.0
4250000	7.0
4260000	11.0
4270000	27.0
4280000	37.0
4290000	77.0
4300000	78.0
4310000	94.0
4320000	93.0
4330000	83.0
4340000	79.0
4350000	69.0
4360000	90.0
4370000	84.0
4380000	109.0
4390000	100.0
4400000	98.0
4410000	99.0
4420000	104.0
4430000	90.0
4440000	96.0
4450000	98.0
4460000	102.0
4470000	85.0
4480000	85.0
4490000	112.0
4500000	105.0
4510000	105.0
4520000	113.0
4530000	110.0
4540000	100.0
4550000	110.0
4560000	104.0
4570000	110.0
4580000	107.0
4590000	102.0
4600000	115.0
4610000	96.0
4620000	112.0
4630000	102.0
4640000	112.0
4650000	117.0
4660000	106.0
4670000	115.0
4680000	110.0
4690000	111.0
4700000	115.0
4710000	113.0
4720000	112.0
4730000	114.0
4740000	105.0
4750000	119.0
4760000	119.0
4770000	112.0
4780000	94.0
4790000	116.0
4800000	114.0
4810000	118.0
4820000	117.0
4830000	110.0
4840000	122.0
4850000	117.0
4860000	117.0
4870000	115.0
4880000	124.0
4890000	106.0
4900000	97.0
4910000	118.0
4920000	117.0
4930000	103.0
4940000	102.0
4950000	118.0
4960000	108.0
4970000	110.0
4980000	121.0
4990000	115.0
5000000	113.0
