10000	1.0
20000	1.0
30000	1.0
40000	1.0
50000	2.0
60000	1.0
70000	1.0
80000	0.0
90000	2.0
100000	2.0
110000	1.0
120000	2.0
130000	1.0
140000	3.0
150000	1.0
160000	3.0
170000	1.0
180000	1.0
190000	2.0
200000	1.0
210000	1.0
220000	0.0
230000	3.0
240000	1.0
250000	3.0
260000	2.0
270000	1.0
280000	4.0
290000	1.0
300000	0.0
310000	0.0
320000	2.0
330000	1.0
340000	0.0
350000	0.0
360000	7.0
370000	3.0
380000	1.0
390000	5.0
400000	11.0
410000	16.0
420000	16.0
430000	26.0
440000	35.0
450000	6.0
460000	1.0
470000	2.0
480000	3.0
490000	1.0
500000	1.0
510000	0.0
520000	1.0
530000	4.0
540000	6.0
550000	2.0
560000	0.0
570000	2.0
580000	2.0
590000	1.0
600000	1.0
610000	0.0
620000	4.0
630000	0.0
640000	1.0
650000	0.0
660000	0.0
670000	2.0
680000	2.0
690000	2.0
700000	1.0
710000	0.0
720000	2.0
730000	2.0
740000	0.0
750000	5.0
760000	6.0
770000	8.0
780000	16.0
790000	22.0
800000	35.0
810000	49.0
820000	82.0
830000	64.0
840000	78.0
850000	76.0
860000	87.0
870000	83.0
880000	87.0
890000	56.0
900000	87.0
910000	90.0
920000	107.0
930000	98.0
940000	102.0
950000	115.0
960000	96.0
970000	111.0
980000	114.0
990000	111.0
1000000	120.0
1010000	107.0
1020000	89.0
1030000	112.0
1040000	106.0
1050000	106.0
1060000	123.0
1070000	113.0
1080000	117.0
1090000	122.0
1100000	122.0
1110000	127.0
1120000	122.0
1130000	123.0
1140000	121.0
1150000	120.0
1160000	121.0
1170000	120.0
1180000	125.0
1190000	120.0
1200000	121.0
1210000	120.0
1220000	125.0
1230000	125.0
1240000	124.0
1250000	125.0
1260000	127.0
1270000	123.0
1280000	127.0
1290000	103.0
1300000	121.0
1310000	125.0
1320000	126.0
1330000	125.0
1340000	128.0
1350000	126.0
1360000	130.0
1370000	128.0
1380000	130.0
1390000	118.0
1400000	127.0
1410000	128.0
1420000	130.0
1430000	125.0
1440000	127.0
1450000	129.0
1460000	128.0
1470000	98.0
1480000	100.0
1490000	124.0
1500000	129.0
1510000	129.0
1520000	126.0
1530000	129.0
1540000	128.0
1550000	95.0
1560000	128.0
1570000	128.0
1580000	129.0
1590000	131.0
1600000	126.0
1610000	130.0
1620000	131.0
1630000	130.0
1640000	128.0
1650000	131.0
1660000	130.0
1670000	131.0
1680000	128.0
1690000	131.0
1700000	128.0
1710000	131.0
1720000	133.0
1730000	127.0
1740000	131.0
1750000	130.0
1760000	129.0
1770000	130.0
1780000	131.0
1790000	129.0
1800000	133.0
1810000	130.0
1820000	131.0
1830000	124.0
1840000	131.0
1850000	127.0
1860000	132.0
1870000	130.0
1880000	128.0
1890000	130.0
1900000	132.0
1910000	133.0
1920000	130.0
1930000	134.0
1940000	128.0
1950000	127.0
1960000	130.0
1970000	130.0
1980000	133.0
1990000	130.0
2000000	129.0
2010000	131.0
2020000	131.0
2030000	131.0
2040000	129.0
2050000	130.0
2060000	132.0
2070000	129.0
2080000	129.0
2090000	133.0
2100000	131.0
2110000	132.0
2120000	131.0
2130000	129.0
2140000	130.0
2150000	128.0
2160000	132.0
2170000	132.0
2180000	133.0
2190000	132.0
2200000	134.0
2210000	128.0
2220000	130.0
2230000	129.0
2240000	131.0
2250000	132.0
2260000	136.0
2270000	129.0
2280000	134.0
2290000	133.0
2300000	136.0
2310000	131.0
2320000	132.0
2330000	131.0
2340000	129.0
2350000	130.0
2360000	133.0
2370000	133.0
2380000	130.0
2390000	131.0
2400000	129.0
2410000	135.0
2420000	133.0
2430000	132.0
2440000	132.0
2450000	132.0
2460000	133.0
2470000	131.0
2480000	134.0
2490000	130.0
2500000	132.0
2510000	132.0
2520000	135.0
2530000	135.0
2540000	134.0
2550000	134.0
2560000	130.0
2570000	135.0
2580000	135.0
2590000	132.0
2600000	122.0
2610000	133.0
2620000	134.0
2630000	133.0
2640000	133.0
2650000	132.0
2660000	134.0
2670000	131.0
2680000	132.0
2690000	132.0
2700000	136.0
2710000	133.0
2720000	135.0
2730000	133.0
2740000	134.0
2750000	131.0
2760000	135.0
2770000	132.0
2780000	135.0
2790000	132.0
2800000	133.0
2810000	134.0
2820000	135.0
2830000	136.0
2840000	132.0
2850000	133.0
2860000	134.0
2870000	135.0
2880000	134.0
2890000	133.0
2900000	134.0
2910000	134.0
2920000	133.0
2930000	132.0
2940000	129.0
2950000	132.0
2960000	133.0
2970000	131.0
2980000	135.0
2990000	136.0
3000000	131.0
3010000	137.0
3020000	136.0
3030000	136.0
3040000	130.0
3050000	135.0
3060000	134.0
3070000	132.0
3080000	136.0
3090000	134.0
3100000	137.0
3110000	134.0
3120000	133.0
3130000	133.0
3140000	133.0
3150000	134.0
3160000	135.0
3170000	135.0
3180000	135.0
3190000	135.0
3200000	134.0
3210000	134.0
3220000	137.0
3230000	133.0
3240000	133.0
3250000	133.0
3260000	136.0
3270000	131.0
3280000	137.0
3290000	136.0
3300000	134.0
3310000	134.0
3320000	134.0
3330000	136.0
3340000	135.0
3350000	134.0
3360000	135.0
3370000	44.0
3380000	103.0
3390000	136.0
3400000	135.0
3410000	136.0
3420000	134.0
3430000	134.0
3440000	134.0
3450000	120.0
3460000	133.0
3470000	136.0
3480000	136.0
3490000	135.0
3500000	135.0
3510000	136.0
3520000	135.0
3530000	136.0
3540000	135.0
3550000	136.0
3560000	133.0
3570000	134.0
3580000	135.0
3590000	136.0
3600000	131.0
3610000	134.0
3620000	134.0
3630000	133.0
3640000	137.0
3650000	136.0
3660000	134.0
3670000	135.0
3680000	132.0
3690000	136.0
3700000	135.0
3710000	134.0
3720000	132.0
3730000	136.0
3740000	135.0
3750000	134.0
3760000	137.0
3770000	134.0
3780000	135.0
3790000	135.0
3800000	135.0
3810000	134.0
3820000	135.0
3830000	136.0
3840000	133.0
3850000	134.0
3860000	135.0
3870000	134.0
3880000	133.0
3890000	136.0
3900000	136.0
3910000	136.0
3920000	136.0
3930000	135.0
3940000	134.0
3950000	134.0
3960000	133.0
3970000	135.0
3980000	132.0
3990000	135.0
4000000	138.0
4010000	136.0
4020000	139.0
4030000	133.0
4040000	136.0
4050000	134.0
4060000	136.0
4070000	136.0
4080000	133.0
4090000	136.0
4100000	136.0
4110000	134.0
4120000	137.0
4130000	135.0
4140000	136.0
4150000	134.0
4160000	59.0
4170000	136.0
4180000	133.0
4190000	136.0
4200000	133.0
4210000	137.0
4220000	135.0
4230000	136.0
4240000	134.0
4250000	136.0
4260000	137.0
4270000	136.0
4280000	136.0
4290000	136.0
4300000	138.0
4310000	134.0
4320000	118.0
4330000	83.0
4340000	133.0
4350000	137.0
4360000	136.0
4370000	135.0
4380000	134.0
4390000	136.0
4400000	135.0
4410000	136.0
4420000	132.0
4430000	135.0
4440000	135.0
4450000	134.0
4460000	138.0
4470000	137.0
4480000	134.0
4490000	136.0
4500000	137.0
4510000	135.0
4520000	137.0
4530000	137.0
4540000	136.0
4550000	136.0
4560000	134.0
4570000	135.0
4580000	137.0
4590000	136.0
4600000	137.0
4610000	135.0
4620000	135.0
4630000	138.0
4640000	132.0
4650000	136.0
4660000	135.0
4670000	137.0
4680000	136.0
4690000	135.0
4700000	136.0
4710000	137.0
4720000	136.0
4730000	138.0
4740000	136.0
4750000	135.0
4760000	137.0
4770000	138.0
4780000	136.0
4790000	137.0
4800000	137.0
4810000	136.0
4820000	138.0
4830000	129.0
4840000	137.0
4850000	136.0
4860000	136.0
4870000	136.0
4880000	136.0
4890000	137.0
4900000	136.0
4910000	137.0
4920000	136.0
4930000	137.0
4940000	131.0
4950000	135.0
4960000	136.0
4970000	136.0
4980000	135.0
4990000	137.0
5000000	137.0
