10000	1.0
20000	1.0
30000	3.0
40000	2.0
50000	2.0
60000	3.0
70000	1.0
80000	2.0
90000	1.0
100000	1.0
110000	0.0
120000	1.0
130000	3.0
140000	1.0
150000	1.0
160000	1.0
170000	1.0
180000	2.0
190000	0.0
200000	1.0
210000	1.0
220000	0.0
230000	1.0
240000	1.0
250000	2.0
260000	1.0
270000	1.0
280000	0.0
290000	1.0
300000	1.0
310000	0.0
320000	1.0
330000	1.0
340000	1.0
350000	7.0
360000	3.0
370000	9.0
380000	3.0
390000	2.0
400000	1.0
410000	1.0
420000	3.0
430000	0.0
440000	2.0
450000	1.0
460000	3.0
470000	2.0
480000	1.0
490000	0.0
500000	0.0
510000	3.0
520000	9.0
530000	10.0
540000	9.0
550000	12.0
560000	11.0
570000	21.0
580000	1.0
590000	2.0
600000	1.0
610000	0.0
620000	1.0
630000	0.0
640000	1.0
650000	0.0
660000	2.0
670000	1.0
680000	0.0
690000	1.0
700000	1.0
710000	0.0
720000	1.0
730000	1.0
740000	1.0
750000	0.0
760000	1.0
770000	3.0
780000	0.0
790000	2.0
800000	0.0
810000	1.0
820000	0.0
830000	3.0
840000	3.0
850000	1.0
860000	3.0
870000	1.0
880000	1.0
890000	0.0
900000	0.0
910000	0.0
920000	1.0
930000	3.0
940000	5.0
950000	10.0
960000	8.0
970000	9.0
980000	18.0
990000	20.0
1000000	47.0
1010000	58.0
1020000	60.0
1030000	77.0
1040000	80.0
1050000	76.0
1060000	79.0
1070000	88.0
1080000	67.0
1090000	90.0
1100000	88.0
1110000	84.0
1120000	92.0
1130000	79.0
1140000	101.0
1150000	104.0
1160000	83.0
1170000	64.0
1180000	112.0
1190000	112.0
1200000	104.0
1210000	110.0
1220000	111.0
1230000	106.0
1240000	105.0
1250000	111.0
1260000	118.0
1270000	116.0
1280000	111.0
1290000	116.0
1300000	87.0
1310000	115.0
1320000	118.0
1330000	122.0
1340000	118.0
1350000	117.0
1360000	122.0
1370000	124.0
1380000	123.0
1390000	116.0
1400000	124.0
1410000	115.0
1420000	122.0
1430000	119.0
1440000	124.0
1450000	123.0
1460000	128.0
1470000	123.0
1480000	125.0
1490000	127.0
1500000	122.0
1510000	124.0
1520000	125.0
1530000	122.0
1540000	131.0
1550000	124.0
1560000	122.0
1570000	126.0
1580000	123.0
1590000	121.0
1600000	123.0
1610000	128.0
1620000	126.0
1630000	122.0
1640000	122.0
1650000	126.0
1660000	126.0
1670000	126.0
1680000	125.0
1690000	130.0
1700000	124.0
1710000	128.0
1720000	126.0
1730000	125.0
1740000	130.0
1750000	124.0
1760000	121.0
1770000	119.0
1780000	125.0
1790000	128.0
1800000	128.0
1810000	119.0
1820000	126.0
1830000	126.0
1840000	128.0
1850000	127.0
1860000	125.0
1870000	127.0
1880000	125.0
1890000	126.0
1900000	131.0
1910000	129.0
1920000	125.0
1930000	127.0
1940000	132.0
1950000	128.0
1960000	128.0
1970000	133.0
1980000	129.0
1990000	128.0
2000000	123.0
2010000	132.0
2020000	130.0
2030000	129.0
2040000	129.0
2050000	130.0
2060000	129.0
2070000	131.0
2080000	128.0
2090000	130.0
2100000	119.0
2110000	124.0
2120000	128.0
2130000	133.0
2140000	131.0
2150000	129.0
2160000	124.0
2170000	131.0
2180000	127.0
2190000	132.0
2200000	130.0
2210000	127.0
2220000	128.0
2230000	133.0
2240000	126.0
2250000	129.0
2260000	131.0
2270000	131.0
2280000	125.0
2290000	128.0
2300000	130.0
2310000	130.0
2320000	130.0
2330000	132.0
2340000	126.0
2350000	130.0
2360000	131.0
2370000	128.0
2380000	130.0
2390000	131.0
2400000	119.0
2410000	134.0
2420000	129.0
2430000	135.0
2440000	133.0
2450000	131.0
2460000	131.0
2470000	131.0
2480000	132.0
2490000	128.0
2500000	131.0
2510000	131.0
2520000	131.0
2530000	131.0
2540000	134.0
2550000	131.0
2560000	130.0
2570000	127.0
2580000	132.0
2590000	134.0
2600000	131.0
2610000	131.0
2620000	133.0
2630000	129.0
2640000	132.0
2650000	127.0
2660000	129.0
2670000	130.0
2680000	130.0
2690000	131.0
2700000	130.0
2710000	132.0
2720000	132.0
2730000	132.0
2740000	133.0
2750000	121.0
2760000	128.0
2770000	132.0
2780000	129.0
2790000	133.0
2800000	133.0
2810000	130.0
2820000	133.0
2830000	132.0
2840000	123.0
2850000	133.0
2860000	131.0
2870000	130.0
2880000	132.0
2890000	124.0
2900000	96.0
2910000	102.0
2920000	129.0
2930000	132.0
2940000	130.0
2950000	108.0
2960000	132.0
2970000	132.0
2980000	135.0
2990000	134.0
3000000	134.0
3010000	113.0
3020000	131.0
3030000	133.0
3040000	133.0
3050000	131.0
3060000	131.0
3070000	131.0
3080000	131.0
3090000	132.0
3100000	131.0
3110000	132.0
3120000	129.0
3130000	134.0
3140000	133.0
3150000	131.0
3160000	89.0
3170000	76.0
3180000	130.0
3190000	132.0
3200000	132.0
3210000	131.0
3220000	131.0
3230000	133.0
3240000	120.0
3250000	130.0
3260000	130.0
3270000	131.0
3280000	136.0
3290000	132.0
3300000	132.0
3310000	135.0
3320000	132.0
3330000	127.0
3340000	131.0
3350000	131.0
3360000	130.0
3370000	133.0
3380000	135.0
3390000	123.0
3400000	133.0
3410000	134.0
3420000	134.0
3430000	131.0
3440000	133.0
3450000	134.0
3460000	133.0
3470000	132.0
3480000	133.0
3490000	133.0
3500000	134.0
3510000	133.0
3520000	132.0
3530000	135.0
3540000	130.0
3550000	85.0
3560000	132.0
3570000	133.0
3580000	129.0
3590000	133.0
3600000	133.0
3610000	133.0
3620000	134.0
3630000	132.0
3640000	135.0
3650000	130.0
3660000	130.0
3670000	131.0
3680000	131.0
3690000	132.0
3700000	82.0
3710000	129.0
3720000	105.0
3730000	26.0
3740000	85.0
3750000	130.0
3760000	130.0
3770000	134.0
3780000	136.0
3790000	134.0
3800000	132.0
3810000	133.0
3820000	135.0
3830000	136.0
3840000	133.0
3850000	136.0
3860000	135.0
3870000	131.0
3880000	132.0
3890000	131.0
3900000	129.0
3910000	133.0
3920000	35.0
3930000	133.0
3940000	136.0
3950000	135.0
3960000	137.0
3970000	135.0
3980000	132.0
3990000	133.0
4000000	129.0
4010000	135.0
4020000	135.0
4030000	134.0
4040000	132.0
4050000	128.0
4060000	134.0
4070000	131.0
4080000	135.0
4090000	131.0
4100000	134.0
4110000	134.0
4120000	135.0
4130000	133.0
4140000	132.0
4150000	132.0
4160000	134.0
4170000	135.0
4180000	131.0
4190000	129.0
4200000	133.0
4210000	135.0
4220000	136.0
4230000	135.0
4240000	135.0
4250000	134.0
4260000	130.0
4270000	132.0
4280000	135.0
4290000	134.0
4300000	133.0
4310000	133.0
4320000	135.0
4330000	133.0
4340000	133.0
4350000	135.0
4360000	133.0
4370000	115.0
4380000	133.0
4390000	133.0
4400000	134.0
4410000	130.0
4420000	135.0
4430000	134.0
4440000	135.0
4450000	134.0
4460000	136.0
4470000	134.0
4480000	134.0
4490000	131.0
4500000	135.0
4510000	134.0
4520000	132.0
4530000	133.0
4540000	131.0
4550000	135.0
4560000	130.0
4570000	134.0
4580000	134.0
4590000	132.0
4600000	135.0
4610000	129.0
4620000	127.0
4630000	132.0
4640000	131.0
4650000	135.0
4660000	130.0
4670000	130.0
4680000	133.0
4690000	134.0
4700000	134.0
4710000	134.0
4720000	134.0
4730000	132.0
4740000	135.0
4750000	133.0
4760000	131.0
4770000	136.0
4780000	136.0
4790000	134.0
4800000	132.0
4810000	132.0
4820000	137.0
4830000	135.0
4840000	137.0
4850000	136.0
4860000	132.0
4870000	134.0
4880000	135.0
4890000	132.0
4900000	133.0
4910000	135.0
4920000	137.0
4930000	132.0
4940000	135.0
4950000	134.0
4960000	133.0
4970000	132.0
4980000	135.0
4990000	135.0
5000000	137.0
