10000	2.0
20000	2.0
30000	1.0
40000	1.0
50000	1.0
60000	1.0
70000	2.0
80000	3.0
90000	2.0
100000	2.0
110000	2.0
120000	1.0
130000	1.0
140000	0.0
150000	1.0
160000	2.0
170000	2.0
180000	0.0
190000	1.0
200000	2.0
210000	0.0
220000	1.0
230000	0.0
240000	2.0
250000	1.0
260000	0.0
270000	1.0
280000	0.0
290000	3.0
300000	2.0
310000	3.0
320000	16.0
330000	23.0
340000	30.0
350000	25.0
360000	41.0
370000	39.0
380000	55.0
390000	49.0
400000	71.0
410000	84.0
420000	72.0
430000	81.0
440000	88.0
450000	69.0
460000	98.0
470000	48.0
480000	99.0
490000	90.0
500000	75.0
510000	85.0
520000	100.0
530000	100.0
540000	104.0
550000	112.0
560000	94.0
570000	112.0
580000	116.0
590000	65.0
600000	84.0
610000	108.0
620000	111.0
630000	104.0
640000	111.0
650000	117.0
660000	116.0
670000	116.0
680000	120.0
690000	114.0
700000	119.0
710000	115.0
720000	118.0
730000	122.0
740000	99.0
750000	121.0
760000	124.0
770000	123.0
780000	116.0
790000	97.0
800000	120.0
810000	125.0
820000	120.0
830000	124.0
840000	122.0
850000	128.0
860000	116.0
870000	112.0
880000	113.0
890000	124.0
900000	119.0
910000	124.0
920000	109.0
930000	120.0
940000	125.0
950000	125.0
960000	119.0
970000	118.0
980000	127.0
990000	125.0
1000000	116.0
1010000	126.0
1020000	125.0
1030000	125.0
1040000	127.0
1050000	128.0
1060000	128.0
1070000	122.0
1080000	125.0
1090000	128.0
1100000	128.0
1110000	123.0
1120000	78.0
1130000	115.0
1140000	129.0
1150000	129.0
1160000	123.0
1170000	65.0
1180000	127.0
1190000	128.0
1200000	128.0
1210000	129.0
1220000	130.0
1230000	129.0
1240000	125.0
1250000	128.0
1260000	128.0
1270000	69.0
1280000	94.0
1290000	128.0
1300000	106.0
1310000	126.0
1320000	130.0
1330000	130.0
1340000	98.0
1350000	128.0
1360000	129.0
1370000	129.0
1380000	131.0
1390000	131.0
1400000	70.0
1410000	130.0
1420000	130.0
1430000	130.0
1440000	129.0
1450000	133.0
1460000	133.0
1470000	128.0
1480000	133.0
1490000	131.0
1500000	130.0
1510000	127.0
1520000	126.0
1530000	130.0
1540000	115.0
1550000	130.0
1560000	118.0
1570000	130.0
1580000	131.0
1590000	129.0
1600000	133.0
1610000	133.0
1620000	126.0
1630000	130.0
1640000	129.0
1650000	129.0
1660000	129.0
1670000	128.0
1680000	132.0
1690000	131.0
1700000	129.0
1710000	70.0
1720000	128.0
1730000	125.0
1740000	133.0
1750000	134.0
1760000	131.0
1770000	130.0
1780000	98.0
1790000	130.0
1800000	131.0
1810000	132.0
1820000	133.0
1830000	125.0
1840000	128.0
1850000	128.0
1860000	132.0
1870000	134.0
1880000	130.0
1890000	131.0
1900000	132.0
1910000	128.0
1920000	130.0
1930000	131.0
1940000	130.0
1950000	113.0
1960000	133.0
1970000	130.0
1980000	131.0
1990000	130.0
2000000	130.0
2010000	129.0
2020000	134.0
2030000	130.0
2040000	130.0
2050000	120.0
2060000	129.0
2070000	129.0
2080000	131.0
2090000	132.0
2100000	134.0
2110000	132.0
2120000	133.0
2130000	133.0
2140000	135.0
2150000	131.0
2160000	130.0
2170000	132.0
2180000	132.0
2190000	130.0
2200000	134.0
2210000	132.0
2220000	129.0
2230000	115.0
2240000	132.0
2250000	130.0
2260000	127.0
2270000	133.0
2280000	133.0
2290000	131.0
2300000	130.0
2310000	130.0
2320000	132.0
2330000	132.0
2340000	134.0
2350000	132.0
2360000	129.0
2370000	133.0
2380000	132.0
2390000	128.0
2400000	131.0
2410000	132.0
2420000	132.0
2430000	131.0
2440000	133.0
2450000	132.0
2460000	131.0
2470000	132.0
2480000	132.0
2490000	125.0
2500000	132.0
2510000	132.0
2520000	131.0
2530000	133.0
2540000	130.0
2550000	132.0
2560000	131.0
2570000	134.0
2580000	134.0
2590000	134.0
2600000	127.0
2610000	131.0
2620000	133.0
2630000	130.0
2640000	135.0
2650000	133.0
2660000	132.0
2670000	131.0
2680000	134.0
2690000	134.0
2700000	132.0
2710000	127.0
2720000	132.0
2730000	133.0
2740000	132.0
2750000	131.0
2760000	130.0
2770000	133.0
2780000	131.0
2790000	134.0
2800000	134.0
2810000	135.0
2820000	135.0
2830000	129.0
2840000	66.0
2850000	133.0
2860000	134.0
2870000	132.0
2880000	135.0
2890000	134.0
2900000	136.0
2910000	133.0
2920000	134.0
2930000	135.0
2940000	135.0
2950000	132.0
2960000	128.0
2970000	134.0
2980000	134.0
2990000	135.0
3000000	134.0
3010000	131.0
3020000	134.0
3030000	134.0
3040000	133.0
3050000	134.0
3060000	129.0
3070000	132.0
3080000	133.0
3090000	133.0
3100000	133.0
3110000	134.0
3120000	132.0
3130000	131.0
3140000	134.0
3150000	131.0
3160000	134.0
3170000	135.0
3180000	133.0
3190000	133.0
3200000	135.0
3210000	131.0
3220000	132.0
3230000	135.0
3240000	134.0
3250000	134.0
3260000	133.0
3270000	135.0
3280000	133.0
3290000	134.0
3300000	130.0
3310000	132.0
3320000	137.0
3330000	134.0
3340000	133.0
3350000	133.0
3360000	137.0
3370000	132.0
3380000	134.0
3390000	133.0
3400000	107.0
3410000	135.0
3420000	132.0
3430000	135.0
3440000	135.0
3450000	133.0
3460000	133.0
3470000	133.0
3480000	136.0
3490000	134.0
3500000	129.0
3510000	134.0
3520000	135.0
3530000	134.0
3540000	133.0
3550000	131.0
3560000	134.0
3570000	135.0
3580000	134.0
3590000	130.0
3600000	133.0
3610000	136.0
3620000	132.0
3630000	132.0
3640000	135.0
3650000	133.0
3660000	133.0
3670000	133.0
3680000	133.0
3690000	131.0
3700000	134.0
3710000	134.0
3720000	132.0
3730000	135.0
3740000	135.0
3750000	131.0
3760000	133.0
3770000	133.0
3780000	135.0
3790000	133.0
3800000	134.0
3810000	132.0
3820000	132.0
3830000	131.0
3840000	133.0
3850000	135.0
3860000	122.0
3870000	133.0
3880000	132.0
3890000	134.0
3900000	135.0
3910000	131.0
3920000	135.0
3930000	133.0
3940000	133.0
3950000	135.0
3960000	135.0
3970000	133.0
3980000	134.0
3990000	133.0
4000000	130.0
4010000	131.0
4020000	127.0
4030000	132.0
4040000	134.0
4050000	135.0
4060000	133.0
4070000	133.0
4080000	135.0
4090000	138.0
4100000	133.0
4110000	133.0
4120000	133.0
4130000	133.0
4140000	132.0
4150000	134.0
4160000	132.0
4170000	133.0
4180000	135.0
4190000	134.0
4200000	135.0
4210000	132.0
4220000	132.0
4230000	132.0
4240000	134.0
4250000	135.0
4260000	136.0
4270000	132.0
4280000	134.0
4290000	133.0
4300000	130.0
4310000	133.0
4320000	133.0
4330000	133.0
4340000	134.0
4350000	135.0
4360000	134.0
4370000	135.0
4380000	133.0
4390000	133.0
4400000	133.0
4410000	132.0
4420000	133.0
4430000	133.0
4440000	134.0
4450000	134.0
4460000	135.0
4470000	135.0
4480000	137.0
4490000	131.0
4500000	135.0
4510000	133.0
4520000	134.0
4530000	135.0
4540000	134.0
4550000	133.0
4560000	134.0
4570000	133.0
4580000	134.0
4590000	132.0
4600000	134.0
4610000	130.0
4620000	136.0
4630000	133.0
4640000	136.0
4650000	131.0
4660000	135.0
4670000	132.0
4680000	134.0
4690000	134.0
4700000	134.0
4710000	134.0
4720000	135.0
4730000	136.0
4740000	135.0
4750000	135.0
4760000	133.0
4770000	132.0
4780000	134.0
4790000	136.0
4800000	133.0
4810000	136.0
4820000	130.0
4830000	134.0
4840000	134.0
4850000	136.0
4860000	133.0
4870000	133.0
4880000	134.0
4890000	134.0
4900000	134.0
4910000	133.0
4920000	135.0
4930000	131.0
4940000	130.0
4950000	134.0
4960000	135.0
4970000	135.0
4980000	135.0
4990000	134.0
5000000	135.0
