10000	1.0
20000	2.0
30000	3.0
40000	0.0
50000	2.0
60000	3.0
70000	0.0
80000	1.0
90000	1.0
100000	0.0
110000	2.0
120000	1.0
130000	0.0
140000	3.0
150000	1.0
160000	0.0
170000	1.0
180000	0.0
190000	2.0
200000	1.0
210000	2.0
220000	0.0
230000	1.0
240000	1.0
250000	0.0
260000	0.0
270000	0.0
280000	3.0
290000	0.0
300000	3.0
310000	3.0
320000	1.0
330000	8.0
340000	10.0
350000	8.0
360000	25.0
370000	27.0
380000	30.0
390000	55.0
400000	37.0
410000	51.0
420000	70.0
430000	77.0
440000	51.0
450000	87.0
460000	77.0
470000	75.0
480000	79.0
490000	81.0
500000	68.0
510000	76.0
520000	72.0
530000	77.0
540000	97.0
550000	91.0
560000	90.0
570000	87.0
580000	78.0
590000	89.0
600000	92.0
610000	99.0
620000	83.0
630000	101.0
640000	81.0
650000	104.0
660000	97.0
670000	111.0
680000	98.0
690000	103.0
700000	101.0
710000	108.0
720000	108.0
730000	107.0
740000	101.0
750000	72.0
760000	63.0
770000	93.0
780000	110.0
790000	111.0
800000	100.0
810000	107.0
820000	114.0
830000	106.0
840000	108.0
850000	97.0
860000	103.0
870000	113.0
880000	104.0
890000	95.0
900000	95.0
910000	89.0
920000	103.0
930000	108.0
940000	108.0
950000	102.0
960000	98.0
970000	116.0
980000	115.0
990000	114.0
1000000	117.0
1010000	118.0
1020000	115.0
1030000	124.0
1040000	115.0
1050000	117.0
1060000	123.0
1070000	115.0
1080000	81.0
1090000	80.0
1100000	111.0
1110000	118.0
1120000	102.0
1130000	114.0
1140000	124.0
1150000	125.0
1160000	119.0
1170000	114.0
1180000	122.0
1190000	122.0
1200000	119.0
1210000	110.0
1220000	60.0
1230000	118.0
1240000	121.0
1250000	122.0
1260000	122.0
1270000	119.0
1280000	119.0
1290000	126.0
1300000	120.0
1310000	120.0
1320000	116.0
1330000	122.0
1340000	90.0
1350000	113.0
1360000	109.0
1370000	108.0
1380000	116.0
1390000	120.0
1400000	110.0
1410000	122.0
1420000	122.0
1430000	115.0
1440000	126.0
1450000	123.0
1460000	115.0
1470000	116.0
1480000	120.0
1490000	121.0
1500000	125.0
1510000	126.0
1520000	120.0
1530000	113.0
1540000	123.0
1550000	121.0
1560000	120.0
1570000	126.0
1580000	123.0
1590000	102.0
1600000	110.0
1610000	122.0
1620000	124.0
1630000	126.0
1640000	105.0
1650000	103.0
1660000	118.0
1670000	123.0
1680000	129.0
1690000	128.0
1700000	129.0
1710000	126.0
1720000	119.0
1730000	91.0
1740000	118.0
1750000	125.0
1760000	125.0
1770000	122.0
1780000	126.0
1790000	123.0
1800000	125.0
1810000	127.0
1820000	130.0
1830000	89.0
1840000	100.0
1850000	123.0
1860000	122.0
1870000	128.0
1880000	127.0
1890000	125.0
1900000	124.0
1910000	123.0
1920000	130.0
1930000	127.0
1940000	116.0
1950000	129.0
1960000	122.0
1970000	129.0
1980000	127.0
1990000	129.0
2000000	124.0
2010000	129.0
2020000	122.0
2030000	125.0
2040000	119.0
2050000	126.0
2060000	125.0
2070000	127.0
2080000	126.0
2090000	129.0
2100000	128.0
2110000	119.0
2120000	81.0
2130000	128.0
2140000	125.0
2150000	128.0
2160000	127.0
2170000	123.0
2180000	129.0
2190000	132.0
2200000	128.0
2210000	131.0
2220000	122.0
2230000	126.0
2240000	129.0
2250000	129.0
2260000	125.0
2270000	129.0
2280000	129.0
2290000	128.0
2300000	127.0
2310000	128.0
2320000	129.0
2330000	124.0
2340000	130.0
2350000	125.0
2360000	128.0
2370000	125.0
2380000	120.0
2390000	128.0
2400000	128.0
2410000	129.0
2420000	111.0
2430000	128.0
2440000	128.0
2450000	130.0
2460000	127.0
2470000	126.0
2480000	129.0
2490000	124.0
2500000	130.0
2510000	130.0
2520000	127.0
2530000	128.0
2540000	127.0
2550000	127.0
2560000	133.0
2570000	119.0
2580000	130.0
2590000	129.0
2600000	126.0
2610000	130.0
2620000	130.0
2630000	130.0
2640000	129.0
2650000	116.0
2660000	119.0
2670000	114.0
2680000	127.0
2690000	132.0
2700000	129.0
2710000	126.0
2720000	130.0
2730000	128.0
2740000	132.0
2750000	121.0
2760000	129.0
2770000	39.0
2780000	122.0
2790000	131.0
2800000	99.0
2810000	86.0
2820000	124.0
2830000	123.0
2840000	128.0
2850000	125.0
2860000	131.0
2870000	131.0
2880000	130.0
2890000	133.0
2900000	126.0
2910000	128.0
2920000	128.0
2930000	132.0
2940000	124.0
2950000	129.0
2960000	132.0
2970000	132.0
2980000	131.0
2990000	129.0
3000000	129.0
3010000	129.0
3020000	133.0
3030000	131.0
3040000	127.0
3050000	132.0
3060000	129.0
3070000	128.0
3080000	127.0
3090000	132.0
3100000	129.0
3110000	128.0
3120000	129.0
3130000	132.0
3140000	88.0
3150000	75.0
3160000	132.0
3170000	129.0
3180000	128.0
3190000	132.0
3200000	134.0
3210000	130.0
3220000	130.0
3230000	136.0
3240000	134.0
3250000	132.0
3260000	129.0
3270000	133.0
3280000	129.0
3290000	131.0
3300000	132.0
3310000	129.0
3320000	130.0
3330000	130.0
3340000	129.0
3350000	93.0
3360000	132.0
3370000	134.0
3380000	133.0
3390000	132.0
3400000	132.0
3410000	136.0
3420000	133.0
3430000	132.0
3440000	130.0
3450000	128.0
3460000	133.0
3470000	133.0
3480000	126.0
3490000	130.0
3500000	126.0
3510000	133.0
3520000	131.0
3530000	130.0
3540000	132.0
3550000	130.0
3560000	128.0
3570000	132.0
3580000	132.0
3590000	131.0
3600000	132.0
3610000	132.0
3620000	132.0
3630000	127.0
3640000	132.0
3650000	133.0
3660000	132.0
3670000	133.0
3680000	134.0
3690000	133.0
3700000	129.0
3710000	132.0
3720000	135.0
3730000	110.0
3740000	129.0
3750000	131.0
3760000	133.0
3770000	131.0
3780000	131.0
3790000	128.0
3800000	129.0
3810000	74.0
3820000	127.0
3830000	128.0
3840000	124.0
3850000	120.0
3860000	121.0
3870000	132.0
3880000	128.0
3890000	134.0
3900000	135.0
3910000	132.0
3920000	131.0
3930000	133.0
3940000	116.0
3950000	127.0
3960000	127.0
3970000	133.0
3980000	132.0
3990000	131.0
4000000	131.0
4010000	130.0
4020000	119.0
4030000	133.0
4040000	133.0
4050000	129.0
4060000	133.0
4070000	136.0
4080000	133.0
4090000	132.0
4100000	132.0
4110000	132.0
4120000	132.0
4130000	133.0
4140000	129.0
4150000	136.0
4160000	133.0
4170000	134.0
4180000	131.0
4190000	132.0
4200000	134.0
4210000	134.0
4220000	133.0
4230000	130.0
4240000	128.0
4250000	130.0
4260000	131.0
4270000	131.0
4280000	131.0
4290000	133.0
4300000	133.0
4310000	127.0
4320000	133.0
4330000	130.0
4340000	129.0
4350000	132.0
4360000	128.0
4370000	97.0
4380000	131.0
4390000	134.0
4400000	131.0
4410000	131.0
4420000	114.0
4430000	133.0
4440000	130.0
4450000	136.0
4460000	132.0
4470000	132.0
4480000	133.0
4490000	132.0
4500000	130.0
4510000	131.0
4520000	133.0
4530000	129.0
4540000	131.0
4550000	131.0
4560000	135.0
4570000	134.0
4580000	134.0
4590000	134.0
4600000	134.0
4610000	130.0
4620000	128.0
4630000	68.0
4640000	130.0
4650000	131.0
4660000	132.0
4670000	134.0
4680000	125.0
4690000	133.0
4700000	132.0
4710000	122.0
4720000	115.0
4730000	103.0
4740000	107.0
4750000	126.0
4760000	76.0
4770000	126.0
4780000	133.0
4790000	128.0
4800000	134.0
4810000	78.0
4820000	133.0
4830000	134.0
4840000	133.0
4850000	136.0
4860000	132.0
4870000	133.0
4880000	131.0
4890000	130.0
4900000	135.0
4910000	134.0
4920000	135.0
4930000	133.0
4940000	132.0
4950000	136.0
4960000	131.0
4970000	132.0
4980000	135.0
4990000	133.0
5000000	132.0
