10000	1.0
20000	1.0
30000	0.0
40000	1.0
50000	2.0
60000	2.0
70000	1.0
80000	1.0
90000	2.0
100000	2.0
110000	3.0
120000	2.0
130000	2.0
140000	2.0
150000	1.0
160000	3.0
170000	2.0
180000	1.0
190000	0.0
200000	2.0
210000	0.0
220000	3.0
230000	1.0
240000	4.0
250000	1.0
260000	1.0
270000	1.0
280000	3.0
290000	2.0
300000	2.0
310000	1.0
320000	2.0
330000	3.0
340000	2.0
350000	0.0
360000	1.0
370000	2.0
380000	2.0
390000	1.0
400000	1.0
410000	3.0
420000	1.0
430000	1.0
440000	1.0
450000	0.0
460000	0.0
470000	0.0
480000	0.0
490000	0.0
500000	1.0
510000	1.0
520000	1.0
530000	2.0
540000	1.0
550000	0.0
560000	2.0
570000	1.0
580000	1.0
590000	2.0
600000	2.0
610000	2.0
620000	0.0
630000	0.0
640000	2.0
650000	0.0
660000	1.0
670000	1.0
680000	1.0
690000	3.0
700000	10.0
710000	17.0
720000	22.0
730000	30.0
740000	27.0
750000	41.0
760000	24.0
770000	1.0
780000	3.0
790000	2.0
800000	1.0
810000	2.0
820000	0.0
830000	0.0
840000	1.0
850000	0.0
860000	6.0
870000	5.0
880000	9.0
890000	31.0
900000	6.0
910000	11.0
920000	9.0
930000	7.0
940000	11.0
950000	17.0
960000	12.0
970000	1.0
980000	2.0
990000	1.0
1000000	1.0
1010000	0.0
1020000	0.0
1030000	2.0
1040000	4.0
1050000	2.0
1060000	5.0
1070000	13.0
1080000	11.0
1090000	22.0
1100000	38.0
1110000	59.0
1120000	28.0
1130000	3.0
1140000	2.0
1150000	3.0
1160000	1.0
1170000	1.0
1180000	0.0
1190000	0.0
1200000	0.0
1210000	1.0
1220000	3.0
1230000	3.0
1240000	1.0
1250000	2.0
1260000	0.0
1270000	2.0
1280000	2.0
1290000	0.0
1300000	0.0
1310000	0.0
1320000	0.0
1330000	1.0
1340000	5.0
1350000	8.0
1360000	15.0
1370000	2.0
1380000	1.0
1390000	13.0
1400000	15.0
1410000	5.0
1420000	5.0
1430000	16.0
1440000	14.0
1450000	15.0
1460000	20.0
1470000	11.0
1480000	22.0
1490000	23.0
1500000	18.0
1510000	25.0
1520000	13.0
1530000	21.0
1540000	14.0
1550000	17.0
1560000	25.0
1570000	19.0
1580000	12.0
1590000	41.0
1600000	21.0
1610000	22.0
1620000	23.0
1630000	18.0
1640000	14.0
1650000	32.0
1660000	10.0
1670000	6.0
1680000	17.0
1690000	29.0
1700000	23.0
1710000	21.0
1720000	25.0
1730000	8.0
1740000	0.0
1750000	2.0
1760000	2.0
1770000	3.0
1780000	1.0
1790000	0.0
1800000	1.0
1810000	2.0
1820000	3.0
1830000	0.0
1840000	1.0
1850000	1.0
1860000	0.0
1870000	0.0
1880000	1.0
1890000	1.0
1900000	1.0
1910000	1.0
1920000	2.0
1930000	1.0
1940000	4.0
1950000	2.0
1960000	1.0
1970000	1.0
1980000	3.0
1990000	1.0
2000000	2.0
2010000	9.0
2020000	6.0
2030000	3.0
2040000	1.0
2050000	0.0
2060000	2.0
2070000	0.0
2080000	1.0
2090000	0.0
2100000	1.0
2110000	0.0
2120000	0.0
2130000	1.0
2140000	4.0
2150000	5.0
2160000	7.0
2170000	13.0
2180000	13.0
2190000	15.0
2200000	34.0
2210000	37.0
2220000	65.0
2230000	84.0
2240000	80.0
2250000	72.0
2260000	36.0
2270000	46.0
2280000	54.0
2290000	72.0
2300000	78.0
2310000	81.0
2320000	77.0
2330000	82.0
2340000	105.0
2350000	99.0
2360000	90.0
2370000	93.0
2380000	104.0
2390000	108.0
2400000	103.0
2410000	107.0
2420000	102.0
2430000	114.0
2440000	94.0
2450000	111.0
2460000	111.0
2470000	96.0
2480000	104.0
2490000	115.0
2500000	110.0
2510000	115.0
2520000	108.0
2530000	107.0
2540000	111.0
2550000	112.0
2560000	117.0
2570000	118.0
2580000	115.0
2590000	117.0
2600000	100.0
2610000	115.0
2620000	120.0
2630000	114.0
2640000	116.0
2650000	109.0
2660000	122.0
2670000	117.0
2680000	116.0
2690000	118.0
2700000	118.0
2710000	124.0
2720000	116.0
2730000	125.0
2740000	121.0
2750000	121.0
2760000	109.0
2770000	120.0
2780000	121.0
2790000	116.0
2800000	122.0
2810000	118.0
2820000	120.0
2830000	122.0
2840000	123.0
2850000	112.0
2860000	117.0
2870000	121.0
2880000	123.0
2890000	120.0
2900000	127.0
2910000	123.0
2920000	122.0
2930000	117.0
2940000	127.0
2950000	120.0
2960000	124.0
2970000	123.0
2980000	121.0
2990000	122.0
3000000	123.0
3010000	123.0
3020000	122.0
3030000	123.0
3040000	130.0
3050000	120.0
3060000	128.0
3070000	123.0
3080000	118.0
3090000	123.0
3100000	128.0
3110000	126.0
3120000	130.0
3130000	124.0
3140000	121.0
3150000	121.0
3160000	127.0
3170000	127.0
3180000	123.0
3190000	118.0
3200000	120.0
3210000	120.0
3220000	127.0
3230000	123.0
3240000	122.0
3250000	125.0
3260000	122.0
3270000	130.0
3280000	126.0
3290000	127.0
3300000	128.0
3310000	124.0
3320000	121.0
3330000	127.0
3340000	122.0
3350000	74.0
3360000	126.0
3370000	127.0
3380000	125.0
3390000	123.0
3400000	126.0
3410000	126.0
3420000	127.0
3430000	129.0
3440000	125.0
3450000	127.0
3460000	129.0
3470000	114.0
3480000	129.0
3490000	126.0
3500000	124.0
3510000	129.0
3520000	130.0
3530000	126.0
3540000	126.0
3550000	129.0
3560000	124.0
3570000	91.0
3580000	112.0
3590000	126.0
3600000	128.0
3610000	127.0
3620000	130.0
3630000	131.0
3640000	125.0
3650000	130.0
3660000	124.0
3670000	131.0
3680000	127.0
3690000	131.0
3700000	129.0
3710000	123.0
3720000	131.0
3730000	127.0
3740000	128.0
3750000	128.0
3760000	128.0
3770000	126.0
3780000	128.0
3790000	122.0
3800000	129.0
3810000	128.0
3820000	106.0
3830000	129.0
3840000	128.0
3850000	129.0
3860000	127.0
3870000	132.0
3880000	128.0
3890000	130.0
3900000	132.0
3910000	117.0
3920000	0.0
3930000	75.0
3940000	129.0
3950000	120.0
3960000	128.0
3970000	129.0
3980000	124.0
3990000	124.0
4000000	128.0
4010000	125.0
4020000	124.0
4030000	127.0
4040000	127.0
4050000	132.0
4060000	128.0
4070000	119.0
4080000	127.0
4090000	132.0
4100000	126.0
4110000	130.0
4120000	128.0
4130000	126.0
4140000	130.0
4150000	127.0
4160000	131.0
4170000	126.0
4180000	132.0
4190000	127.0
4200000	61.0
4210000	102.0
4220000	130.0
4230000	129.0
4240000	122.0
4250000	128.0
4260000	130.0
4270000	130.0
4280000	131.0
4290000	127.0
4300000	132.0
4310000	132.0
4320000	131.0
4330000	131.0
4340000	131.0
4350000	130.0
4360000	130.0
4370000	128.0
4380000	132.0
4390000	128.0
4400000	128.0
4410000	129.0
4420000	127.0
4430000	128.0
4440000	126.0
4450000	129.0
4460000	133.0
4470000	128.0
4480000	129.0
4490000	129.0
4500000	130.0
4510000	133.0
4520000	131.0
4530000	131.0
4540000	135.0
4550000	130.0
4560000	133.0
4570000	125.0
4580000	128.0
4590000	131.0
4600000	130.0
4610000	131.0
4620000	131.0
4630000	126.0
4640000	132.0
4650000	134.0
4660000	132.0
4670000	129.0
4680000	132.0
4690000	132.0
4700000	128.0
4710000	131.0
4720000	130.0
4730000	129.0
4740000	130.0
4750000	127.0
4760000	134.0
4770000	131.0
4780000	130.0
4790000	126.0
4800000	125.0
4810000	128.0
4820000	129.0
4830000	132.0
4840000	129.0
4850000	131.0
4860000	131.0
4870000	130.0
4880000	129.0
4890000	132.0
4900000	130.0
4910000	120.0
4920000	130.0
4930000	127.0
4940000	130.0
4950000	132.0
4960000	129.0
4970000	130.0
4980000	133.0
4990000	131.0
5000000	130.0
