10000	1.0
20000	0.0
30000	0.0
40000	1.0
50000	1.0
60000	1.0
70000	1.0
80000	0.0
90000	3.0
100000	2.0
110000	1.0
120000	1.0
130000	2.0
140000	1.0
150000	2.0
160000	1.0
170000	2.0
180000	2.0
190000	0.0
200000	3.0
210000	3.0
220000	1.0
230000	2.0
240000	2.0
250000	3.0
260000	2.0
270000	1.0
280000	0.0
290000	0.0
300000	0.0
310000	2.0
320000	8.0
330000	13.0
340000	1.0
350000	2.0
360000	3.0
370000	1.0
380000	0.0
390000	0.0
400000	0.0
410000	1.0
420000	0.0
430000	1.0
440000	0.0
450000	1.0
460000	2.0
470000	1.0
480000	3.0
490000	1.0
500000	1.0
510000	2.0
520000	6.0
530000	1.0
540000	10.0
550000	6.0
560000	15.0
570000	15.0
580000	26.0
590000	41.0
600000	51.0
610000	74.0
620000	70.0
630000	72.0
640000	77.0
650000	94.0
660000	76.0
670000	81.0
680000	40.0
690000	85.0
700000	94.0
710000	89.0
720000	79.0
730000	98.0
740000	93.0
750000	107.0
760000	113.0
770000	102.0
780000	93.0
790000	113.0
800000	102.0
810000	112.0
820000	118.0
830000	113.0
840000	112.0
850000	108.0
860000	105.0
870000	109.0
880000	117.0
890000	116.0
900000	112.0
910000	117.0
920000	105.0
930000	118.0
940000	116.0
950000	120.0
960000	115.0
970000	121.0
980000	120.0
990000	124.0
1000000	118.0
1010000	114.0
1020000	123.0
1030000	116.0
1040000	119.0
1050000	122.0
1060000	120.0
1070000	121.0
1080000	120.0
1090000	119.0
1100000	123.0
1110000	122.0
1120000	116.0
1130000	117.0
1140000	118.0
1150000	127.0
1160000	122.0
1170000	116.0
1180000	125.0
1190000	126.0
1200000	124.0
1210000	118.0
1220000	128.0
1230000	127.0
1240000	123.0
1250000	127.0
1260000	115.0
1270000	124.0
1280000	128.0
1290000	128.0
1300000	126.0
1310000	126.0
1320000	126.0
1330000	122.0
1340000	120.0
1350000	129.0
1360000	121.0
1370000	127.0
1380000	130.0
1390000	128.0
1400000	128.0
1410000	124.0
1420000	125.0
1430000	130.0
1440000	127.0
1450000	127.0
1460000	128.0
1470000	128.0
1480000	126.0
1490000	127.0
1500000	129.0
1510000	121.0
1520000	123.0
1530000	124.0
1540000	128.0
1550000	130.0
1560000	125.0
1570000	132.0
1580000	125.0
1590000	122.0
1600000	129.0
1610000	131.0
1620000	124.0
1630000	124.0
1640000	130.0
1650000	130.0
1660000	127.0
1670000	121.0
1680000	124.0
1690000	130.0
1700000	130.0
1710000	127.0
1720000	129.0
1730000	133.0
1740000	128.0
1750000	132.0
1760000	129.0
1770000	132.0
1780000	123.0
1790000	126.0
1800000	123.0
1810000	126.0
1820000	135.0
1830000	128.0
1840000	133.0
1850000	123.0
1860000	119.0
1870000	132.0
1880000	130.0
1890000	132.0
1900000	132.0
1910000	129.0
1920000	129.0
1930000	124.0
1940000	131.0
1950000	130.0
1960000	128.0
1970000	131.0
1980000	134.0
1990000	127.0
2000000	130.0
2010000	133.0
2020000	127.0
2030000	131.0
2040000	135.0
2050000	124.0
2060000	131.0
2070000	133.0
2080000	132.0
2090000	128.0
2100000	129.0
2110000	127.0
2120000	133.0
2130000	128.0
2140000	133.0
2150000	132.0
2160000	132.0
2170000	128.0
2180000	128.0
2190000	128.0
2200000	133.0
2210000	130.0
2220000	131.0
2230000	131.0
2240000	128.0
2250000	128.0
2260000	131.0
2270000	133.0
2280000	129.0
2290000	131.0
2300000	130.0
2310000	135.0
2320000	131.0
2330000	130.0
2340000	130.0
2350000	128.0
2360000	132.0
2370000	135.0
2380000	132.0
2390000	132.0
2400000	133.0
2410000	131.0
2420000	131.0
2430000	135.0
2440000	134.0
2450000	136.0
2460000	132.0
2470000	133.0
2480000	131.0
2490000	131.0
2500000	130.0
2510000	132.0
2520000	128.0
2530000	135.0
2540000	132.0
2550000	115.0
2560000	113.0
2570000	131.0
2580000	133.0
2590000	132.0
2600000	132.0
2610000	123.0
2620000	136.0
2630000	135.0
2640000	130.0
2650000	133.0
2660000	134.0
2670000	135.0
2680000	134.0
2690000	134.0
2700000	132.0
2710000	134.0
2720000	133.0
2730000	133.0
2740000	132.0
2750000	132.0
2760000	135.0
2770000	134.0
2780000	130.0
2790000	133.0
2800000	134.0
2810000	135.0
2820000	136.0
2830000	131.0
2840000	133.0
2850000	119.0
2860000	133.0
2870000	133.0
2880000	131.0
2890000	133.0
2900000	136.0
2910000	133.0
2920000	125.0
2930000	132.0
2940000	129.0
2950000	134.0
2960000	131.0
2970000	127.0
2980000	132.0
2990000	136.0
3000000	132.0
3010000	131.0
3020000	135.0
3030000	131.0
3040000	133.0
3050000	127.0
3060000	134.0
3070000	131.0
3080000	134.0
3090000	136.0
3100000	136.0
3110000	128.0
3120000	133.0
3130000	134.0
3140000	135.0
3150000	132.0
3160000	132.0
3170000	130.0
3180000	119.0
3190000	133.0
3200000	132.0
3210000	134.0
3220000	134.0
3230000	133.0
3240000	131.0
3250000	134.0
3260000	132.0
3270000	133.0
3280000	134.0
3290000	134.0
3300000	134.0
3310000	136.0
3320000	132.0
3330000	136.0
3340000	135.0
3350000	134.0
3360000	133.0
3370000	133.0
3380000	134.0
3390000	133.0
3400000	135.0
3410000	130.0
3420000	135.0
3430000	132.0
3440000	135.0
3450000	134.0
3460000	134.0
3470000	134.0
3480000	130.0
3490000	133.0
3500000	134.0
3510000	135.0
3520000	135.0
3530000	133.0
3540000	133.0
3550000	134.0
3560000	136.0
3570000	134.0
3580000	133.0
3590000	132.0
3600000	137.0
3610000	132.0
3620000	136.0
3630000	135.0
3640000	133.0
3650000	130.0
3660000	138.0
3670000	132.0
3680000	134.0
3690000	133.0
3700000	132.0
3710000	130.0
3720000	137.0
3730000	134.0
3740000	136.0
3750000	137.0
3760000	135.0
3770000	131.0
3780000	134.0
3790000	134.0
3800000	134.0
3810000	135.0
3820000	133.0
3830000	136.0
3840000	134.0
3850000	135.0
3860000	129.0
3870000	134.0
3880000	132.0
3890000	133.0
3900000	134.0
3910000	135.0
3920000	132.0
3930000	136.0
3940000	137.0
3950000	134.0
3960000	136.0
3970000	137.0
3980000	136.0
3990000	137.0
4000000	135.0
4010000	134.0
4020000	136.0
4030000	136.0
4040000	136.0
4050000	133.0
4060000	136.0
4070000	132.0
4080000	134.0
4090000	134.0
4100000	133.0
4110000	128.0
4120000	124.0
4130000	135.0
4140000	133.0
4150000	128.0
4160000	134.0
4170000	134.0
4180000	133.0
4190000	137.0
4200000	135.0
4210000	134.0
4220000	134.0
4230000	136.0
4240000	135.0
4250000	134.0
4260000	137.0
4270000	132.0
4280000	136.0
4290000	136.0
4300000	137.0
4310000	133.0
4320000	135.0
4330000	133.0
4340000	134.0
4350000	128.0
4360000	130.0
4370000	103.0
4380000	99.0
4390000	24.0
4400000	82.0
4410000	130.0
4420000	129.0
4430000	62.0
4440000	80.0
4450000	116.0
4460000	132.0
4470000	135.0
4480000	137.0
4490000	135.0
4500000	133.0
4510000	133.0
4520000	134.0
4530000	134.0
4540000	137.0
4550000	134.0
4560000	136.0
4570000	134.0
4580000	134.0
4590000	136.0
4600000	135.0
4610000	134.0
4620000	137.0
4630000	133.0
4640000	132.0
4650000	135.0
4660000	136.0
4670000	134.0
4680000	131.0
4690000	137.0
4700000	134.0
4710000	133.0
4720000	137.0
4730000	135.0
4740000	133.0
4750000	134.0
4760000	135.0
4770000	137.0
4780000	133.0
4790000	133.0
4800000	134.0
4810000	136.0
4820000	134.0
4830000	134.0
4840000	133.0
4850000	136.0
4860000	138.0
4870000	134.0
4880000	136.0
4890000	133.0
4900000	136.0
4910000	136.0
4920000	136.0
4930000	136.0
4940000	136.0
4950000	134.0
4960000	135.0
4970000	137.0
4980000	138.0
4990000	135.0
5000000	135.0
