10000	1.0
20000	2.0
30000	1.0
40000	0.0
50000	2.0
60000	1.0
70000	0.0
80000	1.0
90000	2.0
100000	1.0
110000	2.0
120000	1.0
130000	3.0
140000	1.0
150000	1.0
160000	0.0
170000	1.0
180000	2.0
190000	3.0
200000	1.0
210000	1.0
220000	1.0
230000	1.0
240000	3.0
250000	1.0
260000	2.0
270000	0.0
280000	0.0
290000	0.0
300000	2.0
310000	4.0
320000	5.0
330000	4.0
340000	6.0
350000	6.0
360000	18.0
370000	20.0
380000	16.0
390000	21.0
400000	27.0
410000	34.0
420000	23.0
430000	26.0
440000	55.0
450000	42.0
460000	40.0
470000	32.0
480000	37.0
490000	31.0
500000	44.0
510000	42.0
520000	58.0
530000	38.0
540000	57.0
550000	69.0
560000	51.0
570000	44.0
580000	69.0
590000	60.0
600000	68.0
610000	59.0
620000	60.0
630000	88.0
640000	89.0
650000	50.0
660000	67.0
670000	62.0
680000	97.0
690000	57.0
700000	69.0
710000	69.0
720000	92.0
730000	62.0
740000	90.0
750000	85.0
760000	94.0
770000	92.0
780000	79.0
790000	83.0
800000	102.0
810000	27.0
820000	48.0
830000	78.0
840000	64.0
850000	65.0
860000	80.0
870000	88.0
880000	78.0
890000	91.0
900000	87.0
910000	69.0
920000	100.0
930000	103.0
940000	106.0
950000	111.0
960000	108.0
970000	109.0
980000	68.0
990000	40.0
1000000	80.0
1010000	99.0
1020000	97.0
1030000	111.0
1040000	94.0
1050000	64.0
1060000	84.0
1070000	66.0
1080000	100.0
1090000	97.0
1100000	104.0
1110000	108.0
1120000	101.0
1130000	116.0
1140000	113.0
1150000	95.0
1160000	96.0
1170000	105.0
1180000	80.0
1190000	82.0
1200000	99.0
1210000	122.0
1220000	98.0
1230000	110.0
1240000	104.0
1250000	106.0
1260000	88.0
1270000	112.0
1280000	120.0
1290000	52.0
1300000	117.0
1310000	109.0
1320000	111.0
1330000	110.0
1340000	78.0
1350000	90.0
1360000	84.0
1370000	104.0
1380000	104.0
1390000	81.0
1400000	42.0
1410000	71.0
1420000	89.0
1430000	104.0
1440000	110.0
1450000	92.0
1460000	87.0
1470000	115.0
1480000	93.0
1490000	121.0
1500000	102.0
1510000	116.0
1520000	117.0
1530000	124.0
1540000	122.0
1550000	111.0
1560000	48.0
1570000	97.0
1580000	104.0
1590000	84.0
1600000	114.0
1610000	77.0
1620000	101.0
1630000	103.0
1640000	120.0
1650000	85.0
1660000	115.0
1670000	117.0
1680000	122.0
1690000	124.0
1700000	90.0
1710000	97.0
1720000	116.0
1730000	119.0
1740000	109.0
1750000	114.0
1760000	36.0
1770000	120.0
1780000	103.0
1790000	132.0
1800000	114.0
1810000	118.0
1820000	112.0
1830000	123.0
1840000	124.0
1850000	114.0
1860000	120.0
1870000	113.0
1880000	113.0
1890000	103.0
1900000	118.0
1910000	93.0
1920000	94.0
1930000	114.0
1940000	120.0
1950000	121.0
1960000	120.0
1970000	110.0
1980000	113.0
1990000	119.0
2000000	126.0
2010000	125.0
2020000	126.0
2030000	118.0
2040000	122.0
2050000	101.0
2060000	120.0
2070000	116.0
2080000	123.0
2090000	105.0
2100000	129.0
2110000	118.0
2120000	117.0
2130000	122.0
2140000	118.0
2150000	114.0
2160000	99.0
2170000	87.0
2180000	122.0
2190000	92.0
2200000	113.0
2210000	116.0
2220000	115.0
2230000	128.0
2240000	125.0
2250000	125.0
2260000	123.0
2270000	115.0
2280000	115.0
2290000	92.0
2300000	113.0
2310000	121.0
2320000	113.0
2330000	124.0
2340000	123.0
2350000	108.0
2360000	126.0
2370000	113.0
2380000	129.0
2390000	95.0
2400000	116.0
2410000	125.0
2420000	129.0
2430000	124.0
2440000	124.0
2450000	123.0
2460000	104.0
2470000	103.0
2480000	87.0
2490000	67.0
2500000	126.0
2510000	118.0
2520000	118.0
2530000	83.0
2540000	40.0
2550000	60.0
2560000	125.0
2570000	122.0
2580000	122.0
2590000	119.0
2600000	100.0
2610000	75.0
2620000	49.0
2630000	121.0
2640000	118.0
2650000	125.0
2660000	126.0
2670000	126.0
2680000	125.0
2690000	114.0
2700000	113.0
2710000	120.0
2720000	122.0
2730000	119.0
2740000	92.0
2750000	119.0
2760000	74.0
2770000	28.0
2780000	85.0
2790000	123.0
2800000	122.0
2810000	132.0
2820000	130.0
2830000	117.0
2840000	120.0
2850000	106.0
2860000	114.0
2870000	118.0
2880000	99.0
2890000	92.0
2900000	101.0
2910000	120.0
2920000	122.0
2930000	130.0
2940000	131.0
2950000	131.0
2960000	30.0
2970000	124.0
2980000	125.0
2990000	131.0
3000000	120.0
3010000	125.0
3020000	118.0
3030000	79.0
3040000	127.0
3050000	118.0
3060000	128.0
3070000	123.0
3080000	112.0
3090000	121.0
3100000	119.0
3110000	122.0
3120000	128.0
3130000	123.0
3140000	121.0
3150000	121.0
3160000	124.0
3170000	91.0
3180000	110.0
3190000	125.0
3200000	126.0
3210000	126.0
3220000	127.0
3230000	127.0
3240000	125.0
3250000	114.0
3260000	109.0
3270000	125.0
3280000	133.0
3290000	128.0
3300000	132.0
3310000	124.0
3320000	107.0
3330000	117.0
3340000	129.0
3350000	125.0
3360000	122.0
3370000	128.0
3380000	125.0
3390000	132.0
3400000	128.0
3410000	98.0
3420000	93.0
3430000	111.0
3440000	113.0
3450000	123.0
3460000	125.0
3470000	124.0
3480000	129.0
3490000	124.0
3500000	124.0
3510000	125.0
3520000	130.0
3530000	124.0
3540000	122.0
3550000	124.0
3560000	123.0
3570000	126.0
3580000	111.0
3590000	110.0
3600000	126.0
3610000	129.0
3620000	127.0
3630000	127.0
3640000	124.0
3650000	134.0
3660000	126.0
3670000	127.0
3680000	118.0
3690000	128.0
3700000	128.0
3710000	127.0
3720000	119.0
3730000	128.0
3740000	130.0
3750000	130.0
3760000	119.0
3770000	125.0
3780000	125.0
3790000	126.0
3800000	122.0
3810000	131.0
3820000	128.0
3830000	124.0
3840000	129.0
3850000	130.0
3860000	115.0
3870000	118.0
3880000	122.0
3890000	125.0
3900000	111.0
3910000	99.0
3920000	131.0
3930000	117.0
3940000	130.0
3950000	134.0
3960000	122.0
3970000	128.0
3980000	128.0
3990000	119.0
4000000	80.0
4010000	69.0
4020000	85.0
4030000	129.0
4040000	130.0
4050000	133.0
4060000	132.0
4070000	135.0
4080000	105.0
4090000	128.0
4100000	133.0
4110000	126.0
4120000	108.0
4130000	127.0
4140000	125.0
4150000	128.0
4160000	116.0
4170000	126.0
4180000	121.0
4190000	122.0
4200000	127.0
4210000	117.0
4220000	124.0
4230000	131.0
4240000	113.0
4250000	128.0
4260000	131.0
4270000	126.0
4280000	125.0
4290000	122.0
4300000	132.0
4310000	129.0
4320000	127.0
4330000	128.0
4340000	124.0
4350000	130.0
4360000	130.0
4370000	130.0
4380000	126.0
4390000	129.0
4400000	120.0
4410000	123.0
4420000	125.0
4430000	121.0
4440000	126.0
4450000	130.0
4460000	120.0
4470000	120.0
4480000	129.0
4490000	124.0
4500000	124.0
4510000	126.0
4520000	128.0
4530000	123.0
4540000	122.0
4550000	125.0
4560000	125.0
4570000	124.0
4580000	122.0
4590000	60.0
4600000	130.0
4610000	130.0
4620000	130.0
4630000	129.0
4640000	120.0
4650000	124.0
4660000	122.0
4670000	121.0
4680000	127.0
4690000	131.0
4700000	123.0
4710000	128.0
4720000	123.0
4730000	114.0
4740000	132.0
4750000	129.0
4760000	128.0
4770000	123.0
4780000	123.0
4790000	119.0
4800000	115.0
4810000	106.0
4820000	126.0
4830000	126.0
4840000	124.0
4850000	124.0
4860000	133.0
4870000	127.0
4880000	113.0
4890000	124.0
4900000	124.0
4910000	129.0
4920000	123.0
4930000	128.0
4940000	122.0
4950000	118.0
4960000	127.0
4970000	126.0
4980000	123.0
4990000	127.0
5000000	133.0
