10000	0.0
20000	0.0
30000	2.0
40000	2.0
50000	2.0
60000	2.0
70000	0.0
80000	2.0
90000	1.0
100000	0.0
110000	1.0
120000	1.0
130000	0.0
140000	1.0
150000	2.0
160000	1.0
170000	2.0
180000	2.0
190000	0.0
200000	1.0
210000	0.0
220000	2.0
230000	1.0
240000	1.0
250000	1.0
260000	2.0
270000	1.0
280000	1.0
290000	1.0
300000	2.0
310000	2.0
320000	3.0
330000	0.0
340000	1.0
350000	0.0
360000	1.0
370000	0.0
380000	1.0
390000	4.0
400000	4.0
410000	7.0
420000	6.0
430000	2.0
440000	2.0
450000	1.0
460000	1.0
470000	1.0
480000	0.0
490000	0.0
500000	0.0
510000	0.0
520000	1.0
530000	5.0
540000	4.0
550000	10.0
560000	14.0
570000	14.0
580000	3.0
590000	4.0
600000	1.0
610000	2.0
620000	1.0
630000	1.0
640000	0.0
650000	1.0
660000	0.0
670000	1.0
680000	3.0
690000	1.0
700000	3.0
710000	1.0
720000	1.0
730000	1.0
740000	0.0
750000	2.0
760000	3.0
770000	0.0
780000	1.0
790000	1.0
800000	0.0
810000	1.0
820000	1.0
830000	0.0
840000	1.0
850000	2.0
860000	3.0
870000	4.0
880000	1.0
890000	1.0
900000	2.0
910000	2.0
920000	3.0
930000	0.0
940000	0.0
950000	0.0
960000	1.0
970000	2.0
980000	2.0
990000	0.0
1000000	0.0
1010000	1.0
1020000	1.0
1030000	2.0
1040000	4.0
1050000	2.0
1060000	1.0
1070000	0.0
1080000	0.0
1090000	0.0
1100000	2.0
1110000	3.0
1120000	4.0
1130000	0.0
1140000	4.0
1150000	6.0
1160000	8.0
1170000	7.0
1180000	13.0
1190000	10.0
1200000	4.0
1210000	5.0
1220000	13.0
1230000	14.0
1240000	18.0
1250000	9.0
1260000	15.0
1270000	19.0
1280000	24.0
1290000	7.0
1300000	17.0
1310000	16.0
1320000	8.0
1330000	17.0
1340000	17.0
1350000	30.0
1360000	1.0
1370000	1.0
1380000	0.0
1390000	3.0
1400000	0.0
1410000	0.0
1420000	2.0
1430000	2.0
1440000	4.0
1450000	3.0
1460000	2.0
1470000	3.0
1480000	9.0
1490000	1.0
1500000	4.0
1510000	6.0
1520000	4.0
1530000	7.0
1540000	8.0
1550000	12.0
1560000	34.0
1570000	21.0
1580000	39.0
1590000	51.0
1600000	44.0
1610000	81.0
1620000	69.0
1630000	76.0
1640000	83.0
1650000	82.0
1660000	63.0
1670000	88.0
1680000	73.0
1690000	94.0
1700000	88.0
1710000	95.0
1720000	89.0
1730000	84.0
1740000	90.0
1750000	95.0
1760000	104.0
1770000	95.0
1780000	91.0
1790000	81.0
1800000	106.0
1810000	106.0
1820000	105.0
1830000	99.0
1840000	103.0
1850000	111.0
1860000	96.0
1870000	103.0
1880000	98.0
1890000	106.0
1900000	109.0
1910000	113.0
1920000	112.0
1930000	102.0
1940000	87.0
1950000	106.0
1960000	109.0
1970000	110.0
1980000	107.0
1990000	111.0
2000000	109.0
2010000	109.0
2020000	107.0
2030000	107.0
2040000	104.0
2050000	111.0
2060000	111.0
2070000	113.0
2080000	106.0
2090000	97.0
2100000	111.0
2110000	112.0
2120000	112.0
2130000	105.0
2140000	114.0
2150000	111.0
2160000	108.0
2170000	115.0
2180000	113.0
2190000	111.0
2200000	109.0
2210000	113.0
2220000	111.0
2230000	110.0
2240000	120.0
2250000	111.0
2260000	111.0
2270000	115.0
2280000	111.0
2290000	114.0
2300000	92.0
2310000	107.0
2320000	115.0
2330000	114.0
2340000	117.0
2350000	116.0
2360000	111.0
2370000	117.0
2380000	112.0
2390000	114.0
2400000	116.0
2410000	110.0
2420000	115.0
2430000	117.0
2440000	112.0
2450000	109.0
2460000	114.0
2470000	114.0
2480000	108.0
2490000	90.0
2500000	113.0
2510000	116.0
2520000	111.0
2530000	118.0
2540000	112.0
2550000	117.0
2560000	118.0
2570000	112.0
2580000	114.0
2590000	113.0
2600000	115.0
2610000	116.0
2620000	117.0
2630000	120.0
2640000	114.0
2650000	114.0
2660000	115.0
2670000	118.0
2680000	113.0
2690000	118.0
2700000	103.0
2710000	119.0
2720000	113.0
2730000	121.0
2740000	116.0
2750000	115.0
2760000	114.0
2770000	118.0
2780000	114.0
2790000	116.0
2800000	117.0
2810000	115.0
2820000	120.0
2830000	113.0
2840000	67.0
2850000	116.0
2860000	118.0
2870000	115.0
2880000	116.0
2890000	118.0
2900000	114.0
2910000	114.0
2920000	118.0
2930000	117.0
2940000	119.0
2950000	115.0
2960000	118.0
2970000	118.0
2980000	116.0
2990000	113.0
3000000	114.0
3010000	115.0
3020000	117.0
3030000	117.0
3040000	114.0
3050000	115.0
3060000	118.0
3070000	115.0
3080000	114.0
3090000	114.0
3100000	115.0
3110000	120.0
3120000	116.0
3130000	121.0
3140000	120.0
3150000	119.0
3160000	114.0
3170000	119.0
3180000	115.0
3190000	114.0
3200000	115.0
3210000	112.0
3220000	110.0
3230000	117.0
3240000	116.0
3250000	118.0
3260000	116.0
3270000	114.0
3280000	120.0
3290000	119.0
3300000	120.0
3310000	117.0
3320000	119.0
3330000	115.0
3340000	118.0
3350000	114.0
3360000	118.0
3370000	123.0
3380000	118.0
3390000	112.0
3400000	119.0
3410000	118.0
3420000	120.0
3430000	116.0
3440000	117.0
3450000	114.0
3460000	121.0
3470000	121.0
3480000	116.0
3490000	118.0
3500000	117.0
3510000	118.0
3520000	122.0
3530000	121.0
3540000	121.0
3550000	121.0
3560000	121.0
3570000	115.0
3580000	120.0
3590000	119.0
3600000	119.0
3610000	118.0
3620000	112.0
3630000	117.0
3640000	120.0
3650000	118.0
3660000	119.0
3670000	117.0
3680000	118.0
3690000	116.0
3700000	122.0
3710000	115.0
3720000	121.0
3730000	116.0
3740000	119.0
3750000	120.0
3760000	118.0
3770000	115.0
3780000	120.0
3790000	112.0
3800000	116.0
3810000	122.0
3820000	120.0
3830000	117.0
3840000	120.0
3850000	115.0
3860000	120.0
3870000	122.0
3880000	120.0
3890000	122.0
3900000	117.0
3910000	122.0
3920000	119.0
3930000	121.0
3940000	114.0
3950000	105.0
3960000	102.0
3970000	119.0
3980000	120.0
3990000	121.0
4000000	118.0
4010000	119.0
4020000	120.0
4030000	119.0
4040000	122.0
4050000	119.0
4060000	120.0
4070000	121.0
4080000	120.0
4090000	121.0
4100000	120.0
4110000	124.0
4120000	122.0
4130000	122.0
4140000	122.0
4150000	118.0
4160000	117.0
4170000	123.0
4180000	121.0
4190000	118.0
4200000	119.0
4210000	124.0
4220000	121.0
4230000	121.0
4240000	118.0
4250000	119.0
4260000	117.0
4270000	118.0
4280000	123.0
4290000	120.0
4300000	120.0
4310000	122.0
4320000	122.0
4330000	121.0
4340000	116.0
4350000	120.0
4360000	121.0
4370000	120.0
4380000	118.0
4390000	119.0
4400000	121.0
4410000	121.0
4420000	123.0
4430000	60.0
4440000	119.0
4450000	122.0
4460000	119.0
4470000	119.0
4480000	122.0
4490000	122.0
4500000	121.0
4510000	125.0
4520000	119.0
4530000	123.0
4540000	121.0
4550000	123.0
4560000	118.0
4570000	119.0
4580000	120.0
4590000	119.0
4600000	117.0
4610000	120.0
4620000	120.0
4630000	120.0
4640000	122.0
4650000	121.0
4660000	121.0
4670000	121.0
4680000	120.0
4690000	119.0
4700000	119.0
4710000	120.0
4720000	121.0
4730000	119.0
4740000	118.0
4750000	118.0
4760000	122.0
4770000	122.0
4780000	121.0
4790000	118.0
4800000	121.0
4810000	120.0
4820000	122.0
4830000	122.0
4840000	117.0
4850000	112.0
4860000	119.0
4870000	118.0
4880000	119.0
4890000	119.0
4900000	121.0
4910000	121.0
4920000	121.0
4930000	120.0
4940000	122.0
4950000	119.0
4960000	124.0
4970000	122.0
4980000	122.0
4990000	121.0
5000000	121.0
