10000	1.0
20000	0.0
30000	0.0
40000	0.0
50000	1.0
60000	2.0
70000	4.0
80000	1.0
90000	1.0
100000	2.0
110000	1.0
120000	3.0
130000	1.0
140000	0.0
150000	0.0
160000	0.0
170000	1.0
180000	2.0
190000	0.0
200000	4.0
210000	3.0
220000	3.0
230000	1.0
240000	1.0
250000	2.0
260000	2.0
270000	1.0
280000	0.0
290000	1.0
300000	0.0
310000	0.0
320000	1.0
330000	5.0
340000	0.0
350000	3.0
360000	1.0
370000	5.0
380000	12.0
390000	19.0
400000	8.0
410000	1.0
420000	2.0
430000	0.0
440000	0.0
450000	1.0
460000	0.0
470000	0.0
480000	1.0
490000	0.0
500000	4.0
510000	3.0
520000	1.0
530000	2.0
540000	1.0
550000	0.0
560000	0.0
570000	0.0
580000	1.0
590000	6.0
600000	1.0
610000	6.0
620000	1.0
630000	3.0
640000	6.0
650000	4.0
660000	6.0
670000	8.0
680000	8.0
690000	2.0
700000	0.0
710000	7.0
720000	5.0
730000	9.0
740000	13.0
750000	18.0
760000	2.0
770000	12.0
780000	13.0
790000	9.0
800000	5.0
810000	7.0
820000	4.0
830000	3.0
840000	13.0
850000	10.0
860000	11.0
870000	12.0
880000	14.0
890000	3.0
900000	3.0
910000	12.0
920000	13.0
930000	8.0
940000	6.0
950000	5.0
960000	7.0
970000	8.0
980000	11.0
990000	3.0
1000000	7.0
1010000	10.0
1020000	10.0
1030000	14.0
1040000	6.0
1050000	5.0
1060000	13.0
1070000	6.0
1080000	14.0
1090000	9.0
1100000	15.0
1110000	7.0
1120000	16.0
1130000	5.0
1140000	11.0
1150000	4.0
1160000	8.0
1170000	12.0
1180000	4.0
1190000	17.0
1200000	3.0
1210000	10.0
1220000	6.0
1230000	13.0
1240000	13.0
1250000	5.0
1260000	8.0
1270000	13.0
1280000	7.0
1290000	10.0
1300000	10.0
1310000	8.0
1320000	7.0
1330000	4.0
1340000	9.0
1350000	9.0
1360000	22.0
1370000	7.0
1380000	7.0
1390000	17.0
1400000	17.0
1410000	18.0
1420000	14.0
1430000	4.0
1440000	7.0
1450000	8.0
1460000	10.0
1470000	11.0
1480000	15.0
1490000	16.0
1500000	9.0
1510000	15.0
1520000	7.0
1530000	12.0
1540000	7.0
1550000	3.0
1560000	6.0
1570000	15.0
1580000	19.0
1590000	11.0
1600000	16.0
1610000	13.0
1620000	3.0
1630000	18.0
1640000	13.0
1650000	17.0
1660000	4.0
1670000	4.0
1680000	6.0
1690000	8.0
1700000	4.0
1710000	12.0
1720000	7.0
1730000	12.0
1740000	11.0
1750000	13.0
1760000	3.0
1770000	18.0
1780000	9.0
1790000	9.0
1800000	3.0
1810000	3.0
1820000	9.0
1830000	8.0
1840000	10.0
1850000	8.0
1860000	16.0
1870000	0.0
1880000	12.0
1890000	8.0
1900000	7.0
1910000	9.0
1920000	18.0
1930000	8.0
1940000	10.0
1950000	10.0
1960000	9.0
1970000	8.0
1980000	5.0
1990000	11.0
2000000	14.0
2010000	6.0
2020000	8.0
2030000	12.0
2040000	10.0
2050000	7.0
2060000	12.0
2070000	5.0
2080000	11.0
2090000	6.0
2100000	9.0
2110000	15.0
2120000	11.0
2130000	12.0
2140000	7.0
2150000	16.0
2160000	10.0
2170000	6.0
2180000	3.0
2190000	13.0
2200000	6.0
2210000	10.0
2220000	16.0
2230000	11.0
2240000	10.0
2250000	4.0
2260000	26.0
2270000	11.0
2280000	10.0
2290000	12.0
2300000	8.0
2310000	9.0
2320000	6.0
2330000	5.0
2340000	6.0
2350000	7.0
2360000	18.0
2370000	16.0
2380000	7.0
2390000	6.0
2400000	14.0
2410000	13.0
2420000	15.0
2430000	8.0
2440000	12.0
2450000	2.0
2460000	16.0
2470000	10.0
2480000	8.0
2490000	7.0
2500000	16.0
2510000	12.0
2520000	9.0
2530000	6.0
2540000	4.0
2550000	2.0
2560000	5.0
2570000	6.0
2580000	6.0
2590000	5.0
2600000	4.0
2610000	8.0
2620000	11.0
2630000	11.0
2640000	9.0
2650000	11.0
2660000	12.0
2670000	4.0
2680000	13.0
2690000	11.0
2700000	2.0
2710000	2.0
2720000	4.0
2730000	10.0
2740000	6.0
2750000	8.0
2760000	14.0
2770000	5.0
2780000	13.0
2790000	12.0
2800000	12.0
2810000	12.0
2820000	3.0
2830000	12.0
2840000	6.0
2850000	8.0
2860000	12.0
2870000	5.0
2880000	13.0
2890000	15.0
2900000	5.0
2910000	14.0
2920000	9.0
2930000	11.0
2940000	20.0
2950000	13.0
2960000	9.0
2970000	5.0
2980000	10.0
2990000	3.0
3000000	3.0
3010000	12.0
3020000	7.0
3030000	23.0
3040000	5.0
3050000	9.0
3060000	14.0
3070000	2.0
3080000	16.0
3090000	4.0
3100000	9.0
3110000	10.0
3120000	15.0
3130000	15.0
3140000	14.0
3150000	2.0
3160000	8.0
3170000	7.0
3180000	10.0
3190000	13.0
3200000	9.0
3210000	6.0
3220000	12.0
3230000	10.0
3240000	20.0
3250000	19.0
3260000	10.0
3270000	3.0
3280000	6.0
3290000	10.0
3300000	13.0
3310000	10.0
3320000	8.0
3330000	9.0
3340000	17.0
3350000	6.0
3360000	13.0
3370000	7.0
3380000	6.0
3390000	17.0
3400000	6.0
3410000	5.0
3420000	3.0
3430000	10.0
3440000	9.0
3450000	16.0
3460000	19.0
3470000	4.0
3480000	0.0
3490000	13.0
3500000	11.0
3510000	18.0
3520000	17.0
3530000	2.0
3540000	9.0
3550000	11.0
3560000	10.0
3570000	6.0
3580000	21.0
3590000	16.0
3600000	2.0
3610000	6.0
3620000	5.0
3630000	8.0
3640000	8.0
3650000	4.0
3660000	11.0
3670000	14.0
3680000	9.0
3690000	8.0
3700000	12.0
3710000	3.0
3720000	15.0
3730000	15.0
3740000	2.0
3750000	9.0
3760000	16.0
3770000	8.0
3780000	6.0
3790000	3.0
3800000	11.0
3810000	3.0
3820000	16.0
3830000	8.0
3840000	8.0
3850000	6.0
3860000	12.0
3870000	10.0
3880000	12.0
3890000	7.0
3900000	8.0
3910000	9.0
3920000	12.0
3930000	16.0
3940000	17.0
3950000	7.0
3960000	9.0
3970000	5.0
3980000	4.0
3990000	9.0
4000000	8.0
4010000	11.0
4020000	8.0
4030000	17.0
4040000	5.0
4050000	10.0
4060000	7.0
4070000	3.0
4080000	5.0
4090000	8.0
4100000	17.0
4110000	9.0
4120000	5.0
4130000	13.0
4140000	5.0
4150000	11.0
4160000	3.0
4170000	10.0
4180000	5.0
4190000	6.0
4200000	5.0
4210000	11.0
4220000	10.0
4230000	9.0
4240000	9.0
4250000	22.0
4260000	18.0
4270000	7.0
4280000	5.0
4290000	3.0
4300000	3.0
4310000	12.0
4320000	15.0
4330000	11.0
4340000	11.0
4350000	3.0
4360000	4.0
4370000	5.0
4380000	13.0
4390000	10.0
4400000	15.0
4410000	12.0
4420000	7.0
4430000	16.0
4440000	9.0
4450000	14.0
4460000	5.0
4470000	6.0
4480000	13.0
4490000	9.0
4500000	6.0
4510000	6.0
4520000	6.0
4530000	14.0
4540000	3.0
4550000	8.0
4560000	16.0
4570000	15.0
4580000	5.0
4590000	3.0
4600000	2.0
4610000	10.0
4620000	11.0
4630000	14.0
4640000	7.0
4650000	15.0
4660000	6.0
4670000	11.0
4680000	5.0
4690000	7.0
4700000	2.0
4710000	4.0
4720000	7.0
4730000	2.0
4740000	15.0
4750000	11.0
4760000	11.0
4770000	9.0
4780000	8.0
4790000	13.0
4800000	6.0
4810000	11.0
4820000	4.0
4830000	6.0
4840000	9.0
4850000	1.0
4860000	19.0
4870000	3.0
4880000	12.0
4890000	6.0
4900000	6.0
4910000	18.0
4920000	23.0
4930000	6.0
4940000	5.0
4950000	13.0
4960000	12.0
4970000	9.0
4980000	10.0
4990000	12.0
5000000	10.0
