10000	2.0
20000	0.0
30000	0.0
40000	3.0
50000	0.0
60000	0.0
70000	2.0
80000	3.0
90000	2.0
100000	1.0
110000	1.0
120000	0.0
130000	1.0
140000	3.0
150000	0.0
160000	0.0
170000	0.0
180000	3.0
190000	4.0
200000	1.0
210000	2.0
220000	1.0
230000	2.0
240000	2.0
250000	2.0
260000	0.0
270000	0.0
280000	2.0
290000	3.0
300000	1.0
310000	5.0
320000	23.0
330000	29.0
340000	30.0
350000	33.0
360000	18.0
370000	32.0
380000	30.0
390000	19.0
400000	30.0
410000	35.0
420000	41.0
430000	17.0
440000	46.0
450000	39.0
460000	36.0
470000	65.0
480000	66.0
490000	59.0
500000	59.0
510000	49.0
520000	70.0
530000	78.0
540000	66.0
550000	50.0
560000	7.0
570000	20.0
580000	69.0
590000	69.0
600000	86.0
610000	34.0
620000	44.0
630000	72.0
640000	65.0
650000	83.0
660000	63.0
670000	63.0
680000	62.0
690000	73.0
700000	71.0
710000	79.0
720000	91.0
730000	94.0
740000	82.0
750000	64.0
760000	93.0
770000	62.0
780000	98.0
790000	46.0
800000	81.0
810000	90.0
820000	50.0
830000	67.0
840000	107.0
850000	89.0
860000	99.0
870000	89.0
880000	72.0
890000	85.0
900000	67.0
910000	94.0
920000	103.0
930000	69.0
940000	52.0
950000	75.0
960000	82.0
970000	83.0
980000	62.0
990000	105.0
1000000	93.0
1010000	89.0
1020000	93.0
1030000	88.0
1040000	113.0
1050000	96.0
1060000	73.0
1070000	94.0
1080000	98.0
1090000	105.0
1100000	99.0
1110000	84.0
1120000	103.0
1130000	69.0
1140000	71.0
1150000	89.0
1160000	72.0
1170000	89.0
1180000	105.0
1190000	90.0
1200000	101.0
1210000	117.0
1220000	110.0
1230000	106.0
1240000	84.0
1250000	102.0
1260000	101.0
1270000	93.0
1280000	110.0
1290000	84.0
1300000	102.0
1310000	113.0
1320000	111.0
1330000	91.0
1340000	109.0
1350000	109.0
1360000	82.0
1370000	93.0
1380000	112.0
1390000	101.0
1400000	116.0
1410000	91.0
1420000	93.0
1430000	104.0
1440000	108.0
1450000	119.0
1460000	112.0
1470000	112.0
1480000	102.0
1490000	100.0
1500000	88.0
1510000	87.0
1520000	114.0
1530000	105.0
1540000	117.0
1550000	119.0
1560000	102.0
1570000	98.0
1580000	113.0
1590000	116.0
1600000	113.0
1610000	111.0
1620000	95.0
1630000	112.0
1640000	115.0
1650000	108.0
1660000	97.0
1670000	84.0
1680000	75.0
1690000	119.0
1700000	76.0
1710000	112.0
1720000	103.0
1730000	107.0
1740000	59.0
1750000	92.0
1760000	86.0
1770000	96.0
1780000	115.0
1790000	118.0
1800000	100.0
1810000	113.0
1820000	116.0
1830000	101.0
1840000	112.0
1850000	97.0
1860000	121.0
1870000	113.0
1880000	95.0
1890000	95.0
1900000	118.0
1910000	121.0
1920000	116.0
1930000	117.0
1940000	105.0
1950000	97.0
1960000	114.0
1970000	115.0
1980000	103.0
1990000	112.0
2000000	114.0
2010000	117.0
2020000	122.0
2030000	117.0
2040000	110.0
2050000	116.0
2060000	106.0
2070000	112.0
2080000	118.0
2090000	101.0
2100000	109.0
2110000	88.0
2120000	98.0
2130000	112.0
2140000	115.0
2150000	109.0
2160000	105.0
2170000	115.0
2180000	66.0
2190000	4.0
2200000	45.0
2210000	49.0
2220000	101.0
2230000	106.0
2240000	109.0
2250000	105.0
2260000	95.0
2270000	103.0
2280000	60.0
2290000	112.0
2300000	98.0
2310000	89.0
2320000	78.0
2330000	62.0
2340000	78.0
2350000	100.0
2360000	98.0
2370000	109.0
2380000	85.0
2390000	123.0
2400000	113.0
2410000	111.0
2420000	123.0
2430000	116.0
2440000	119.0
2450000	118.0
2460000	118.0
2470000	119.0
2480000	110.0
2490000	68.0
2500000	79.0
2510000	114.0
2520000	124.0
2530000	117.0
2540000	94.0
2550000	123.0
2560000	114.0
2570000	123.0
2580000	121.0
2590000	122.0
2600000	114.0
2610000	108.0
2620000	103.0
2630000	98.0
2640000	122.0
2650000	115.0
2660000	111.0
2670000	116.0
2680000	85.0
2690000	29.0
2700000	120.0
2710000	106.0
2720000	109.0
2730000	116.0
2740000	124.0
2750000	121.0
2760000	125.0
2770000	120.0
2780000	111.0
2790000	120.0
2800000	105.0
2810000	109.0
2820000	117.0
2830000	44.0
2840000	120.0
2850000	104.0
2860000	104.0
2870000	101.0
2880000	77.0
2890000	83.0
2900000	63.0
2910000	109.0
2920000	113.0
2930000	125.0
2940000	114.0
2950000	122.0
2960000	119.0
2970000	123.0
2980000	112.0
2990000	106.0
3000000	90.0
3010000	121.0
3020000	119.0
3030000	118.0
3040000	103.0
3050000	109.0
3060000	114.0
3070000	116.0
3080000	102.0
3090000	96.0
3100000	110.0
3110000	119.0
3120000	117.0
3130000	118.0
3140000	125.0
3150000	104.0
3160000	110.0
3170000	119.0
3180000	123.0
3190000	116.0
3200000	117.0
3210000	53.0
3220000	94.0
3230000	81.0
3240000	92.0
3250000	114.0
3260000	107.0
3270000	123.0
3280000	123.0
3290000	116.0
3300000	113.0
3310000	115.0
3320000	128.0
3330000	125.0
3340000	103.0
3350000	126.0
3360000	109.0
3370000	30.0
3380000	64.0
3390000	114.0
3400000	80.0
3410000	111.0
3420000	112.0
3430000	116.0
3440000	125.0
3450000	121.0
3460000	121.0
3470000	117.0
3480000	109.0
3490000	106.0
3500000	114.0
3510000	109.0
3520000	106.0
3530000	112.0
3540000	118.0
3550000	109.0
3560000	121.0
3570000	119.0
3580000	115.0
3590000	129.0
3600000	124.0
3610000	121.0
3620000	106.0
3630000	124.0
3640000	114.0
3650000	115.0
3660000	109.0
3670000	99.0
3680000	105.0
3690000	123.0
3700000	127.0
3710000	123.0
3720000	102.0
3730000	115.0
3740000	123.0
3750000	107.0
3760000	109.0
3770000	128.0
3780000	117.0
3790000	116.0
3800000	125.0
3810000	129.0
3820000	126.0
3830000	123.0
3840000	110.0
3850000	90.0
3860000	92.0
3870000	89.0
3880000	125.0
3890000	101.0
3900000	133.0
3910000	128.0
3920000	125.0
3930000	118.0
3940000	122.0
3950000	125.0
3960000	106.0
3970000	113.0
3980000	116.0
3990000	109.0
4000000	116.0
4010000	118.0
4020000	118.0
4030000	68.0
4040000	125.0
4050000	124.0
4060000	128.0
4070000	63.0
4080000	123.0
4090000	116.0
4100000	101.0
4110000	125.0
4120000	124.0
4130000	123.0
4140000	117.0
4150000	131.0
4160000	123.0
4170000	122.0
4180000	120.0
4190000	130.0
4200000	126.0
4210000	117.0
4220000	125.0
4230000	126.0
4240000	122.0
4250000	125.0
4260000	105.0
4270000	71.0
4280000	121.0
4290000	109.0
4300000	130.0
4310000	92.0
4320000	121.0
4330000	118.0
4340000	125.0
4350000	115.0
4360000	121.0
4370000	125.0
4380000	117.0
4390000	129.0
4400000	125.0
4410000	132.0
4420000	107.0
4430000	115.0
4440000	121.0
4450000	118.0
4460000	114.0
4470000	126.0
4480000	126.0
4490000	127.0
4500000	128.0
4510000	106.0
4520000	100.0
4530000	125.0
4540000	125.0
4550000	132.0
4560000	123.0
4570000	118.0
4580000	125.0
4590000	107.0
4600000	127.0
4610000	131.0
4620000	125.0
4630000	115.0
4640000	125.0
4650000	98.0
4660000	121.0
4670000	119.0
4680000	124.0
4690000	125.0
4700000	112.0
4710000	83.0
4720000	130.0
4730000	129.0
4740000	122.0
4750000	126.0
4760000	120.0
4770000	117.0
4780000	119.0
4790000	85.0
4800000	112.0
4810000	107.0
4820000	125.0
4830000	124.0
4840000	98.0
4850000	116.0
4860000	123.0
4870000	118.0
4880000	109.0
4890000	116.0
4900000	119.0
4910000	118.0
4920000	127.0
4930000	125.0
4940000	126.0
4950000	122.0
4960000	120.0
4970000	129.0
4980000	120.0
4990000	122.0
5000000	117.0
