10000	2.0
20000	1.0
30000	2.0
40000	0.0
50000	2.0
60000	1.0
70000	1.0
80000	1.0
90000	2.0
100000	1.0
110000	3.0
120000	1.0
130000	1.0
140000	1.0
150000	1.0
160000	1.0
170000	2.0
180000	2.0
190000	2.0
200000	1.0
210000	1.0
220000	3.0
230000	2.0
240000	1.0
250000	2.0
260000	0.0
270000	1.0
280000	3.0
290000	1.0
300000	2.0
310000	4.0
320000	1.0
330000	2.0
340000	1.0
350000	1.0
360000	1.0
370000	2.0
380000	0.0
390000	0.0
400000	2.0
410000	1.0
420000	1.0
430000	3.0
440000	11.0
450000	13.0
460000	15.0
470000	13.0
480000	30.0
490000	49.0
500000	58.0
510000	91.0
520000	82.0
530000	48.0
540000	81.0
550000	83.0
560000	65.0
570000	81.0
580000	93.0
590000	84.0
600000	82.0
610000	73.0
620000	97.0
630000	85.0
640000	95.0
650000	98.0
660000	91.0
670000	97.0
680000	93.0
690000	93.0
700000	100.0
710000	108.0
720000	73.0
730000	103.0
740000	106.0
750000	117.0
760000	108.0
770000	112.0
780000	105.0
790000	114.0
800000	110.0
810000	114.0
820000	113.0
830000	110.0
840000	113.0
850000	114.0
860000	107.0
870000	117.0
880000	114.0
890000	116.0
900000	118.0
910000	119.0
920000	116.0
930000	114.0
940000	98.0
950000	116.0
960000	115.0
970000	117.0
980000	122.0
990000	115.0
1000000	115.0
1010000	118.0
1020000	116.0
1030000	113.0
1040000	123.0
1050000	124.0
1060000	121.0
1070000	119.0
1080000	119.0
1090000	120.0
1100000	115.0
1110000	118.0
1120000	109.0
1130000	119.0
1140000	122.0
1150000	123.0
1160000	126.0
1170000	124.0
1180000	122.0
1190000	119.0
1200000	119.0
1210000	125.0
1220000	118.0
1230000	126.0
1240000	116.0
1250000	126.0
1260000	117.0
1270000	124.0
1280000	126.0
1290000	122.0
1300000	123.0
1310000	123.0
1320000	125.0
1330000	122.0
1340000	123.0
1350000	125.0
1360000	116.0
1370000	127.0
1380000	129.0
1390000	119.0
1400000	129.0
1410000	124.0
1420000	124.0
1430000	120.0
1440000	126.0
1450000	125.0
1460000	119.0
1470000	122.0
1480000	124.0
1490000	125.0
1500000	125.0
1510000	127.0
1520000	118.0
1530000	131.0
1540000	126.0
1550000	127.0
1560000	123.0
1570000	126.0
1580000	125.0
1590000	126.0
1600000	127.0
1610000	125.0
1620000	129.0
1630000	122.0
1640000	127.0
1650000	125.0
1660000	126.0
1670000	132.0
1680000	119.0
1690000	126.0
1700000	128.0
1710000	128.0
1720000	129.0
1730000	127.0
1740000	129.0
1750000	126.0
1760000	126.0
1770000	129.0
1780000	123.0
1790000	121.0
1800000	124.0
1810000	129.0
1820000	126.0
1830000	127.0
1840000	127.0
1850000	125.0
1860000	127.0
1870000	128.0
1880000	133.0
1890000	131.0
1900000	129.0
1910000	132.0
1920000	130.0
1930000	131.0
1940000	127.0
1950000	125.0
1960000	128.0
1970000	131.0
1980000	132.0
1990000	127.0
2000000	129.0
2010000	130.0
2020000	131.0
2030000	132.0
2040000	133.0
2050000	126.0
2060000	127.0
2070000	130.0
2080000	129.0
2090000	130.0
2100000	132.0
2110000	132.0
2120000	131.0
2130000	130.0
2140000	130.0
2150000	132.0
2160000	128.0
2170000	117.0
2180000	132.0
2190000	131.0
2200000	129.0
2210000	130.0
2220000	130.0
2230000	130.0
2240000	129.0
2250000	131.0
2260000	130.0
2270000	130.0
2280000	129.0
2290000	130.0
2300000	131.0
2310000	128.0
2320000	131.0
2330000	134.0
2340000	133.0
2350000	130.0
2360000	134.0
2370000	131.0
2380000	132.0
2390000	129.0
2400000	127.0
2410000	132.0
2420000	129.0
2430000	121.0
2440000	132.0
2450000	128.0
2460000	131.0
2470000	131.0
2480000	131.0
2490000	131.0
2500000	128.0
2510000	134.0
2520000	131.0
2530000	130.0
2540000	132.0
2550000	133.0
2560000	130.0
2570000	130.0
2580000	134.0
2590000	130.0
2600000	133.0
2610000	130.0
2620000	130.0
2630000	129.0
2640000	131.0
2650000	132.0
2660000	131.0
2670000	133.0
2680000	129.0
2690000	133.0
2700000	132.0
2710000	132.0
2720000	131.0
2730000	131.0
2740000	133.0
2750000	131.0
2760000	130.0
2770000	130.0
2780000	125.0
2790000	129.0
2800000	129.0
2810000	131.0
2820000	134.0
2830000	128.0
2840000	111.0
2850000	31.0
2860000	30.0
2870000	104.0
2880000	135.0
2890000	130.0
2900000	134.0
2910000	133.0
2920000	135.0
2930000	133.0
2940000	132.0
2950000	133.0
2960000	134.0
2970000	133.0
2980000	127.0
2990000	133.0
3000000	130.0
3010000	132.0
3020000	134.0
3030000	135.0
3040000	120.0
3050000	129.0
3060000	133.0
3070000	130.0
3080000	111.0
3090000	132.0
3100000	133.0
3110000	133.0
3120000	132.0
3130000	131.0
3140000	127.0
3150000	133.0
3160000	131.0
3170000	132.0
3180000	55.0
3190000	127.0
3200000	128.0
3210000	132.0
3220000	131.0
3230000	132.0
3240000	131.0
3250000	132.0
3260000	131.0
3270000	133.0
3280000	134.0
3290000	132.0
3300000	132.0
3310000	132.0
3320000	133.0
3330000	134.0
3340000	135.0
3350000	134.0
3360000	131.0
3370000	132.0
3380000	126.0
3390000	133.0
3400000	128.0
3410000	133.0
3420000	133.0
3430000	133.0
3440000	131.0
3450000	136.0
3460000	128.0
3470000	134.0
3480000	131.0
3490000	133.0
3500000	135.0
3510000	132.0
3520000	133.0
3530000	134.0
3540000	134.0
3550000	130.0
3560000	134.0
3570000	135.0
3580000	133.0
3590000	133.0
3600000	135.0
3610000	131.0
3620000	131.0
3630000	131.0
3640000	134.0
3650000	129.0
3660000	132.0
3670000	134.0
3680000	131.0
3690000	132.0
3700000	136.0
3710000	136.0
3720000	132.0
3730000	128.0
3740000	134.0
3750000	134.0
3760000	130.0
3770000	133.0
3780000	134.0
3790000	128.0
3800000	133.0
3810000	133.0
3820000	132.0
3830000	135.0
3840000	130.0
3850000	134.0
3860000	133.0
3870000	132.0
3880000	136.0
3890000	133.0
3900000	135.0
3910000	133.0
3920000	135.0
3930000	133.0
3940000	131.0
3950000	132.0
3960000	136.0
3970000	136.0
3980000	136.0
3990000	133.0
4000000	133.0
4010000	132.0
4020000	133.0
4030000	134.0
4040000	134.0
4050000	135.0
4060000	132.0
4070000	130.0
4080000	134.0
4090000	135.0
4100000	135.0
4110000	134.0
4120000	133.0
4130000	135.0
4140000	131.0
4150000	135.0
4160000	132.0
4170000	134.0
4180000	137.0
4190000	131.0
4200000	130.0
4210000	134.0
4220000	126.0
4230000	133.0
4240000	132.0
4250000	134.0
4260000	131.0
4270000	132.0
4280000	134.0
4290000	132.0
4300000	130.0
4310000	135.0
4320000	135.0
4330000	133.0
4340000	134.0
4350000	134.0
4360000	133.0
4370000	135.0
4380000	131.0
4390000	136.0
4400000	135.0
4410000	134.0
4420000	132.0
4430000	136.0
4440000	134.0
4450000	134.0
4460000	134.0
4470000	134.0
4480000	134.0
4490000	131.0
4500000	133.0
4510000	133.0
4520000	134.0
4530000	134.0
4540000	132.0
4550000	132.0
4560000	132.0
4570000	137.0
4580000	134.0
4590000	134.0
4600000	133.0
4610000	132.0
4620000	139.0
4630000	133.0
4640000	130.0
4650000	133.0
4660000	130.0
4670000	134.0
4680000	133.0
4690000	134.0
4700000	133.0
4710000	129.0
4720000	134.0
4730000	130.0
4740000	134.0
4750000	129.0
4760000	100.0
4770000	132.0
4780000	133.0
4790000	135.0
4800000	136.0
4810000	134.0
4820000	132.0
4830000	135.0
4840000	134.0
4850000	134.0
4860000	135.0
4870000	134.0
4880000	132.0
4890000	131.0
4900000	133.0
4910000	134.0
4920000	132.0
4930000	134.0
4940000	135.0
4950000	132.0
4960000	134.0
4970000	133.0
4980000	123.0
4990000	103.0
5000000	137.0
