10000	2.0
20000	2.0
30000	0.0
40000	1.0
50000	1.0
60000	3.0
70000	1.0
80000	3.0
90000	0.0
100000	1.0
110000	3.0
120000	3.0
130000	2.0
140000	2.0
150000	0.0
160000	3.0
170000	3.0
180000	1.0
190000	2.0
200000	1.0
210000	0.0
220000	0.0
230000	1.0
240000	1.0
250000	2.0
260000	2.0
270000	1.0
280000	1.0
290000	0.0
300000	1.0
310000	2.0
320000	2.0
330000	1.0
340000	0.0
350000	2.0
360000	7.0
370000	4.0
380000	6.0
390000	8.0
400000	13.0
410000	31.0
420000	30.0
430000	58.0
440000	62.0
450000	52.0
460000	62.0
470000	75.0
480000	74.0
490000	69.0
500000	78.0
510000	90.0
520000	97.0
530000	94.0
540000	91.0
550000	85.0
560000	99.0
570000	88.0
580000	111.0
590000	99.0
600000	93.0
610000	108.0
620000	121.0
630000	107.0
640000	106.0
650000	117.0
660000	114.0
670000	115.0
680000	115.0
690000	115.0
700000	115.0
710000	112.0
720000	112.0
730000	118.0
740000	106.0
750000	112.0
760000	121.0
770000	117.0
780000	115.0
790000	121.0
800000	109.0
810000	119.0
820000	113.0
830000	125.0
840000	115.0
850000	75.0
860000	114.0
870000	122.0
880000	128.0
890000	126.0
900000	121.0
910000	116.0
920000	119.0
930000	111.0
940000	124.0
950000	126.0
960000	116.0
970000	114.0
980000	122.0
990000	114.0
1000000	111.0
1010000	128.0
1020000	124.0
1030000	121.0
1040000	125.0
1050000	121.0
1060000	114.0
1070000	118.0
1080000	116.0
1090000	119.0
1100000	129.0
1110000	129.0
1120000	130.0
1130000	125.0
1140000	127.0
1150000	129.0
1160000	124.0
1170000	127.0
1180000	116.0
1190000	115.0
1200000	125.0
1210000	128.0
1220000	125.0
1230000	127.0
1240000	124.0
1250000	129.0
1260000	126.0
1270000	128.0
1280000	121.0
1290000	130.0
1300000	129.0
1310000	130.0
1320000	120.0
1330000	128.0
1340000	126.0
1350000	125.0
1360000	129.0
1370000	128.0
1380000	126.0
1390000	129.0
1400000	101.0
1410000	129.0
1420000	128.0
1430000	92.0
1440000	130.0
1450000	127.0
1460000	126.0
1470000	123.0
1480000	129.0
1490000	133.0
1500000	130.0
1510000	128.0
1520000	127.0
1530000	128.0
1540000	125.0
1550000	133.0
1560000	126.0
1570000	125.0
1580000	127.0
1590000	131.0
1600000	116.0
1610000	130.0
1620000	130.0
1630000	126.0
1640000	133.0
1650000	127.0
1660000	130.0
1670000	132.0
1680000	131.0
1690000	130.0
1700000	132.0
1710000	88.0
1720000	92.0
1730000	130.0
1740000	128.0
1750000	128.0
1760000	132.0
1770000	131.0
1780000	132.0
1790000	129.0
1800000	129.0
1810000	122.0
1820000	128.0
1830000	131.0
1840000	130.0
1850000	130.0
1860000	130.0
1870000	129.0
1880000	132.0
1890000	129.0
1900000	128.0
1910000	129.0
1920000	75.0
1930000	131.0
1940000	132.0
1950000	129.0
1960000	129.0
1970000	129.0
1980000	134.0
1990000	130.0
2000000	129.0
2010000	129.0
2020000	128.0
2030000	128.0
2040000	130.0
2050000	131.0
2060000	128.0
2070000	130.0
2080000	131.0
2090000	129.0
2100000	129.0
2110000	131.0
2120000	104.0
2130000	132.0
2140000	129.0
2150000	135.0
2160000	133.0
2170000	135.0
2180000	129.0
2190000	130.0
2200000	129.0
2210000	130.0
2220000	131.0
2230000	133.0
2240000	129.0
2250000	100.0
2260000	131.0
2270000	134.0
2280000	132.0
2290000	134.0
2300000	132.0
2310000	133.0
2320000	133.0
2330000	130.0
2340000	134.0
2350000	133.0
2360000	132.0
2370000	130.0
2380000	132.0
2390000	132.0
2400000	131.0
2410000	134.0
2420000	131.0
2430000	77.0
2440000	135.0
2450000	133.0
2460000	131.0
2470000	133.0
2480000	132.0
2490000	133.0
2500000	131.0
2510000	129.0
2520000	131.0
2530000	133.0
2540000	132.0
2550000	132.0
2560000	134.0
2570000	133.0
2580000	133.0
2590000	128.0
2600000	134.0
2610000	134.0
2620000	133.0
2630000	130.0
2640000	135.0
2650000	131.0
2660000	135.0
2670000	134.0
2680000	134.0
2690000	132.0
2700000	132.0
2710000	133.0
2720000	135.0
2730000	136.0
2740000	129.0
2750000	67.0
2760000	130.0
2770000	135.0
2780000	136.0
2790000	133.0
2800000	133.0
2810000	130.0
2820000	132.0
2830000	133.0
2840000	133.0
2850000	135.0
2860000	132.0
2870000	133.0
2880000	133.0
2890000	133.0
2900000	132.0
2910000	132.0
2920000	134.0
2930000	132.0
2940000	134.0
2950000	133.0
2960000	132.0
2970000	133.0
2980000	132.0
2990000	132.0
3000000	134.0
3010000	130.0
3020000	133.0
3030000	134.0
3040000	131.0
3050000	133.0
3060000	63.0
3070000	131.0
3080000	133.0
3090000	133.0
3100000	135.0
3110000	133.0
3120000	135.0
3130000	133.0
3140000	134.0
3150000	134.0
3160000	134.0
3170000	135.0
3180000	132.0
3190000	134.0
3200000	132.0
3210000	134.0
3220000	136.0
3230000	134.0
3240000	133.0
3250000	134.0
3260000	131.0
3270000	136.0
3280000	134.0
3290000	134.0
3300000	134.0
3310000	134.0
3320000	134.0
3330000	133.0
3340000	134.0
3350000	133.0
3360000	135.0
3370000	132.0
3380000	133.0
3390000	135.0
3400000	134.0
3410000	133.0
3420000	136.0
3430000	136.0
3440000	133.0
3450000	134.0
3460000	135.0
3470000	133.0
3480000	132.0
3490000	135.0
3500000	133.0
3510000	137.0
3520000	132.0
3530000	137.0
3540000	135.0
3550000	133.0
3560000	134.0
3570000	133.0
3580000	135.0
3590000	135.0
3600000	134.0
3610000	135.0
3620000	85.0
3630000	129.0
3640000	137.0
3650000	133.0
3660000	136.0
3670000	134.0
3680000	133.0
3690000	135.0
3700000	135.0
3710000	132.0
3720000	136.0
3730000	134.0
3740000	134.0
3750000	133.0
3760000	134.0
3770000	133.0
3780000	135.0
3790000	134.0
3800000	133.0
3810000	135.0
3820000	130.0
3830000	136.0
3840000	133.0
3850000	134.0
3860000	134.0
3870000	133.0
3880000	133.0
3890000	134.0
3900000	135.0
3910000	132.0
3920000	133.0
3930000	110.0
3940000	95.0
3950000	133.0
3960000	135.0
3970000	135.0
3980000	136.0
3990000	135.0
4000000	136.0
4010000	136.0
4020000	133.0
4030000	136.0
4040000	132.0
4050000	132.0
4060000	135.0
4070000	134.0
4080000	136.0
4090000	133.0
4100000	134.0
4110000	134.0
4120000	134.0
4130000	136.0
4140000	132.0
4150000	133.0
4160000	135.0
4170000	132.0
4180000	136.0
4190000	135.0
4200000	134.0
4210000	134.0
4220000	135.0
4230000	136.0
4240000	136.0
4250000	132.0
4260000	135.0
4270000	133.0
4280000	133.0
4290000	134.0
4300000	133.0
4310000	132.0
4320000	133.0
4330000	135.0
4340000	131.0
4350000	135.0
4360000	135.0
4370000	64.0
4380000	132.0
4390000	133.0
4400000	134.0
4410000	134.0
4420000	134.0
4430000	135.0
4440000	134.0
4450000	134.0
4460000	135.0
4470000	132.0
4480000	133.0
4490000	132.0
4500000	132.0
4510000	136.0
4520000	132.0
4530000	134.0
4540000	136.0
4550000	133.0
4560000	137.0
4570000	133.0
4580000	137.0
4590000	131.0
4600000	135.0
4610000	137.0
4620000	134.0
4630000	134.0
4640000	135.0
4650000	134.0
4660000	135.0
4670000	136.0
4680000	136.0
4690000	135.0
4700000	130.0
4710000	135.0
4720000	135.0
4730000	134.0
4740000	133.0
4750000	136.0
4760000	135.0
4770000	137.0
4780000	134.0
4790000	132.0
4800000	130.0
4810000	135.0
4820000	133.0
4830000	135.0
4840000	134.0
4850000	135.0
4860000	135.0
4870000	132.0
4880000	134.0
4890000	135.0
4900000	135.0
4910000	135.0
4920000	135.0
4930000	135.0
4940000	134.0
4950000	133.0
4960000	133.0
4970000	133.0
4980000	136.0
4990000	134.0
5000000	136.0
