10000	2.0
20000	2.0
30000	0.0
40000	1.0
50000	1.0
60000	3.0
70000	1.0
80000	3.0
90000	0.0
100000	1.0
110000	3.0
120000	3.0
130000	2.0
140000	2.0
150000	0.0
160000	3.0
170000	3.0
180000	1.0
190000	2.0
200000	1.0
210000	1.0
220000	1.0
230000	0.0
240000	0.0
250000	1.0
260000	2.0
270000	3.0
280000	2.0
290000	0.0
300000	2.0
310000	0.0
320000	0.0
330000	0.0
340000	0.0
350000	0.0
360000	5.0
370000	4.0
380000	3.0
390000	0.0
400000	2.0
410000	2.0
420000	2.0
430000	3.0
440000	1.0
450000	4.0
460000	0.0
470000	1.0
480000	0.0
490000	0.0
500000	0.0
510000	0.0
520000	0.0
530000	0.0
540000	0.0
550000	3.0
560000	1.0
570000	4.0
580000	6.0
590000	1.0
600000	2.0
610000	1.0
620000	4.0
630000	2.0
640000	1.0
650000	0.0
660000	0.0
670000	0.0
680000	0.0
690000	0.0
700000	0.0
710000	0.0
720000	1.0
730000	1.0
740000	0.0
750000	1.0
760000	3.0
770000	1.0
780000	0.0
790000	0.0
800000	1.0
810000	2.0
820000	4.0
830000	1.0
840000	4.0
850000	5.0
860000	7.0
870000	13.0
880000	15.0
890000	7.0
900000	17.0
910000	7.0
920000	11.0
930000	8.0
940000	16.0
950000	31.0
960000	33.0
970000	38.0
980000	31.0
990000	33.0
1000000	61.0
1010000	39.0
1020000	53.0
1030000	58.0
1040000	57.0
1050000	67.0
1060000	56.0
1070000	40.0
1080000	63.0
1090000	60.0
1100000	55.0
1110000	30.0
1120000	44.0
1130000	42.0
1140000	41.0
1150000	55.0
1160000	39.0
1170000	52.0
1180000	50.0
1190000	67.0
1200000	60.0
1210000	58.0
1220000	52.0
1230000	53.0
1240000	54.0
1250000	74.0
1260000	53.0
1270000	59.0
1280000	54.0
1290000	50.0
1300000	73.0
1310000	66.0
1320000	57.0
1330000	72.0
1340000	77.0
1350000	62.0
1360000	66.0
1370000	55.0
1380000	65.0
1390000	63.0
1400000	69.0
1410000	60.0
1420000	45.0
1430000	55.0
1440000	48.0
1450000	43.0
1460000	52.0
1470000	62.0
1480000	56.0
1490000	63.0
1500000	46.0
1510000	68.0
1520000	83.0
1530000	70.0
1540000	73.0
1550000	68.0
1560000	55.0
1570000	72.0
1580000	72.0
1590000	57.0
1600000	48.0
1610000	50.0
1620000	59.0
1630000	48.0
1640000	75.0
1650000	61.0
1660000	72.0
1670000	69.0
1680000	78.0
1690000	54.0
1700000	64.0
1710000	74.0
1720000	60.0
1730000	77.0
1740000	83.0
1750000	64.0
1760000	62.0
1770000	82.0
1780000	50.0
1790000	46.0
1800000	75.0
1810000	66.0
1820000	68.0
1830000	52.0
1840000	72.0
1850000	75.0
1860000	62.0
1870000	68.0
1880000	65.0
1890000	58.0
1900000	55.0
1910000	80.0
1920000	73.0
1930000	74.0
1940000	78.0
1950000	69.0
1960000	67.0
1970000	65.0
1980000	83.0
1990000	83.0
2000000	75.0
2010000	84.0
2020000	85.0
2030000	63.0
2040000	75.0
2050000	64.0
2060000	79.0
2070000	74.0
2080000	73.0
2090000	69.0
2100000	77.0
2110000	89.0
2120000	83.0
2130000	70.0
2140000	82.0
2150000	70.0
2160000	67.0
2170000	87.0
2180000	77.0
2190000	51.0
2200000	86.0
2210000	73.0
2220000	66.0
2230000	96.0
2240000	78.0
2250000	82.0
2260000	79.0
2270000	89.0
2280000	82.0
2290000	52.0
2300000	72.0
2310000	72.0
2320000	78.0
2330000	81.0
2340000	55.0
2350000	81.0
2360000	87.0
2370000	63.0
2380000	90.0
2390000	87.0
2400000	84.0
2410000	82.0
2420000	85.0
2430000	75.0
2440000	68.0
2450000	99.0
2460000	71.0
2470000	75.0
2480000	67.0
2490000	83.0
2500000	90.0
2510000	85.0
2520000	72.0
2530000	88.0
2540000	90.0
2550000	83.0
2560000	88.0
2570000	82.0
2580000	74.0
2590000	82.0
2600000	85.0
2610000	71.0
2620000	70.0
2630000	76.0
2640000	89.0
2650000	70.0
2660000	47.0
2670000	78.0
2680000	65.0
2690000	77.0
2700000	75.0
2710000	73.0
2720000	94.0
2730000	90.0
2740000	82.0
2750000	94.0
2760000	72.0
2770000	78.0
2780000	73.0
2790000	83.0
2800000	89.0
2810000	90.0
2820000	86.0
2830000	85.0
2840000	86.0
2850000	84.0
2860000	74.0
2870000	79.0
2880000	74.0
2890000	75.0
2900000	68.0
2910000	58.0
2920000	81.0
2930000	91.0
2940000	93.0
2950000	80.0
2960000	76.0
2970000	80.0
2980000	83.0
2990000	74.0
3000000	92.0
3010000	96.0
3020000	77.0
3030000	84.0
3040000	78.0
3050000	85.0
3060000	93.0
3070000	81.0
3080000	87.0
3090000	79.0
3100000	78.0
3110000	87.0
3120000	86.0
3130000	83.0
3140000	89.0
3150000	94.0
3160000	83.0
3170000	73.0
3180000	88.0
3190000	84.0
3200000	99.0
3210000	88.0
3220000	82.0
3230000	94.0
3240000	78.0
3250000	94.0
3260000	91.0
3270000	85.0
3280000	87.0
3290000	80.0
3300000	90.0
3310000	96.0
3320000	75.0
3330000	75.0
3340000	100.0
3350000	94.0
3360000	78.0
3370000	103.0
3380000	80.0
3390000	82.0
3400000	101.0
3410000	48.0
3420000	89.0
3430000	100.0
3440000	96.0
3450000	84.0
3460000	78.0
3470000	82.0
3480000	89.0
3490000	79.0
3500000	76.0
3510000	90.0
3520000	89.0
3530000	77.0
3540000	88.0
3550000	92.0
3560000	70.0
3570000	85.0
3580000	75.0
3590000	86.0
3600000	91.0
3610000	97.0
3620000	99.0
3630000	104.0
3640000	98.0
3650000	66.0
3660000	78.0
3670000	87.0
3680000	93.0
3690000	93.0
3700000	90.0
3710000	109.0
3720000	98.0
3730000	84.0
3740000	110.0
3750000	105.0
3760000	93.0
3770000	96.0
3780000	89.0
3790000	92.0
3800000	94.0
3810000	89.0
3820000	96.0
3830000	103.0
3840000	91.0
3850000	89.0
3860000	81.0
3870000	98.0
3880000	95.0
3890000	97.0
3900000	89.0
3910000	98.0
3920000	101.0
3930000	93.0
3940000	66.0
3950000	94.0
3960000	77.0
3970000	86.0
3980000	90.0
3990000	95.0
4000000	94.0
