10000	0.0
20000	2.0
30000	2.0
40000	2.0
50000	0.0
60000	0.0
70000	3.0
80000	0.0
90000	1.0
100000	1.0
110000	0.0
120000	2.0
130000	2.0
140000	3.0
150000	1.0
160000	2.0
170000	1.0
180000	1.0
190000	1.0
200000	1.0
210000	1.0
220000	1.0
230000	0.0
240000	2.0
250000	1.0
260000	3.0
270000	0.0
280000	2.0
290000	0.0
300000	0.0
310000	0.0
320000	0.0
330000	0.0
340000	3.0
350000	3.0
360000	2.0
370000	2.0
380000	4.0
390000	4.0
400000	3.0
410000	2.0
420000	3.0
430000	3.0
440000	6.0
450000	6.0
460000	8.0
470000	11.0
480000	8.0
490000	4.0
500000	5.0
510000	1.0
520000	2.0
530000	0.0
540000	1.0
550000	1.0
560000	0.0
570000	0.0
580000	1.0
590000	0.0
600000	1.0
610000	2.0
620000	1.0
630000	1.0
640000	0.0
650000	4.0
660000	0.0
670000	2.0
680000	1.0
690000	1.0
700000	1.0
710000	0.0
720000	0.0
730000	0.0
740000	0.0
750000	1.0
760000	1.0
770000	0.0
780000	2.0
790000	3.0
800000	2.0
810000	6.0
820000	7.0
830000	19.0
840000	15.0
850000	8.0
860000	8.0
870000	10.0
880000	8.0
890000	0.0
900000	1.0
910000	1.0
920000	2.0
930000	3.0
940000	2.0
950000	0.0
960000	2.0
970000	1.0
980000	2.0
990000	0.0
1000000	1.0
1010000	1.0
1020000	2.0
1030000	2.0
1040000	2.0
1050000	2.0
1060000	3.0
1070000	2.0
1080000	1.0
1090000	1.0
1100000	2.0
1110000	1.0
1120000	2.0
1130000	0.0
1140000	1.0
1150000	2.0
1160000	0.0
1170000	1.0
1180000	1.0
1190000	0.0
1200000	0.0
1210000	1.0
1220000	2.0
1230000	1.0
1240000	0.0
1250000	2.0
1260000	0.0
1270000	3.0
1280000	0.0
1290000	1.0
1300000	1.0
1310000	0.0
1320000	1.0
1330000	1.0
1340000	1.0
1350000	2.0
1360000	0.0
1370000	1.0
1380000	2.0
1390000	2.0
1400000	1.0
1410000	3.0
1420000	0.0
1430000	0.0
1440000	3.0
1450000	2.0
1460000	3.0
1470000	3.0
1480000	1.0
1490000	0.0
1500000	0.0
1510000	0.0
1520000	0.0
1530000	4.0
1540000	3.0
1550000	4.0
1560000	4.0
1570000	3.0
1580000	2.0
1590000	5.0
1600000	7.0
1610000	6.0
1620000	1.0
1630000	7.0
1640000	4.0
1650000	13.0
1660000	2.0
1670000	17.0
1680000	13.0
1690000	16.0
1700000	6.0
1710000	16.0
1720000	4.0
1730000	22.0
1740000	13.0
1750000	25.0
1760000	42.0
1770000	25.0
1780000	27.0
1790000	44.0
1800000	35.0
1810000	25.0
1820000	21.0
1830000	31.0
1840000	34.0
1850000	41.0
1860000	34.0
1870000	30.0
1880000	26.0
1890000	41.0
1900000	30.0
1910000	31.0
1920000	39.0
1930000	26.0
1940000	32.0
1950000	27.0
1960000	42.0
1970000	49.0
1980000	47.0
1990000	22.0
2000000	44.0
2010000	37.0
2020000	41.0
2030000	41.0
2040000	48.0
2050000	57.0
2060000	57.0
2070000	53.0
2080000	50.0
2090000	58.0
2100000	39.0
2110000	49.0
2120000	56.0
2130000	62.0
2140000	30.0
2150000	51.0
2160000	30.0
2170000	55.0
2180000	47.0
2190000	69.0
2200000	55.0
2210000	55.0
2220000	57.0
2230000	61.0
2240000	61.0
2250000	69.0
2260000	54.0
2270000	47.0
2280000	38.0
2290000	26.0
2300000	65.0
2310000	32.0
2320000	53.0
2330000	52.0
2340000	50.0
2350000	50.0
2360000	52.0
2370000	48.0
2380000	43.0
2390000	49.0
2400000	50.0
2410000	67.0
2420000	58.0
2430000	55.0
2440000	55.0
2450000	39.0
2460000	67.0
2470000	74.0
2480000	63.0
2490000	58.0
2500000	64.0
2510000	64.0
2520000	67.0
2530000	61.0
2540000	65.0
2550000	66.0
2560000	57.0
2570000	51.0
2580000	56.0
2590000	67.0
2600000	68.0
2610000	56.0
2620000	53.0
2630000	71.0
2640000	76.0
2650000	56.0
2660000	49.0
2670000	74.0
2680000	54.0
2690000	65.0
2700000	52.0
2710000	73.0
2720000	69.0
2730000	70.0
2740000	75.0
2750000	53.0
2760000	54.0
2770000	66.0
2780000	78.0
2790000	73.0
2800000	66.0
2810000	66.0
2820000	66.0
2830000	78.0
2840000	56.0
2850000	43.0
2860000	61.0
2870000	58.0
2880000	69.0
2890000	60.0
2900000	80.0
2910000	65.0
2920000	67.0
2930000	78.0
2940000	52.0
2950000	58.0
2960000	75.0
2970000	52.0
2980000	67.0
2990000	64.0
3000000	53.0
3010000	83.0
3020000	68.0
3030000	81.0
3040000	71.0
3050000	74.0
3060000	69.0
3070000	58.0
3080000	62.0
3090000	72.0
3100000	58.0
3110000	67.0
3120000	73.0
3130000	29.0
3140000	36.0
3150000	86.0
3160000	80.0
3170000	75.0
3180000	72.0
3190000	75.0
3200000	66.0
3210000	73.0
3220000	85.0
3230000	74.0
3240000	62.0
3250000	53.0
3260000	46.0
3270000	77.0
3280000	72.0
3290000	83.0
3300000	70.0
3310000	69.0
3320000	49.0
3330000	59.0
3340000	59.0
3350000	66.0
3360000	69.0
3370000	58.0
3380000	74.0
3390000	70.0
3400000	68.0
3410000	58.0
3420000	64.0
3430000	68.0
3440000	55.0
3450000	69.0
3460000	81.0
3470000	83.0
3480000	85.0
3490000	77.0
3500000	86.0
3510000	69.0
3520000	77.0
3530000	67.0
3540000	87.0
3550000	78.0
3560000	75.0
3570000	43.0
3580000	73.0
3590000	63.0
3600000	61.0
3610000	54.0
3620000	82.0
3630000	74.0
3640000	89.0
3650000	63.0
3660000	55.0
3670000	87.0
3680000	76.0
3690000	76.0
3700000	64.0
3710000	73.0
3720000	58.0
3730000	44.0
3740000	57.0
3750000	64.0
3760000	71.0
3770000	68.0
3780000	41.0
3790000	58.0
3800000	74.0
3810000	67.0
3820000	49.0
3830000	87.0
3840000	79.0
3850000	86.0
3860000	70.0
3870000	67.0
3880000	68.0
3890000	54.0
3900000	81.0
3910000	58.0
3920000	69.0
3930000	64.0
3940000	79.0
3950000	79.0
3960000	84.0
3970000	77.0
3980000	64.0
3990000	77.0
4000000	84.0
