10000	3.0
20000	1.0
30000	2.0
40000	2.0
50000	0.0
60000	3.0
70000	0.0
80000	2.0
90000	2.0
100000	2.0
110000	5.0
120000	1.0
130000	0.0
140000	1.0
150000	2.0
160000	1.0
170000	1.0
180000	1.0
190000	0.0
200000	0.0
210000	1.0
220000	1.0
230000	0.0
240000	2.0
250000	2.0
260000	0.0
270000	1.0
280000	0.0
290000	0.0
300000	2.0
310000	4.0
320000	7.0
330000	0.0
340000	2.0
350000	2.0
360000	1.0
370000	2.0
380000	4.0
390000	1.0
400000	2.0
410000	1.0
420000	4.0
430000	1.0
440000	3.0
450000	0.0
460000	0.0
470000	0.0
480000	0.0
490000	1.0
500000	2.0
510000	2.0
520000	2.0
530000	3.0
540000	4.0
550000	5.0
560000	7.0
570000	8.0
580000	10.0
590000	14.0
600000	9.0
610000	4.0
620000	8.0
630000	7.0
640000	13.0
650000	11.0
660000	17.0
670000	20.0
680000	25.0
690000	17.0
700000	30.0
710000	26.0
720000	23.0
730000	19.0
740000	36.0
750000	32.0
760000	25.0
770000	21.0
780000	27.0
790000	29.0
800000	47.0
810000	26.0
820000	41.0
830000	27.0
840000	37.0
850000	26.0
860000	39.0
870000	58.0
880000	32.0
890000	30.0
900000	22.0
910000	41.0
920000	32.0
930000	58.0
940000	28.0
950000	56.0
960000	43.0
970000	58.0
980000	45.0
990000	54.0
1000000	51.0
1010000	26.0
1020000	47.0
1030000	47.0
1040000	48.0
1050000	46.0
1060000	48.0
1070000	64.0
1080000	57.0
1090000	47.0
1100000	47.0
1110000	43.0
1120000	45.0
1130000	55.0
1140000	55.0
1150000	46.0
1160000	23.0
1170000	47.0
1180000	59.0
1190000	55.0
1200000	50.0
1210000	63.0
1220000	61.0
1230000	54.0
1240000	38.0
1250000	53.0
1260000	62.0
1270000	56.0
1280000	49.0
1290000	50.0
1300000	53.0
1310000	37.0
1320000	47.0
1330000	50.0
1340000	77.0
1350000	55.0
1360000	64.0
1370000	41.0
1380000	5.0
1390000	0.0
1400000	2.0
1410000	1.0
1420000	1.0
1430000	3.0
1440000	4.0
1450000	0.0
1460000	2.0
1470000	1.0
1480000	2.0
1490000	1.0
1500000	1.0
1510000	1.0
1520000	0.0
1530000	0.0
1540000	0.0
1550000	1.0
1560000	1.0
1570000	0.0
1580000	0.0
1590000	3.0
1600000	1.0
1610000	1.0
1620000	2.0
1630000	1.0
1640000	2.0
1650000	2.0
1660000	3.0
1670000	1.0
1680000	0.0
1690000	3.0
1700000	1.0
1710000	1.0
1720000	2.0
1730000	0.0
1740000	1.0
1750000	1.0
1760000	0.0
1770000	0.0
1780000	0.0
1790000	0.0
1800000	1.0
1810000	1.0
1820000	1.0
1830000	1.0
1840000	0.0
1850000	1.0
1860000	2.0
1870000	0.0
1880000	1.0
1890000	0.0
1900000	0.0
1910000	0.0
1920000	2.0
1930000	0.0
1940000	1.0
1950000	1.0
1960000	8.0
1970000	3.0
1980000	3.0
1990000	1.0
2000000	2.0
2010000	9.0
2020000	9.0
2030000	7.0
2040000	9.0
2050000	19.0
2060000	10.0
2070000	14.0
2080000	20.0
2090000	34.0
2100000	26.0
2110000	23.0
2120000	42.0
2130000	26.0
2140000	39.0
2150000	38.0
2160000	43.0
2170000	52.0
2180000	38.0
2190000	40.0
2200000	62.0
2210000	58.0
2220000	35.0
2230000	60.0
2240000	51.0
2250000	37.0
2260000	28.0
2270000	54.0
2280000	46.0
2290000	43.0
2300000	45.0
2310000	49.0
2320000	50.0
2330000	47.0
2340000	46.0
2350000	57.0
2360000	44.0
2370000	40.0
2380000	55.0
2390000	56.0
2400000	47.0
2410000	48.0
2420000	29.0
2430000	60.0
2440000	40.0
2450000	73.0
2460000	64.0
2470000	77.0
2480000	56.0
2490000	66.0
2500000	59.0
2510000	59.0
2520000	65.0
2530000	55.0
2540000	44.0
2550000	64.0
2560000	67.0
2570000	37.0
2580000	60.0
2590000	64.0
2600000	53.0
2610000	66.0
2620000	50.0
2630000	66.0
2640000	71.0
2650000	55.0
2660000	58.0
2670000	55.0
2680000	55.0
2690000	64.0
2700000	60.0
2710000	77.0
2720000	60.0
2730000	72.0
2740000	47.0
2750000	68.0
2760000	71.0
2770000	70.0
2780000	77.0
2790000	64.0
2800000	58.0
2810000	70.0
2820000	65.0
2830000	51.0
2840000	53.0
2850000	67.0
2860000	52.0
2870000	76.0
2880000	80.0
2890000	71.0
2900000	69.0
2910000	68.0
2920000	65.0
2930000	66.0
2940000	61.0
2950000	62.0
2960000	58.0
2970000	58.0
2980000	63.0
2990000	78.0
3000000	73.0
3010000	68.0
3020000	74.0
3030000	85.0
3040000	75.0
3050000	68.0
3060000	73.0
3070000	61.0
3080000	71.0
3090000	83.0
3100000	67.0
3110000	76.0
3120000	70.0
3130000	54.0
3140000	75.0
3150000	71.0
3160000	75.0
3170000	77.0
3180000	75.0
3190000	76.0
3200000	86.0
3210000	81.0
3220000	76.0
3230000	73.0
3240000	64.0
3250000	67.0
3260000	77.0
3270000	74.0
3280000	75.0
3290000	78.0
3300000	87.0
3310000	68.0
3320000	76.0
3330000	81.0
3340000	89.0
3350000	75.0
3360000	87.0
3370000	75.0
3380000	86.0
3390000	66.0
3400000	88.0
3410000	71.0
3420000	89.0
3430000	70.0
3440000	71.0
3450000	58.0
3460000	56.0
3470000	86.0
3480000	55.0
3490000	66.0
3500000	54.0
3510000	79.0
3520000	71.0
3530000	68.0
3540000	72.0
3550000	73.0
3560000	76.0
3570000	83.0
3580000	73.0
3590000	93.0
3600000	73.0
3610000	93.0
3620000	67.0
3630000	67.0
3640000	62.0
3650000	75.0
3660000	81.0
3670000	78.0
3680000	87.0
3690000	70.0
3700000	65.0
3710000	69.0
3720000	85.0
3730000	72.0
3740000	65.0
3750000	71.0
3760000	59.0
3770000	65.0
3780000	73.0
3790000	76.0
3800000	90.0
3810000	61.0
3820000	78.0
3830000	75.0
3840000	71.0
3850000	88.0
3860000	83.0
3870000	89.0
3880000	77.0
3890000	81.0
3900000	85.0
3910000	71.0
3920000	62.0
3930000	87.0
3940000	75.0
3950000	53.0
3960000	69.0
3970000	85.0
3980000	81.0
3990000	75.0
4000000	75.0
