10000	1.0
20000	2.0
30000	1.0
40000	2.0
50000	1.0
60000	2.0
70000	3.0
80000	2.0
90000	1.0
100000	1.0
110000	0.0
120000	3.0
130000	1.0
140000	1.0
150000	2.0
160000	2.0
170000	0.0
180000	1.0
190000	0.0
200000	0.0
210000	1.0
220000	0.0
230000	2.0
240000	0.0
250000	2.0
260000	0.0
270000	2.0
280000	2.0
290000	3.0
300000	2.0
310000	0.0
320000	0.0
330000	0.0
340000	0.0
350000	0.0
360000	0.0
370000	0.0
380000	1.0
390000	2.0
400000	0.0
410000	0.0
420000	2.0
430000	2.0
440000	4.0
450000	5.0
460000	6.0
470000	2.0
480000	5.0
490000	4.0
500000	5.0
510000	3.0
520000	4.0
530000	10.0
540000	4.0
550000	23.0
560000	16.0
570000	15.0
580000	28.0
590000	43.0
600000	27.0
610000	14.0
620000	11.0
630000	18.0
640000	34.0
650000	30.0
660000	16.0
670000	37.0
680000	16.0
690000	30.0
700000	37.0
710000	43.0
720000	41.0
730000	30.0
740000	38.0
750000	40.0
760000	40.0
770000	33.0
780000	44.0
790000	30.0
800000	42.0
810000	15.0
820000	49.0
830000	27.0
840000	36.0
850000	38.0
860000	39.0
870000	51.0
880000	46.0
890000	59.0
900000	43.0
910000	53.0
920000	40.0
930000	48.0
940000	41.0
950000	64.0
960000	51.0
970000	58.0
980000	48.0
990000	65.0
1000000	56.0
1010000	41.0
1020000	52.0
1030000	53.0
1040000	48.0
1050000	61.0
1060000	56.0
1070000	50.0
1080000	63.0
1090000	55.0
1100000	73.0
1110000	53.0
1120000	57.0
1130000	56.0
1140000	48.0
1150000	64.0
1160000	49.0
1170000	54.0
1180000	42.0
1190000	50.0
1200000	62.0
1210000	74.0
1220000	57.0
1230000	54.0
1240000	67.0
1250000	52.0
1260000	49.0
1270000	52.0
1280000	68.0
1290000	80.0
1300000	71.0
1310000	48.0
1320000	70.0
1330000	66.0
1340000	66.0
1350000	59.0
1360000	63.0
1370000	68.0
1380000	70.0
1390000	66.0
1400000	65.0
1410000	69.0
1420000	58.0
1430000	78.0
1440000	56.0
1450000	72.0
1460000	84.0
1470000	44.0
1480000	67.0
1490000	72.0
1500000	95.0
1510000	84.0
1520000	63.0
1530000	65.0
1540000	77.0
1550000	62.0
1560000	79.0
1570000	72.0
1580000	66.0
1590000	74.0
1600000	63.0
1610000	92.0
1620000	72.0
1630000	76.0
1640000	84.0
1650000	60.0
1660000	89.0
1670000	79.0
1680000	73.0
1690000	57.0
1700000	82.0
1710000	56.0
1720000	52.0
1730000	74.0
1740000	96.0
1750000	88.0
1760000	78.0
1770000	87.0
1780000	76.0
1790000	77.0
1800000	81.0
1810000	80.0
1820000	68.0
1830000	79.0
1840000	59.0
1850000	60.0
1860000	50.0
1870000	93.0
1880000	81.0
1890000	58.0
1900000	89.0
1910000	66.0
1920000	81.0
1930000	82.0
1940000	67.0
1950000	78.0
1960000	75.0
1970000	58.0
1980000	61.0
1990000	89.0
2000000	90.0
2010000	77.0
2020000	103.0
2030000	78.0
2040000	87.0
2050000	85.0
2060000	93.0
2070000	87.0
2080000	77.0
2090000	82.0
2100000	79.0
2110000	79.0
2120000	81.0
2130000	96.0
2140000	78.0
2150000	88.0
2160000	83.0
2170000	76.0
2180000	74.0
2190000	84.0
2200000	83.0
2210000	90.0
2220000	84.0
2230000	38.0
2240000	52.0
2250000	73.0
2260000	69.0
2270000	86.0
2280000	75.0
2290000	87.0
2300000	72.0
2310000	80.0
2320000	87.0
2330000	91.0
2340000	93.0
2350000	89.0
2360000	50.0
2370000	91.0
2380000	90.0
2390000	94.0
2400000	74.0
2410000	97.0
2420000	93.0
2430000	85.0
2440000	88.0
2450000	71.0
2460000	91.0
2470000	94.0
2480000	99.0
2490000	78.0
2500000	96.0
2510000	87.0
2520000	90.0
2530000	86.0
2540000	87.0
2550000	90.0
2560000	93.0
2570000	97.0
2580000	99.0
2590000	87.0
2600000	89.0
2610000	82.0
2620000	95.0
2630000	86.0
2640000	79.0
2650000	84.0
2660000	97.0
2670000	86.0
2680000	94.0
2690000	93.0
2700000	92.0
2710000	97.0
2720000	102.0
2730000	98.0
2740000	101.0
2750000	97.0
2760000	38.0
2770000	85.0
2780000	94.0
2790000	83.0
2800000	92.0
2810000	93.0
2820000	96.0
2830000	94.0
2840000	95.0
2850000	92.0
2860000	89.0
2870000	88.0
2880000	94.0
2890000	98.0
2900000	95.0
2910000	94.0
2920000	91.0
2930000	92.0
2940000	101.0
2950000	86.0
2960000	87.0
2970000	96.0
2980000	90.0
2990000	80.0
3000000	95.0
3010000	87.0
3020000	95.0
3030000	92.0
3040000	90.0
3050000	87.0
3060000	98.0
3070000	90.0
3080000	94.0
3090000	96.0
3100000	82.0
3110000	94.0
3120000	95.0
3130000	73.0
3140000	96.0
3150000	83.0
3160000	105.0
3170000	99.0
3180000	102.0
3190000	104.0
3200000	79.0
3210000	96.0
3220000	91.0
3230000	87.0
3240000	100.0
3250000	97.0
3260000	98.0
3270000	88.0
3280000	86.0
3290000	78.0
3300000	101.0
3310000	100.0
3320000	101.0
3330000	98.0
3340000	101.0
3350000	101.0
3360000	107.0
3370000	88.0
3380000	101.0
3390000	78.0
3400000	91.0
3410000	97.0
3420000	103.0
3430000	97.0
3440000	99.0
3450000	98.0
3460000	94.0
3470000	103.0
3480000	95.0
3490000	87.0
3500000	98.0
3510000	103.0
3520000	99.0
3530000	92.0
3540000	98.0
3550000	101.0
3560000	96.0
3570000	102.0
3580000	105.0
3590000	99.0
3600000	83.0
3610000	89.0
3620000	96.0
3630000	72.0
3640000	85.0
3650000	75.0
3660000	51.0
3670000	81.0
3680000	110.0
3690000	80.0
3700000	101.0
3710000	79.0
3720000	101.0
3730000	102.0
3740000	104.0
3750000	89.0
3760000	81.0
3770000	101.0
3780000	106.0
3790000	82.0
3800000	91.0
3810000	96.0
3820000	93.0
3830000	82.0
3840000	74.0
3850000	88.0
3860000	81.0
3870000	75.0
3880000	111.0
3890000	108.0
3900000	110.0
3910000	101.0
3920000	102.0
3930000	94.0
3940000	90.0
3950000	94.0
3960000	95.0
3970000	95.0
3980000	101.0
3990000	91.0
4000000	102.0
