10000	2.0
20000	0.0
30000	0.0
40000	3.0
50000	0.0
60000	0.0
70000	2.0
80000	3.0
90000	2.0
100000	1.0
110000	1.0
120000	0.0
130000	1.0
140000	3.0
150000	0.0
160000	0.0
170000	0.0
180000	3.0
190000	4.0
200000	1.0
210000	1.0
220000	1.0
230000	2.0
240000	1.0
250000	3.0
260000	2.0
270000	2.0
280000	1.0
290000	2.0
300000	2.0
310000	0.0
320000	0.0
330000	2.0
340000	1.0
350000	2.0
360000	0.0
370000	1.0
380000	0.0
390000	2.0
400000	1.0
410000	0.0
420000	0.0
430000	1.0
440000	3.0
450000	0.0
460000	1.0
470000	1.0
480000	0.0
490000	2.0
500000	1.0
510000	1.0
520000	0.0
530000	2.0
540000	1.0
550000	0.0
560000	3.0
570000	2.0
580000	2.0
590000	1.0
600000	2.0
610000	0.0
620000	0.0
630000	0.0
640000	0.0
650000	0.0
660000	2.0
670000	0.0
680000	3.0
690000	2.0
700000	2.0
710000	1.0
720000	0.0
730000	2.0
740000	2.0
750000	1.0
760000	2.0
770000	3.0
780000	1.0
790000	2.0
800000	1.0
810000	0.0
820000	3.0
830000	0.0
840000	0.0
850000	0.0
860000	0.0
870000	0.0
880000	0.0
890000	0.0
900000	0.0
910000	0.0
920000	0.0
930000	0.0
940000	2.0
950000	0.0
960000	0.0
970000	0.0
980000	1.0
990000	0.0
1000000	0.0
1010000	1.0
1020000	1.0
1030000	1.0
1040000	1.0
1050000	0.0
1060000	0.0
1070000	4.0
1080000	1.0
1090000	1.0
1100000	0.0
1110000	0.0
1120000	3.0
1130000	3.0
1140000	0.0
1150000	4.0
1160000	6.0
1170000	7.0
1180000	11.0
1190000	2.0
1200000	10.0
1210000	5.0
1220000	11.0
1230000	11.0
1240000	31.0
1250000	22.0
1260000	15.0
1270000	32.0
1280000	31.0
1290000	59.0
1300000	54.0
1310000	58.0
1320000	55.0
1330000	53.0
1340000	48.0
1350000	51.0
1360000	61.0
1370000	47.0
1380000	64.0
1390000	57.0
1400000	42.0
1410000	49.0
1420000	69.0
1430000	66.0
1440000	68.0
1450000	58.0
1460000	60.0
1470000	54.0
1480000	62.0
1490000	46.0
1500000	56.0
1510000	52.0
1520000	56.0
1530000	59.0
1540000	58.0
1550000	58.0
1560000	62.0
1570000	65.0
1580000	62.0
1590000	63.0
1600000	45.0
1610000	43.0
1620000	61.0
1630000	58.0
1640000	59.0
1650000	67.0
1660000	55.0
1670000	50.0
1680000	56.0
1690000	65.0
1700000	76.0
1710000	55.0
1720000	50.0
1730000	60.0
1740000	80.0
1750000	73.0
1760000	50.0
1770000	56.0
1780000	70.0
1790000	64.0
1800000	66.0
1810000	69.0
1820000	67.0
1830000	77.0
1840000	57.0
1850000	63.0
1860000	73.0
1870000	62.0
1880000	60.0
1890000	76.0
1900000	66.0
1910000	77.0
1920000	51.0
1930000	75.0
1940000	70.0
1950000	73.0
1960000	70.0
1970000	71.0
1980000	60.0
1990000	70.0
2000000	83.0
2010000	81.0
2020000	88.0
2030000	77.0
2040000	71.0
2050000	65.0
2060000	49.0
2070000	72.0
2080000	59.0
2090000	74.0
2100000	66.0
2110000	62.0
2120000	74.0
2130000	88.0
2140000	61.0
2150000	85.0
2160000	82.0
2170000	74.0
2180000	82.0
2190000	64.0
2200000	84.0
2210000	79.0
2220000	72.0
2230000	73.0
2240000	88.0
2250000	70.0
2260000	81.0
2270000	72.0
2280000	87.0
2290000	86.0
2300000	66.0
2310000	80.0
2320000	94.0
2330000	83.0
2340000	91.0
2350000	71.0
2360000	79.0
2370000	76.0
2380000	73.0
2390000	84.0
2400000	85.0
2410000	85.0
2420000	81.0
2430000	89.0
2440000	90.0
2450000	62.0
2460000	87.0
2470000	83.0
2480000	70.0
2490000	70.0
2500000	85.0
2510000	92.0
2520000	79.0
2530000	65.0
2540000	60.0
2550000	77.0
2560000	79.0
2570000	76.0
2580000	79.0
2590000	64.0
2600000	65.0
2610000	85.0
2620000	91.0
2630000	81.0
2640000	95.0
2650000	79.0
2660000	82.0
2670000	89.0
2680000	90.0
2690000	88.0
2700000	81.0
2710000	87.0
2720000	69.0
2730000	76.0
2740000	69.0
2750000	77.0
2760000	85.0
2770000	90.0
2780000	98.0
2790000	89.0
2800000	90.0
2810000	90.0
2820000	87.0
2830000	76.0
2840000	75.0
2850000	87.0
2860000	82.0
2870000	93.0
2880000	72.0
2890000	75.0
2900000	88.0
2910000	93.0
2920000	83.0
2930000	95.0
2940000	85.0
2950000	90.0
2960000	82.0
2970000	86.0
2980000	99.0
2990000	88.0
3000000	78.0
3010000	90.0
3020000	92.0
3030000	78.0
3040000	91.0
3050000	69.0
3060000	96.0
3070000	81.0
3080000	78.0
3090000	85.0
3100000	91.0
3110000	92.0
3120000	81.0
3130000	89.0
3140000	94.0
3150000	89.0
3160000	75.0
3170000	95.0
3180000	80.0
3190000	93.0
3200000	92.0
3210000	92.0
3220000	93.0
3230000	98.0
3240000	75.0
3250000	94.0
3260000	92.0
3270000	87.0
3280000	79.0
3290000	82.0
3300000	91.0
3310000	99.0
3320000	89.0
3330000	89.0
3340000	94.0
3350000	94.0
3360000	96.0
3370000	93.0
3380000	97.0
3390000	99.0
3400000	84.0
3410000	75.0
3420000	93.0
3430000	68.0
3440000	93.0
3450000	77.0
3460000	94.0
3470000	94.0
3480000	102.0
3490000	64.0
3500000	65.0
3510000	83.0
3520000	91.0
3530000	88.0
3540000	78.0
3550000	95.0
3560000	80.0
3570000	77.0
3580000	83.0
3590000	78.0
3600000	82.0
3610000	98.0
3620000	82.0
3630000	94.0
3640000	90.0
3650000	96.0
3660000	88.0
3670000	73.0
3680000	91.0
3690000	88.0
3700000	73.0
3710000	93.0
3720000	94.0
3730000	86.0
3740000	108.0
3750000	85.0
3760000	88.0
3770000	91.0
3780000	83.0
3790000	96.0
3800000	102.0
3810000	86.0
3820000	96.0
3830000	79.0
3840000	85.0
3850000	91.0
3860000	87.0
3870000	94.0
3880000	92.0
3890000	73.0
3900000	85.0
3910000	84.0
3920000	97.0
3930000	95.0
3940000	90.0
3950000	84.0
3960000	95.0
3970000	100.0
3980000	84.0
3990000	93.0
4000000	69.0
