10000	1.0
20000	2.0
30000	1.0
40000	1.0
50000	0.0
60000	2.0
70000	2.0
80000	1.0
90000	2.0
100000	1.0
110000	2.0
120000	1.0
130000	2.0
140000	1.0
150000	2.0
160000	2.0
170000	2.0
180000	1.0
190000	2.0
200000	1.0
210000	2.0
220000	0.0
230000	0.0
240000	2.0
250000	0.0
260000	0.0
270000	0.0
280000	0.0
290000	0.0
300000	0.0
310000	0.0
320000	1.0
330000	2.0
340000	2.0
350000	2.0
360000	1.0
370000	3.0
380000	1.0
390000	2.0
400000	2.0
410000	1.0
420000	1.0
430000	0.0
440000	0.0
450000	0.0
460000	0.0
470000	1.0
480000	1.0
490000	0.0
500000	0.0
510000	1.0
520000	1.0
530000	3.0
540000	1.0
550000	2.0
560000	1.0
570000	3.0
580000	0.0
590000	0.0
600000	0.0
610000	0.0
620000	0.0
630000	0.0
640000	0.0
650000	2.0
660000	3.0
670000	4.0
680000	4.0
690000	1.0
700000	2.0
710000	1.0
720000	5.0
730000	5.0
740000	4.0
750000	5.0
760000	4.0
770000	4.0
780000	0.0
790000	3.0
800000	1.0
810000	2.0
820000	2.0
830000	2.0
840000	1.0
850000	2.0
860000	0.0
870000	0.0
880000	0.0
890000	0.0
900000	0.0
910000	0.0
920000	0.0
930000	1.0
940000	1.0
950000	0.0
960000	0.0
970000	0.0
980000	1.0
990000	0.0
1000000	0.0
1010000	1.0
1020000	1.0
1030000	0.0
1040000	2.0
1050000	3.0
1060000	3.0
1070000	2.0
1080000	7.0
1090000	2.0
1100000	3.0
1110000	5.0
1120000	2.0
1130000	0.0
1140000	7.0
1150000	10.0
1160000	5.0
1170000	1.0
1180000	5.0
1190000	16.0
1200000	15.0
1210000	23.0
1220000	18.0
1230000	23.0
1240000	32.0
1250000	34.0
1260000	41.0
1270000	38.0
1280000	46.0
1290000	35.0
1300000	56.0
1310000	52.0
1320000	46.0
1330000	60.0
1340000	42.0
1350000	57.0
1360000	51.0
1370000	54.0
1380000	38.0
1390000	42.0
1400000	53.0
1410000	62.0
1420000	68.0
1430000	49.0
1440000	70.0
1450000	58.0
1460000	58.0
1470000	74.0
1480000	70.0
1490000	60.0
1500000	53.0
1510000	67.0
1520000	63.0
1530000	56.0
1540000	64.0
1550000	47.0
1560000	65.0
1570000	55.0
1580000	59.0
1590000	67.0
1600000	70.0
1610000	68.0
1620000	70.0
1630000	59.0
1640000	53.0
1650000	58.0
1660000	50.0
1670000	71.0
1680000	69.0
1690000	71.0
1700000	55.0
1710000	69.0
1720000	60.0
1730000	65.0
1740000	73.0
1750000	42.0
1760000	66.0
1770000	48.0
1780000	51.0
1790000	60.0
1800000	67.0
1810000	53.0
1820000	65.0
1830000	64.0
1840000	77.0
1850000	82.0
1860000	44.0
1870000	62.0
1880000	62.0
1890000	63.0
1900000	74.0
1910000	46.0
1920000	57.0
1930000	45.0
1940000	64.0
1950000	60.0
1960000	44.0
1970000	54.0
1980000	68.0
1990000	61.0
2000000	57.0
2010000	70.0
2020000	55.0
2030000	65.0
2040000	70.0
2050000	72.0
2060000	79.0
2070000	74.0
2080000	72.0
2090000	64.0
2100000	80.0
2110000	42.0
2120000	65.0
2130000	83.0
2140000	79.0
2150000	87.0
2160000	75.0
2170000	90.0
2180000	77.0
2190000	62.0
2200000	73.0
2210000	83.0
2220000	76.0
2230000	64.0
2240000	72.0
2250000	72.0
2260000	83.0
2270000	73.0
2280000	72.0
2290000	73.0
2300000	75.0
2310000	89.0
2320000	56.0
2330000	73.0
2340000	90.0
2350000	67.0
2360000	62.0
2370000	75.0
2380000	81.0
2390000	79.0
2400000	72.0
2410000	58.0
2420000	55.0
2430000	78.0
2440000	74.0
2450000	87.0
2460000	69.0
2470000	87.0
2480000	84.0
2490000	74.0
2500000	82.0
2510000	82.0
2520000	70.0
2530000	77.0
2540000	67.0
2550000	70.0
2560000	68.0
2570000	84.0
2580000	74.0
2590000	79.0
2600000	84.0
2610000	83.0
2620000	92.0
2630000	91.0
2640000	98.0
2650000	75.0
2660000	69.0
2670000	65.0
2680000	85.0
2690000	77.0
2700000	74.0
2710000	79.0
2720000	83.0
2730000	92.0
2740000	90.0
2750000	85.0
2760000	79.0
2770000	52.0
2780000	74.0
2790000	87.0
2800000	80.0
2810000	66.0
2820000	79.0
2830000	82.0
2840000	96.0
2850000	83.0
2860000	89.0
2870000	73.0
2880000	90.0
2890000	70.0
2900000	88.0
2910000	71.0
2920000	94.0
2930000	82.0
2940000	58.0
2950000	71.0
2960000	95.0
2970000	98.0
2980000	79.0
2990000	82.0
3000000	80.0
3010000	93.0
3020000	88.0
3030000	84.0
3040000	72.0
3050000	68.0
3060000	73.0
3070000	93.0
3080000	78.0
3090000	88.0
3100000	80.0
3110000	99.0
3120000	76.0
3130000	80.0
3140000	91.0
3150000	82.0
3160000	97.0
3170000	76.0
3180000	94.0
3190000	97.0
3200000	81.0
3210000	93.0
3220000	80.0
3230000	81.0
3240000	79.0
3250000	77.0
3260000	87.0
3270000	93.0
3280000	93.0
3290000	90.0
3300000	93.0
3310000	94.0
3320000	88.0
3330000	90.0
3340000	89.0
3350000	84.0
3360000	84.0
3370000	96.0
3380000	92.0
3390000	79.0
3400000	76.0
3410000	93.0
3420000	73.0
3430000	85.0
3440000	81.0
3450000	80.0
3460000	88.0
3470000	92.0
3480000	80.0
3490000	96.0
3500000	91.0
3510000	75.0
3520000	91.0
3530000	90.0
3540000	97.0
3550000	77.0
3560000	83.0
3570000	95.0
3580000	96.0
3590000	87.0
3600000	106.0
3610000	96.0
3620000	80.0
3630000	75.0
3640000	100.0
3650000	77.0
3660000	96.0
3670000	80.0
3680000	83.0
3690000	97.0
3700000	82.0
3710000	101.0
3720000	87.0
3730000	82.0
3740000	74.0
3750000	77.0
3760000	87.0
3770000	82.0
3780000	90.0
3790000	77.0
3800000	66.0
3810000	69.0
3820000	94.0
3830000	70.0
3840000	84.0
3850000	87.0
3860000	86.0
3870000	76.0
3880000	89.0
3890000	91.0
3900000	92.0
3910000	86.0
3920000	93.0
3930000	90.0
3940000	79.0
3950000	92.0
3960000	85.0
3970000	92.0
3980000	80.0
3990000	90.0
4000000	95.0
