10000	1.0
20000	0.0
30000	0.0
40000	1.0
50000	1.0
60000	1.0
70000	1.0
80000	0.0
90000	3.0
100000	2.0
110000	1.0
120000	1.0
130000	2.0
140000	1.0
150000	2.0
160000	1.0
170000	2.0
180000	2.0
190000	0.0
200000	3.0
210000	3.0
220000	1.0
230000	0.0
240000	3.0
250000	2.0
260000	3.0
270000	3.0
280000	2.0
290000	2.0
300000	3.0
310000	0.0
320000	0.0
330000	3.0
340000	1.0
350000	1.0
360000	1.0
370000	0.0
380000	0.0
390000	1.0
400000	2.0
410000	0.0
420000	3.0
430000	1.0
440000	2.0
450000	0.0
460000	0.0
470000	0.0
480000	1.0
490000	3.0
500000	1.0
510000	4.0
520000	1.0
530000	2.0
540000	1.0
550000	1.0
560000	2.0
570000	1.0
580000	0.0
590000	0.0
600000	0.0
610000	1.0
620000	1.0
630000	3.0
640000	0.0
650000	4.0
660000	1.0
670000	3.0
680000	0.0
690000	0.0
700000	0.0
710000	0.0
720000	0.0
730000	0.0
740000	0.0
750000	2.0
760000	0.0
770000	2.0
780000	0.0
790000	2.0
800000	1.0
810000	2.0
820000	2.0
830000	3.0
840000	4.0
850000	7.0
860000	1.0
870000	4.0
880000	6.0
890000	14.0
900000	10.0
910000	20.0
920000	12.0
930000	19.0
940000	10.0
950000	20.0
960000	31.0
970000	9.0
980000	30.0
990000	23.0
1000000	43.0
1010000	34.0
1020000	40.0
1030000	46.0
1040000	35.0
1050000	15.0
1060000	39.0
1070000	31.0
1080000	45.0
1090000	33.0
1100000	40.0
1110000	35.0
1120000	41.0
1130000	45.0
1140000	51.0
1150000	39.0
1160000	34.0
1170000	35.0
1180000	43.0
1190000	49.0
1200000	57.0
1210000	45.0
1220000	63.0
1230000	51.0
1240000	46.0
1250000	54.0
1260000	26.0
1270000	41.0
1280000	43.0
1290000	55.0
1300000	63.0
1310000	43.0
1320000	48.0
1330000	68.0
1340000	68.0
1350000	53.0
1360000	52.0
1370000	70.0
1380000	59.0
1390000	45.0
1400000	45.0
1410000	53.0
1420000	45.0
1430000	46.0
1440000	50.0
1450000	55.0
1460000	62.0
1470000	53.0
1480000	53.0
1490000	57.0
1500000	57.0
1510000	51.0
1520000	47.0
1530000	67.0
1540000	65.0
1550000	71.0
1560000	67.0
1570000	70.0
1580000	74.0
1590000	64.0
1600000	65.0
1610000	60.0
1620000	70.0
1630000	68.0
1640000	70.0
1650000	62.0
1660000	71.0
1670000	57.0
1680000	68.0
1690000	68.0
1700000	64.0
1710000	65.0
1720000	75.0
1730000	70.0
1740000	67.0
1750000	81.0
1760000	70.0
1770000	71.0
1780000	70.0
1790000	62.0
1800000	83.0
1810000	77.0
1820000	68.0
1830000	73.0
1840000	74.0
1850000	73.0
1860000	84.0
1870000	66.0
1880000	76.0
1890000	84.0
1900000	77.0
1910000	73.0
1920000	71.0
1930000	64.0
1940000	80.0
1950000	74.0
1960000	82.0
1970000	78.0
1980000	88.0
1990000	88.0
2000000	88.0
2010000	78.0
2020000	82.0
2030000	79.0
2040000	64.0
2050000	76.0
2060000	74.0
2070000	70.0
2080000	92.0
2090000	74.0
2100000	88.0
2110000	72.0
2120000	63.0
2130000	75.0
2140000	80.0
2150000	91.0
2160000	87.0
2170000	72.0
2180000	77.0
2190000	75.0
2200000	81.0
2210000	85.0
2220000	81.0
2230000	81.0
2240000	77.0
2250000	80.0
2260000	79.0
2270000	83.0
2280000	78.0
2290000	81.0
2300000	76.0
2310000	80.0
2320000	68.0
2330000	96.0
2340000	91.0
2350000	93.0
2360000	88.0
2370000	84.0
2380000	85.0
2390000	75.0
2400000	77.0
2410000	96.0
2420000	79.0
2430000	77.0
2440000	89.0
2450000	88.0
2460000	78.0
2470000	84.0
2480000	64.0
2490000	90.0
2500000	86.0
2510000	75.0
2520000	91.0
2530000	86.0
2540000	80.0
2550000	82.0
2560000	99.0
2570000	83.0
2580000	83.0
2590000	82.0
2600000	87.0
2610000	86.0
2620000	96.0
2630000	88.0
2640000	87.0
2650000	88.0
2660000	96.0
2670000	84.0
2680000	79.0
2690000	100.0
2700000	63.0
2710000	28.0
2720000	47.0
2730000	67.0
2740000	82.0
2750000	87.0
2760000	92.0
2770000	89.0
2780000	88.0
2790000	67.0
2800000	100.0
2810000	93.0
2820000	91.0
2830000	93.0
2840000	88.0
2850000	75.0
2860000	95.0
2870000	85.0
2880000	96.0
2890000	89.0
2900000	85.0
2910000	85.0
2920000	92.0
2930000	76.0
2940000	92.0
2950000	76.0
2960000	75.0
2970000	95.0
2980000	92.0
2990000	88.0
3000000	84.0
3010000	86.0
3020000	84.0
3030000	93.0
3040000	103.0
3050000	107.0
3060000	91.0
3070000	82.0
3080000	81.0
3090000	92.0
3100000	96.0
3110000	89.0
3120000	86.0
3130000	88.0
3140000	97.0
3150000	97.0
3160000	90.0
3170000	94.0
3180000	99.0
3190000	89.0
3200000	89.0
3210000	93.0
3220000	89.0
3230000	90.0
3240000	90.0
3250000	92.0
3260000	103.0
3270000	91.0
3280000	88.0
3290000	81.0
3300000	87.0
3310000	89.0
3320000	101.0
3330000	90.0
3340000	84.0
3350000	101.0
3360000	84.0
3370000	92.0
3380000	91.0
3390000	95.0
3400000	94.0
3410000	88.0
3420000	97.0
3430000	98.0
3440000	97.0
3450000	92.0
3460000	90.0
3470000	93.0
3480000	105.0
3490000	95.0
3500000	90.0
3510000	85.0
3520000	83.0
3530000	93.0
3540000	94.0
3550000	101.0
3560000	98.0
3570000	90.0
3580000	94.0
3590000	88.0
3600000	82.0
3610000	90.0
3620000	94.0
3630000	99.0
3640000	103.0
3650000	103.0
3660000	89.0
3670000	82.0
3680000	96.0
3690000	98.0
3700000	98.0
3710000	102.0
3720000	105.0
3730000	99.0
3740000	84.0
3750000	102.0
3760000	89.0
3770000	92.0
3780000	94.0
3790000	89.0
3800000	92.0
3810000	82.0
3820000	106.0
3830000	103.0
3840000	102.0
3850000	101.0
3860000	98.0
3870000	92.0
3880000	99.0
3890000	100.0
3900000	105.0
3910000	95.0
3920000	95.0
3930000	99.0
3940000	97.0
3950000	84.0
3960000	94.0
3970000	95.0
3980000	90.0
3990000	95.0
4000000	96.0
