10000	1.0
20000	1.0
30000	1.0
40000	4.0
50000	2.0
60000	2.0
70000	4.0
80000	1.0
90000	0.0
100000	1.0
110000	1.0
120000	1.0
130000	1.0
140000	2.0
150000	0.0
160000	1.0
170000	2.0
180000	1.0
190000	1.0
200000	1.0
210000	0.0
220000	3.0
230000	0.0
240000	1.0
250000	2.0
260000	3.0
270000	2.0
280000	1.0
290000	0.0
300000	3.0
310000	1.0
320000	3.0
330000	1.0
340000	1.0
350000	1.0
360000	2.0
370000	3.0
380000	0.0
390000	1.0
400000	4.0
410000	2.0
420000	2.0
430000	3.0
440000	0.0
450000	1.0
460000	1.0
470000	1.0
480000	1.0
490000	3.0
500000	2.0
510000	2.0
520000	0.0
530000	0.0
540000	0.0
550000	0.0
560000	0.0
570000	0.0
580000	0.0
590000	1.0
600000	1.0
610000	3.0
620000	1.0
630000	0.0
640000	2.0
650000	2.0
660000	0.0
670000	0.0
680000	3.0
690000	4.0
700000	3.0
710000	5.0
720000	2.0
730000	6.0
740000	9.0
750000	7.0
760000	14.0
770000	6.0
780000	7.0
790000	23.0
800000	29.0
810000	18.0
820000	28.0
830000	16.0
840000	31.0
850000	39.0
860000	31.0
870000	32.0
880000	30.0
890000	34.0
900000	42.0
910000	44.0
920000	37.0
930000	47.0
940000	50.0
950000	57.0
960000	54.0
970000	55.0
980000	54.0
990000	51.0
1000000	51.0
1010000	44.0
1020000	41.0
1030000	37.0
1040000	60.0
1050000	44.0
1060000	44.0
1070000	59.0
1080000	61.0
1090000	50.0
1100000	43.0
1110000	73.0
1120000	51.0
1130000	62.0
1140000	49.0
1150000	60.0
1160000	64.0
1170000	65.0
1180000	68.0
1190000	59.0
1200000	59.0
1210000	68.0
1220000	60.0
1230000	46.0
1240000	69.0
1250000	77.0
1260000	69.0
1270000	62.0
1280000	69.0
1290000	71.0
1300000	64.0
1310000	70.0
1320000	67.0
1330000	72.0
1340000	71.0
1350000	69.0
1360000	81.0
1370000	73.0
1380000	75.0
1390000	68.0
1400000	70.0
1410000	76.0
1420000	77.0
1430000	69.0
1440000	67.0
1450000	81.0
1460000	69.0
1470000	77.0
1480000	66.0
1490000	63.0
1500000	57.0
1510000	70.0
1520000	72.0
1530000	70.0
1540000	60.0
1550000	67.0
1560000	68.0
1570000	75.0
1580000	82.0
1590000	79.0
1600000	81.0
1610000	58.0
1620000	69.0
1630000	70.0
1640000	66.0
1650000	73.0
1660000	77.0
1670000	80.0
1680000	74.0
1690000	89.0
1700000	90.0
1710000	77.0
1720000	80.0
1730000	76.0
1740000	61.0
1750000	72.0
1760000	70.0
1770000	89.0
1780000	60.0
1790000	86.0
1800000	69.0
1810000	78.0
1820000	76.0
1830000	88.0
1840000	79.0
1850000	77.0
1860000	80.0
1870000	83.0
1880000	87.0
1890000	78.0
1900000	80.0
1910000	84.0
1920000	75.0
1930000	76.0
1940000	75.0
1950000	76.0
1960000	87.0
1970000	83.0
1980000	83.0
1990000	74.0
2000000	81.0
2010000	73.0
2020000	76.0
2030000	72.0
2040000	68.0
2050000	81.0
2060000	84.0
2070000	73.0
2080000	69.0
2090000	94.0
2100000	89.0
2110000	73.0
2120000	74.0
2130000	84.0
2140000	91.0
2150000	78.0
2160000	94.0
2170000	80.0
2180000	80.0
2190000	79.0
2200000	84.0
2210000	79.0
2220000	77.0
2230000	89.0
2240000	94.0
2250000	66.0
2260000	73.0
2270000	87.0
2280000	94.0
2290000	87.0
2300000	82.0
2310000	92.0
2320000	89.0
2330000	94.0
2340000	84.0
2350000	74.0
2360000	91.0
2370000	74.0
2380000	93.0
2390000	74.0
2400000	83.0
2410000	83.0
2420000	79.0
2430000	91.0
2440000	83.0
2450000	94.0
2460000	85.0
2470000	74.0
2480000	105.0
2490000	76.0
2500000	92.0
2510000	82.0
2520000	88.0
2530000	47.0
2540000	87.0
2550000	86.0
2560000	84.0
2570000	96.0
2580000	83.0
2590000	84.0
2600000	98.0
2610000	95.0
2620000	92.0
2630000	82.0
2640000	79.0
2650000	82.0
2660000	85.0
2670000	56.0
2680000	84.0
2690000	97.0
2700000	83.0
2710000	84.0
2720000	92.0
2730000	88.0
2740000	100.0
2750000	91.0
2760000	93.0
2770000	84.0
2780000	95.0
2790000	96.0
2800000	87.0
2810000	89.0
2820000	77.0
2830000	72.0
2840000	79.0
2850000	85.0
2860000	101.0
2870000	91.0
2880000	98.0
2890000	101.0
2900000	88.0
2910000	98.0
2920000	91.0
2930000	101.0
2940000	81.0
2950000	92.0
2960000	67.0
2970000	100.0
2980000	90.0
2990000	94.0
3000000	89.0
3010000	90.0
3020000	94.0
3030000	78.0
3040000	92.0
3050000	87.0
3060000	87.0
3070000	94.0
3080000	95.0
3090000	96.0
3100000	86.0
3110000	98.0
3120000	95.0
3130000	84.0
3140000	84.0
3150000	94.0
3160000	95.0
3170000	92.0
3180000	101.0
3190000	96.0
3200000	100.0
3210000	82.0
3220000	92.0
3230000	87.0
3240000	79.0
3250000	100.0
3260000	99.0
3270000	92.0
3280000	114.0
3290000	88.0
3300000	102.0
3310000	101.0
3320000	86.0
3330000	99.0
3340000	91.0
3350000	87.0
3360000	67.0
3370000	96.0
3380000	100.0
3390000	94.0
3400000	85.0
3410000	96.0
3420000	103.0
3430000	100.0
3440000	81.0
3450000	99.0
3460000	99.0
3470000	98.0
3480000	97.0
3490000	98.0
3500000	109.0
3510000	96.0
3520000	98.0
3530000	98.0
3540000	88.0
3550000	94.0
3560000	100.0
3570000	68.0
3580000	99.0
3590000	97.0
3600000	89.0
3610000	90.0
3620000	86.0
3630000	90.0
3640000	99.0
3650000	91.0
3660000	100.0
3670000	95.0
3680000	68.0
3690000	97.0
3700000	104.0
3710000	81.0
3720000	79.0
3730000	94.0
3740000	82.0
3750000	94.0
3760000	91.0
3770000	93.0
3780000	95.0
3790000	98.0
3800000	107.0
3810000	99.0
3820000	77.0
3830000	87.0
3840000	96.0
3850000	101.0
3860000	92.0
3870000	100.0
3880000	87.0
3890000	80.0
3900000	92.0
3910000	100.0
3920000	82.0
3930000	89.0
3940000	96.0
3950000	100.0
3960000	93.0
3970000	89.0
3980000	94.0
3990000	82.0
4000000	96.0
