10000	1.0
20000	1.0
30000	2.0
40000	1.0
50000	2.0
60000	1.0
70000	1.0
80000	2.0
90000	0.0
100000	2.0
110000	2.0
120000	2.0
130000	3.0
140000	2.0
150000	3.0
160000	1.0
170000	2.0
180000	2.0
190000	1.0
200000	1.0
210000	1.0
220000	1.0
230000	2.0
240000	1.0
250000	2.0
260000	1.0
270000	2.0
280000	1.0
290000	1.0
300000	3.0
310000	0.0
320000	1.0
330000	2.0
340000	1.0
350000	1.0
360000	0.0
370000	0.0
380000	0.0
390000	0.0
400000	0.0
410000	0.0
420000	0.0
430000	1.0
440000	0.0
450000	0.0
460000	4.0
470000	0.0
480000	1.0
490000	0.0
500000	2.0
510000	4.0
520000	2.0
530000	2.0
540000	1.0
550000	4.0
560000	2.0
570000	0.0
580000	0.0
590000	0.0
600000	1.0
610000	2.0
620000	2.0
630000	1.0
640000	1.0
650000	0.0
660000	1.0
670000	1.0
680000	2.0
690000	0.0
700000	0.0
710000	0.0
720000	0.0
730000	0.0
740000	0.0
750000	0.0
760000	1.0
770000	1.0
780000	2.0
790000	1.0
800000	3.0
810000	2.0
820000	3.0
830000	4.0
840000	6.0
850000	8.0
860000	6.0
870000	12.0
880000	8.0
890000	23.0
900000	9.0
910000	14.0
920000	5.0
930000	15.0
940000	9.0
950000	19.0
960000	22.0
970000	18.0
980000	14.0
990000	44.0
1000000	22.0
1010000	30.0
1020000	16.0
1030000	38.0
1040000	37.0
1050000	35.0
1060000	32.0
1070000	32.0
1080000	38.0
1090000	35.0
1100000	44.0
1110000	27.0
1120000	25.0
1130000	39.0
1140000	48.0
1150000	40.0
1160000	46.0
1170000	44.0
1180000	17.0
1190000	43.0
1200000	43.0
1210000	44.0
1220000	35.0
1230000	41.0
1240000	41.0
1250000	51.0
1260000	32.0
1270000	50.0
1280000	35.0
1290000	33.0
1300000	60.0
1310000	49.0
1320000	25.0
1330000	48.0
1340000	49.0
1350000	34.0
1360000	47.0
1370000	52.0
1380000	35.0
1390000	52.0
1400000	43.0
1410000	45.0
1420000	51.0
1430000	48.0
1440000	55.0
1450000	46.0
1460000	58.0
1470000	49.0
1480000	48.0
1490000	43.0
1500000	53.0
1510000	53.0
1520000	67.0
1530000	48.0
1540000	67.0
1550000	62.0
1560000	63.0
1570000	57.0
1580000	45.0
1590000	65.0
1600000	54.0
1610000	56.0
1620000	46.0
1630000	65.0
1640000	65.0
1650000	58.0
1660000	46.0
1670000	62.0
1680000	50.0
1690000	51.0
1700000	62.0
1710000	62.0
1720000	61.0
1730000	56.0
1740000	77.0
1750000	50.0
1760000	65.0
1770000	62.0
1780000	63.0
1790000	74.0
1800000	57.0
1810000	67.0
1820000	61.0
1830000	65.0
1840000	57.0
1850000	71.0
1860000	63.0
1870000	51.0
1880000	67.0
1890000	59.0
1900000	67.0
1910000	55.0
1920000	70.0
1930000	49.0
1940000	73.0
1950000	54.0
1960000	72.0
1970000	80.0
1980000	73.0
1990000	68.0
2000000	66.0
2010000	71.0
2020000	87.0
2030000	56.0
2040000	65.0
2050000	51.0
2060000	46.0
2070000	51.0
2080000	61.0
2090000	64.0
2100000	78.0
2110000	74.0
2120000	60.0
2130000	76.0
2140000	68.0
2150000	66.0
2160000	80.0
2170000	86.0
2180000	81.0
2190000	62.0
2200000	63.0
2210000	82.0
2220000	63.0
2230000	59.0
2240000	52.0
2250000	68.0
2260000	59.0
2270000	67.0
2280000	86.0
2290000	84.0
2300000	64.0
2310000	54.0
2320000	66.0
2330000	71.0
2340000	92.0
2350000	87.0
2360000	64.0
2370000	54.0
2380000	46.0
2390000	58.0
2400000	66.0
2410000	75.0
2420000	66.0
2430000	60.0
2440000	67.0
2450000	70.0
2460000	59.0
2470000	77.0
2480000	82.0
2490000	64.0
2500000	81.0
2510000	67.0
2520000	69.0
2530000	80.0
2540000	76.0
2550000	84.0
2560000	68.0
2570000	82.0
2580000	73.0
2590000	84.0
2600000	96.0
2610000	87.0
2620000	68.0
2630000	69.0
2640000	77.0
2650000	77.0
2660000	66.0
2670000	91.0
2680000	60.0
2690000	77.0
2700000	77.0
2710000	72.0
2720000	71.0
2730000	88.0
2740000	72.0
2750000	91.0
2760000	86.0
2770000	70.0
2780000	97.0
2790000	68.0
2800000	93.0
2810000	91.0
2820000	87.0
2830000	85.0
2840000	92.0
2850000	70.0
2860000	64.0
2870000	76.0
2880000	89.0
2890000	93.0
2900000	87.0
2910000	82.0
2920000	79.0
2930000	83.0
2940000	74.0
2950000	81.0
2960000	91.0
2970000	82.0
2980000	102.0
2990000	79.0
3000000	91.0
3010000	84.0
3020000	85.0
3030000	76.0
3040000	83.0
3050000	90.0
3060000	79.0
3070000	88.0
3080000	86.0
3090000	81.0
3100000	100.0
3110000	98.0
3120000	88.0
3130000	85.0
3140000	93.0
3150000	64.0
3160000	83.0
3170000	81.0
3180000	72.0
3190000	84.0
3200000	88.0
3210000	87.0
3220000	88.0
3230000	75.0
3240000	88.0
3250000	88.0
3260000	81.0
3270000	85.0
3280000	94.0
3290000	80.0
3300000	82.0
3310000	78.0
3320000	84.0
3330000	91.0
3340000	95.0
3350000	98.0
3360000	83.0
3370000	91.0
3380000	86.0
3390000	76.0
3400000	80.0
3410000	89.0
3420000	89.0
3430000	76.0
3440000	91.0
3450000	77.0
3460000	94.0
3470000	97.0
3480000	89.0
3490000	81.0
3500000	62.0
3510000	73.0
3520000	99.0
3530000	98.0
3540000	82.0
3550000	92.0
3560000	94.0
3570000	97.0
3580000	95.0
3590000	84.0
3600000	69.0
3610000	78.0
3620000	66.0
3630000	84.0
3640000	82.0
3650000	90.0
3660000	91.0
3670000	91.0
3680000	81.0
3690000	86.0
3700000	87.0
3710000	87.0
3720000	93.0
3730000	85.0
3740000	84.0
3750000	81.0
3760000	87.0
3770000	98.0
3780000	100.0
3790000	92.0
3800000	93.0
3810000	95.0
3820000	102.0
3830000	94.0
3840000	94.0
3850000	91.0
3860000	80.0
3870000	77.0
3880000	84.0
3890000	92.0
3900000	85.0
3910000	83.0
3920000	89.0
3930000	93.0
3940000	84.0
3950000	5.0
3960000	0.0
3970000	2.0
3980000	30.0
3990000	80.0
4000000	88.0
