10000	1.0
20000	2.0
30000	3.0
40000	0.0
50000	2.0
60000	3.0
70000	0.0
80000	1.0
90000	1.0
100000	0.0
110000	2.0
120000	1.0
130000	0.0
140000	3.0
150000	1.0
160000	0.0
170000	1.0
180000	0.0
190000	2.0
200000	1.0
210000	3.0
220000	0.0
230000	1.0
240000	1.0
250000	1.0
260000	2.0
270000	0.0
280000	0.0
290000	0.0
300000	0.0
310000	0.0
320000	0.0
330000	0.0
340000	1.0
350000	1.0
360000	1.0
370000	0.0
380000	3.0
390000	0.0
400000	2.0
410000	1.0
420000	0.0
430000	1.0
440000	1.0
450000	0.0
460000	1.0
470000	0.0
480000	0.0
490000	1.0
500000	0.0
510000	1.0
520000	3.0
530000	2.0
540000	1.0
550000	0.0
560000	1.0
570000	8.0
580000	1.0
590000	9.0
600000	8.0
610000	5.0
620000	6.0
630000	11.0
640000	9.0
650000	20.0
660000	11.0
670000	8.0
680000	26.0
690000	26.0
700000	24.0
710000	24.0
720000	33.0
730000	60.0
740000	44.0
750000	43.0
760000	44.0
770000	24.0
780000	23.0
790000	22.0
800000	26.0
810000	29.0
820000	37.0
830000	50.0
840000	44.0
850000	57.0
860000	49.0
870000	50.0
880000	69.0
890000	56.0
900000	68.0
910000	39.0
920000	66.0
930000	73.0
940000	46.0
950000	54.0
960000	62.0
970000	67.0
980000	70.0
990000	76.0
1000000	66.0
1010000	60.0
1020000	70.0
1030000	70.0
1040000	57.0
1050000	76.0
1060000	76.0
1070000	71.0
1080000	55.0
1090000	63.0
1100000	57.0
1110000	70.0
1120000	65.0
1130000	74.0
1140000	83.0
1150000	52.0
1160000	74.0
1170000	80.0
1180000	71.0
1190000	56.0
1200000	74.0
1210000	82.0
1220000	72.0
1230000	67.0
1240000	79.0
1250000	80.0
1260000	76.0
1270000	85.0
1280000	78.0
1290000	70.0
1300000	72.0
1310000	65.0
1320000	80.0
1330000	78.0
1340000	76.0
1350000	58.0
1360000	75.0
1370000	75.0
1380000	77.0
1390000	87.0
1400000	81.0
1410000	74.0
1420000	89.0
1430000	72.0
1440000	84.0
1450000	74.0
1460000	75.0
1470000	86.0
1480000	89.0
1490000	62.0
1500000	75.0
1510000	78.0
1520000	82.0
1530000	80.0
1540000	75.0
1550000	74.0
1560000	91.0
1570000	95.0
1580000	87.0
1590000	75.0
1600000	59.0
1610000	90.0
1620000	91.0
1630000	55.0
1640000	79.0
1650000	72.0
1660000	94.0
1670000	93.0
1680000	96.0
1690000	86.0
1700000	91.0
1710000	84.0
1720000	73.0
1730000	80.0
1740000	86.0
1750000	80.0
1760000	84.0
1770000	76.0
1780000	78.0
1790000	80.0
1800000	79.0
1810000	76.0
1820000	87.0
1830000	75.0
1840000	85.0
1850000	91.0
1860000	91.0
1870000	81.0
1880000	92.0
1890000	90.0
1900000	90.0
1910000	79.0
1920000	92.0
1930000	80.0
1940000	84.0
1950000	87.0
1960000	77.0
1970000	81.0
1980000	89.0
1990000	85.0
2000000	87.0
2010000	100.0
2020000	88.0
2030000	80.0
2040000	74.0
2050000	94.0
2060000	80.0
2070000	77.0
2080000	83.0
2090000	89.0
2100000	95.0
2110000	86.0
2120000	91.0
2130000	82.0
2140000	86.0
2150000	91.0
2160000	96.0
2170000	101.0
2180000	85.0
2190000	96.0
2200000	98.0
2210000	81.0
2220000	90.0
2230000	103.0
2240000	89.0
2250000	74.0
2260000	86.0
2270000	77.0
2280000	85.0
2290000	88.0
2300000	89.0
2310000	87.0
2320000	89.0
2330000	91.0
2340000	98.0
2350000	80.0
2360000	84.0
2370000	94.0
2380000	85.0
2390000	77.0
2400000	97.0
2410000	84.0
2420000	89.0
2430000	107.0
2440000	88.0
2450000	98.0
2460000	92.0
2470000	69.0
2480000	92.0
2490000	84.0
2500000	93.0
2510000	77.0
2520000	87.0
2530000	113.0
2540000	91.0
2550000	85.0
2560000	100.0
2570000	86.0
2580000	93.0
2590000	100.0
2600000	85.0
2610000	87.0
2620000	80.0
2630000	88.0
2640000	82.0
2650000	87.0
2660000	103.0
2670000	84.0
2680000	72.0
2690000	96.0
2700000	94.0
2710000	81.0
2720000	95.0
2730000	83.0
2740000	90.0
2750000	85.0
2760000	86.0
2770000	89.0
2780000	98.0
2790000	87.0
2800000	98.0
2810000	103.0
2820000	87.0
2830000	106.0
2840000	90.0
2850000	80.0
2860000	100.0
2870000	92.0
2880000	106.0
2890000	93.0
2900000	80.0
2910000	87.0
2920000	80.0
2930000	74.0
2940000	83.0
2950000	84.0
2960000	76.0
2970000	90.0
2980000	103.0
2990000	97.0
3000000	93.0
3010000	93.0
3020000	95.0
3030000	82.0
3040000	82.0
3050000	88.0
3060000	92.0
3070000	85.0
3080000	94.0
3090000	103.0
3100000	87.0
3110000	105.0
3120000	96.0
3130000	75.0
3140000	102.0
3150000	83.0
3160000	104.0
3170000	81.0
3180000	91.0
3190000	96.0
3200000	100.0
3210000	83.0
3220000	91.0
3230000	105.0
3240000	85.0
3250000	91.0
3260000	101.0
3270000	90.0
3280000	88.0
3290000	89.0
3300000	89.0
3310000	96.0
3320000	102.0
3330000	96.0
3340000	85.0
3350000	103.0
3360000	87.0
3370000	94.0
3380000	95.0
3390000	97.0
3400000	86.0
3410000	98.0
3420000	90.0
3430000	103.0
3440000	97.0
3450000	98.0
3460000	94.0
3470000	103.0
3480000	97.0
3490000	80.0
3500000	71.0
3510000	83.0
3520000	92.0
3530000	99.0
3540000	104.0
3550000	95.0
3560000	84.0
3570000	102.0
3580000	105.0
3590000	107.0
3600000	102.0
3610000	92.0
3620000	94.0
3630000	99.0
3640000	93.0
3650000	91.0
3660000	96.0
3670000	101.0
3680000	93.0
3690000	97.0
3700000	98.0
3710000	91.0
3720000	86.0
3730000	98.0
3740000	102.0
3750000	105.0
3760000	107.0
3770000	101.0
3780000	108.0
3790000	106.0
3800000	103.0
3810000	100.0
3820000	99.0
3830000	94.0
3840000	104.0
3850000	82.0
3860000	101.0
3870000	96.0
3880000	93.0
3890000	108.0
3900000	109.0
3910000	96.0
3920000	100.0
3930000	84.0
3940000	103.0
3950000	97.0
3960000	98.0
3970000	68.0
3980000	92.0
3990000	94.0
4000000	107.0
