10000	2.0
20000	1.0
30000	1.0
40000	2.0
50000	1.0
60000	1.0
70000	0.0
80000	1.0
90000	1.0
100000	2.0
110000	0.0
120000	2.0
130000	3.0
140000	1.0
150000	0.0
160000	2.0
170000	4.0
180000	1.0
190000	1.0
200000	1.0
210000	3.0
220000	1.0
230000	2.0
240000	2.0
250000	2.0
260000	2.0
270000	0.0
280000	2.0
290000	4.0
300000	1.0
310000	3.0
320000	3.0
330000	2.0
340000	0.0
350000	0.0
360000	0.0
370000	0.0
380000	0.0
390000	0.0
400000	2.0
410000	2.0
420000	0.0
430000	1.0
440000	1.0
450000	3.0
460000	2.0
470000	1.0
480000	1.0
490000	0.0
500000	1.0
510000	3.0
520000	4.0
530000	3.0
540000	1.0
550000	0.0
560000	0.0
570000	0.0
580000	0.0
590000	0.0
600000	3.0
610000	2.0
620000	3.0
630000	1.0
640000	5.0
650000	3.0
660000	1.0
670000	1.0
680000	1.0
690000	4.0
700000	2.0
710000	3.0
720000	1.0
730000	2.0
740000	0.0
750000	0.0
760000	0.0
770000	0.0
780000	0.0
790000	0.0
800000	3.0
810000	1.0
820000	1.0
830000	2.0
840000	1.0
850000	0.0
860000	2.0
870000	0.0
880000	0.0
890000	0.0
900000	1.0
910000	0.0
920000	1.0
930000	1.0
940000	1.0
950000	2.0
960000	1.0
970000	1.0
980000	1.0
990000	1.0
1000000	3.0
1010000	1.0
1020000	2.0
1030000	0.0
1040000	0.0
1050000	0.0
1060000	0.0
1070000	0.0
1080000	0.0
1090000	0.0
1100000	1.0
1110000	1.0
1120000	0.0
1130000	1.0
1140000	1.0
1150000	2.0
1160000	3.0
1170000	1.0
1180000	1.0
1190000	4.0
1200000	0.0
1210000	6.0
1220000	1.0
1230000	1.0
1240000	2.0
1250000	1.0
1260000	3.0
1270000	6.0
1280000	3.0
1290000	1.0
1300000	0.0
1310000	3.0
1320000	1.0
1330000	1.0
1340000	3.0
1350000	0.0
1360000	0.0
1370000	0.0
1380000	0.0
1390000	0.0
1400000	0.0
1410000	1.0
1420000	1.0
1430000	2.0
1440000	1.0
1450000	3.0
1460000	3.0
1470000	0.0
1480000	3.0
1490000	2.0
1500000	4.0
1510000	2.0
1520000	9.0
1530000	13.0
1540000	5.0
1550000	3.0
1560000	4.0
1570000	12.0
1580000	9.0
1590000	15.0
1600000	12.0
1610000	14.0
1620000	29.0
1630000	28.0
1640000	10.0
1650000	2.0
1660000	0.0
1670000	0.0
1680000	0.0
1690000	0.0
1700000	0.0
1710000	0.0
1720000	0.0
1730000	3.0
1740000	0.0
1750000	0.0
1760000	0.0
1770000	0.0
1780000	0.0
1790000	0.0
1800000	2.0
1810000	0.0
1820000	0.0
1830000	0.0
1840000	1.0
1850000	2.0
1860000	2.0
1870000	2.0
1880000	1.0
1890000	1.0
1900000	2.0
1910000	5.0
1920000	2.0
1930000	5.0
1940000	2.0
1950000	4.0
1960000	2.0
1970000	8.0
1980000	4.0
1990000	2.0
2000000	3.0
2010000	7.0
2020000	26.0
2030000	20.0
2040000	4.0
2050000	4.0
2060000	9.0
2070000	15.0
2080000	3.0
2090000	13.0
2100000	8.0
2110000	12.0
2120000	8.0
2130000	17.0
2140000	17.0
2150000	28.0
2160000	15.0
2170000	27.0
2180000	19.0
2190000	21.0
2200000	29.0
2210000	13.0
2220000	27.0
2230000	18.0
2240000	28.0
2250000	12.0
2260000	45.0
2270000	13.0
2280000	45.0
2290000	47.0
2300000	28.0
2310000	13.0
2320000	44.0
2330000	39.0
2340000	56.0
2350000	37.0
2360000	35.0
2370000	14.0
2380000	1.0
2390000	2.0
2400000	1.0
2410000	3.0
2420000	2.0
2430000	0.0
2440000	0.0
2450000	0.0
2460000	0.0
2470000	0.0
2480000	0.0
2490000	0.0
2500000	0.0
2510000	1.0
2520000	0.0
2530000	2.0
2540000	2.0
2550000	1.0
2560000	1.0
2570000	2.0
2580000	1.0
2590000	2.0
2600000	6.0
2610000	0.0
2620000	3.0
2630000	2.0
2640000	3.0
2650000	1.0
2660000	1.0
2670000	2.0
2680000	0.0
2690000	0.0
2700000	0.0
2710000	0.0
2720000	1.0
2730000	1.0
2740000	1.0
2750000	1.0
2760000	0.0
2770000	0.0
2780000	3.0
2790000	0.0
2800000	0.0
2810000	2.0
2820000	5.0
2830000	3.0
2840000	1.0
2850000	3.0
2860000	1.0
2870000	3.0
2880000	2.0
2890000	6.0
2900000	4.0
2910000	2.0
2920000	5.0
2930000	13.0
2940000	14.0
2950000	13.0
2960000	10.0
2970000	19.0
2980000	12.0
2990000	14.0
3000000	23.0
3010000	29.0
3020000	27.0
3030000	26.0
3040000	27.0
3050000	32.0
3060000	23.0
3070000	36.0
3080000	33.0
3090000	21.0
3100000	22.0
3110000	35.0
3120000	49.0
3130000	40.0
3140000	37.0
3150000	53.0
3160000	42.0
3170000	28.0
3180000	46.0
3190000	36.0
3200000	42.0
3210000	38.0
3220000	33.0
3230000	33.0
3240000	42.0
3250000	45.0
3260000	45.0
3270000	35.0
3280000	29.0
3290000	19.0
3300000	34.0
3310000	46.0
3320000	51.0
3330000	55.0
3340000	44.0
3350000	38.0
3360000	45.0
3370000	45.0
3380000	53.0
3390000	38.0
3400000	40.0
3410000	33.0
3420000	49.0
3430000	50.0
3440000	51.0
3450000	59.0
3460000	46.0
3470000	50.0
3480000	63.0
3490000	67.0
3500000	53.0
3510000	68.0
3520000	60.0
3530000	62.0
3540000	64.0
3550000	57.0
3560000	50.0
3570000	46.0
3580000	56.0
3590000	70.0
3600000	43.0
3610000	59.0
3620000	59.0
3630000	54.0
3640000	55.0
3650000	42.0
3660000	54.0
3670000	70.0
3680000	70.0
3690000	51.0
3700000	63.0
3710000	68.0
3720000	45.0
3730000	64.0
3740000	76.0
3750000	67.0
3760000	54.0
3770000	61.0
3780000	57.0
3790000	57.0
3800000	70.0
3810000	80.0
3820000	79.0
3830000	77.0
3840000	66.0
3850000	72.0
3860000	75.0
3870000	50.0
3880000	66.0
3890000	71.0
3900000	67.0
3910000	63.0
3920000	64.0
3930000	66.0
3940000	62.0
3950000	65.0
3960000	68.0
3970000	75.0
3980000	87.0
3990000	58.0
4000000	78.0
