10000	0.0
20000	2.0
30000	3.0
40000	3.0
50000	0.0
60000	2.0
70000	3.0
80000	3.0
90000	0.0
100000	1.0
110000	1.0
120000	2.0
130000	3.0
140000	2.0
150000	3.0
160000	1.0
170000	1.0
180000	1.0
190000	1.0
200000	2.0
210000	1.0
220000	0.0
230000	0.0
240000	3.0
250000	1.0
260000	2.0
270000	2.0
280000	1.0
290000	0.0
300000	0.0
310000	0.0
320000	0.0
330000	0.0
340000	1.0
350000	1.0
360000	2.0
370000	2.0
380000	1.0
390000	2.0
400000	2.0
410000	2.0
420000	0.0
430000	1.0
440000	2.0
450000	1.0
460000	0.0
470000	0.0
480000	1.0
490000	2.0
500000	2.0
510000	1.0
520000	1.0
530000	1.0
540000	0.0
550000	0.0
560000	0.0
570000	1.0
580000	0.0
590000	0.0
600000	2.0
610000	1.0
620000	0.0
630000	5.0
640000	0.0
650000	7.0
660000	13.0
670000	0.0
680000	8.0
690000	7.0
700000	12.0
710000	4.0
720000	3.0
730000	15.0
740000	6.0
750000	9.0
760000	14.0
770000	28.0
780000	15.0
790000	18.0
800000	23.0
810000	27.0
820000	16.0
830000	26.0
840000	28.0
850000	26.0
860000	41.0
870000	38.0
880000	32.0
890000	48.0
900000	32.0
910000	42.0
920000	38.0
930000	50.0
940000	23.0
950000	45.0
960000	53.0
970000	45.0
980000	50.0
990000	43.0
1000000	47.0
1010000	53.0
1020000	52.0
1030000	43.0
1040000	45.0
1050000	69.0
1060000	44.0
1070000	64.0
1080000	49.0
1090000	56.0
1100000	50.0
1110000	47.0
1120000	58.0
1130000	69.0
1140000	58.0
1150000	74.0
1160000	59.0
1170000	59.0
1180000	67.0
1190000	46.0
1200000	50.0
1210000	49.0
1220000	68.0
1230000	63.0
1240000	56.0
1250000	44.0
1260000	65.0
1270000	71.0
1280000	70.0
1290000	72.0
1300000	80.0
1310000	76.0
1320000	36.0
1330000	66.0
1340000	66.0
1350000	66.0
1360000	65.0
1370000	76.0
1380000	79.0
1390000	90.0
1400000	78.0
1410000	59.0
1420000	70.0
1430000	67.0
1440000	66.0
1450000	68.0
1460000	63.0
1470000	61.0
1480000	80.0
1490000	69.0
1500000	77.0
1510000	49.0
1520000	60.0
1530000	71.0
1540000	63.0
1550000	82.0
1560000	74.0
1570000	73.0
1580000	70.0
1590000	73.0
1600000	88.0
1610000	73.0
1620000	77.0
1630000	77.0
1640000	81.0
1650000	84.0
1660000	59.0
1670000	88.0
1680000	55.0
1690000	63.0
1700000	69.0
1710000	77.0
1720000	72.0
1730000	86.0
1740000	85.0
1750000	88.0
1760000	82.0
1770000	72.0
1780000	73.0
1790000	85.0
1800000	72.0
1810000	80.0
1820000	80.0
1830000	87.0
1840000	77.0
1850000	75.0
1860000	83.0
1870000	78.0
1880000	58.0
1890000	74.0
1900000	87.0
1910000	94.0
1920000	88.0
1930000	87.0
1940000	83.0
1950000	80.0
1960000	92.0
1970000	89.0
1980000	61.0
1990000	83.0
2000000	82.0
2010000	73.0
2020000	69.0
2030000	91.0
2040000	78.0
2050000	67.0
2060000	71.0
2070000	87.0
2080000	76.0
2090000	83.0
2100000	81.0
2110000	92.0
2120000	74.0
2130000	99.0
2140000	96.0
2150000	92.0
2160000	89.0
2170000	47.0
2180000	83.0
2190000	89.0
2200000	92.0
2210000	86.0
2220000	101.0
2230000	92.0
2240000	104.0
2250000	94.0
2260000	90.0
2270000	89.0
2280000	84.0
2290000	78.0
2300000	82.0
2310000	91.0
2320000	108.0
2330000	92.0
2340000	84.0
2350000	88.0
2360000	68.0
2370000	97.0
2380000	84.0
2390000	86.0
2400000	99.0
2410000	91.0
2420000	83.0
2430000	98.0
2440000	92.0
2450000	97.0
2460000	90.0
2470000	95.0
2480000	94.0
2490000	82.0
2500000	89.0
2510000	79.0
2520000	88.0
2530000	93.0
2540000	94.0
2550000	94.0
2560000	100.0
2570000	95.0
2580000	95.0
2590000	89.0
2600000	94.0
2610000	106.0
2620000	100.0
2630000	93.0
2640000	91.0
2650000	78.0
2660000	94.0
2670000	91.0
2680000	92.0
2690000	70.0
2700000	91.0
2710000	85.0
2720000	98.0
2730000	82.0
2740000	85.0
2750000	93.0
2760000	90.0
2770000	85.0
2780000	84.0
2790000	65.0
2800000	85.0
2810000	86.0
2820000	105.0
2830000	87.0
2840000	96.0
2850000	98.0
2860000	95.0
2870000	105.0
2880000	92.0
2890000	89.0
2900000	93.0
2910000	83.0
2920000	89.0
2930000	87.0
2940000	54.0
2950000	34.0
2960000	81.0
2970000	80.0
2980000	102.0
2990000	88.0
3000000	100.0
3010000	99.0
3020000	87.0
3030000	107.0
3040000	102.0
3050000	90.0
3060000	97.0
3070000	91.0
3080000	96.0
3090000	95.0
3100000	79.0
3110000	102.0
3120000	97.0
3130000	91.0
3140000	104.0
3150000	89.0
3160000	75.0
3170000	100.0
3180000	92.0
3190000	101.0
3200000	99.0
3210000	98.0
3220000	100.0
3230000	91.0
3240000	101.0
3250000	104.0
3260000	86.0
3270000	100.0
3280000	87.0
3290000	100.0
3300000	111.0
3310000	100.0
3320000	84.0
3330000	93.0
3340000	85.0
3350000	102.0
3360000	92.0
3370000	98.0
3380000	21.0
3390000	95.0
3400000	97.0
3410000	94.0
3420000	96.0
3430000	109.0
3440000	101.0
3450000	108.0
3460000	104.0
3470000	92.0
3480000	99.0
3490000	84.0
3500000	94.0
3510000	105.0
3520000	99.0
3530000	88.0
3540000	96.0
3550000	99.0
3560000	94.0
3570000	92.0
3580000	90.0
3590000	94.0
3600000	78.0
3610000	94.0
3620000	98.0
3630000	102.0
3640000	97.0
3650000	98.0
3660000	98.0
3670000	99.0
3680000	108.0
3690000	95.0
3700000	98.0
3710000	93.0
3720000	100.0
3730000	107.0
3740000	90.0
3750000	97.0
3760000	92.0
3770000	98.0
3780000	89.0
3790000	103.0
3800000	80.0
3810000	92.0
3820000	65.0
3830000	97.0
3840000	103.0
3850000	108.0
3860000	111.0
3870000	96.0
3880000	95.0
3890000	104.0
3900000	101.0
3910000	104.0
3920000	97.0
3930000	104.0
3940000	87.0
3950000	96.0
3960000	98.0
3970000	101.0
3980000	99.0
3990000	108.0
4000000	90.0
