10000	1.0
20000	1.0
30000	2.0
40000	1.0
50000	0.0
60000	0.0
70000	1.0
80000	4.0
90000	1.0
100000	3.0
110000	3.0
120000	1.0
130000	1.0
140000	2.0
150000	1.0
160000	3.0
170000	0.0
180000	1.0
190000	2.0
200000	2.0
210000	1.0
220000	3.0
230000	3.0
240000	1.0
250000	0.0
260000	0.0
270000	0.0
280000	0.0
290000	0.0
300000	0.0
310000	0.0
320000	0.0
330000	3.0
340000	2.0
350000	5.0
360000	6.0
370000	0.0
380000	1.0
390000	4.0
400000	0.0
410000	1.0
420000	2.0
430000	2.0
440000	1.0
450000	3.0
460000	2.0
470000	3.0
480000	1.0
490000	0.0
500000	2.0
510000	1.0
520000	2.0
530000	2.0
540000	0.0
550000	0.0
560000	0.0
570000	1.0
580000	0.0
590000	1.0
600000	3.0
610000	0.0
620000	1.0
630000	1.0
640000	0.0
650000	1.0
660000	1.0
670000	0.0
680000	2.0
690000	1.0
700000	0.0
710000	1.0
720000	0.0
730000	0.0
740000	0.0
750000	1.0
760000	2.0
770000	0.0
780000	2.0
790000	2.0
800000	1.0
810000	0.0
820000	0.0
830000	1.0
840000	0.0
850000	3.0
860000	2.0
870000	1.0
880000	0.0
890000	1.0
900000	2.0
910000	0.0
920000	0.0
930000	0.0
940000	1.0
950000	1.0
960000	0.0
970000	1.0
980000	0.0
990000	5.0
1000000	1.0
1010000	3.0
1020000	0.0
1030000	3.0
1040000	1.0
1050000	1.0
1060000	7.0
1070000	7.0
1080000	6.0
1090000	9.0
1100000	5.0
1110000	4.0
1120000	3.0
1130000	7.0
1140000	0.0
1150000	16.0
1160000	8.0
1170000	8.0
1180000	11.0
1190000	4.0
1200000	20.0
1210000	19.0
1220000	7.0
1230000	14.0
1240000	16.0
1250000	26.0
1260000	27.0
1270000	21.0
1280000	46.0
1290000	38.0
1300000	45.0
1310000	36.0
1320000	29.0
1330000	53.0
1340000	47.0
1350000	22.0
1360000	52.0
1370000	63.0
1380000	47.0
1390000	29.0
1400000	45.0
1410000	48.0
1420000	51.0
1430000	67.0
1440000	60.0
1450000	65.0
1460000	62.0
1470000	56.0
1480000	64.0
1490000	63.0
1500000	68.0
1510000	48.0
1520000	52.0
1530000	39.0
1540000	41.0
1550000	54.0
1560000	45.0
1570000	68.0
1580000	61.0
1590000	50.0
1600000	46.0
1610000	47.0
1620000	71.0
1630000	59.0
1640000	67.0
1650000	58.0
1660000	68.0
1670000	75.0
1680000	69.0
1690000	65.0
1700000	57.0
1710000	69.0
1720000	71.0
1730000	46.0
1740000	33.0
1750000	70.0
1760000	68.0
1770000	68.0
1780000	49.0
1790000	51.0
1800000	62.0
1810000	69.0
1820000	63.0
1830000	53.0
1840000	55.0
1850000	56.0
1860000	77.0
1870000	66.0
1880000	70.0
1890000	68.0
1900000	43.0
1910000	65.0
1920000	75.0
1930000	53.0
1940000	47.0
1950000	66.0
1960000	74.0
1970000	70.0
1980000	73.0
1990000	71.0
2000000	62.0
2010000	60.0
2020000	72.0
2030000	53.0
2040000	56.0
2050000	76.0
2060000	68.0
2070000	64.0
2080000	72.0
2090000	71.0
2100000	47.0
2110000	71.0
2120000	75.0
2130000	75.0
2140000	46.0
2150000	67.0
2160000	68.0
2170000	72.0
2180000	76.0
2190000	65.0
2200000	52.0
2210000	67.0
2220000	79.0
2230000	96.0
2240000	88.0
2250000	73.0
2260000	78.0
2270000	59.0
2280000	73.0
2290000	70.0
2300000	94.0
2310000	39.0
2320000	74.0
2330000	72.0
2340000	78.0
2350000	70.0
2360000	84.0
2370000	89.0
2380000	70.0
2390000	86.0
2400000	80.0
2410000	84.0
2420000	66.0
2430000	89.0
2440000	81.0
2450000	83.0
2460000	84.0
2470000	75.0
2480000	64.0
2490000	77.0
2500000	64.0
2510000	75.0
2520000	68.0
2530000	94.0
2540000	89.0
2550000	78.0
2560000	67.0
2570000	91.0
2580000	81.0
2590000	84.0
2600000	82.0
2610000	85.0
2620000	61.0
2630000	92.0
2640000	78.0
2650000	85.0
2660000	87.0
2670000	79.0
2680000	90.0
2690000	77.0
2700000	87.0
2710000	91.0
2720000	74.0
2730000	65.0
2740000	66.0
2750000	68.0
2760000	77.0
2770000	94.0
2780000	85.0
2790000	82.0
2800000	91.0
2810000	103.0
2820000	87.0
2830000	97.0
2840000	97.0
2850000	84.0
2860000	82.0
2870000	69.0
2880000	90.0
2890000	82.0
2900000	81.0
2910000	97.0
2920000	86.0
2930000	92.0
2940000	82.0
2950000	98.0
2960000	92.0
2970000	84.0
2980000	82.0
2990000	90.0
3000000	81.0
3010000	87.0
3020000	90.0
3030000	59.0
3040000	74.0
3050000	87.0
3060000	85.0
3070000	86.0
3080000	79.0
3090000	96.0
3100000	87.0
3110000	77.0
3120000	93.0
3130000	78.0
3140000	83.0
3150000	65.0
3160000	92.0
3170000	100.0
3180000	85.0
3190000	84.0
3200000	88.0
3210000	86.0
3220000	90.0
3230000	89.0
3240000	91.0
3250000	93.0
3260000	76.0
3270000	82.0
3280000	50.0
3290000	91.0
3300000	74.0
3310000	88.0
3320000	94.0
3330000	98.0
3340000	80.0
3350000	95.0
3360000	98.0
3370000	80.0
3380000	88.0
3390000	77.0
3400000	99.0
3410000	96.0
3420000	87.0
3430000	68.0
3440000	87.0
3450000	84.0
3460000	85.0
3470000	91.0
3480000	92.0
3490000	96.0
3500000	96.0
3510000	96.0
3520000	99.0
3530000	89.0
3540000	83.0
3550000	93.0
3560000	87.0
3570000	61.0
3580000	104.0
3590000	87.0
3600000	86.0
3610000	93.0
3620000	69.0
3630000	103.0
3640000	96.0
3650000	87.0
3660000	93.0
3670000	91.0
3680000	93.0
3690000	53.0
3700000	33.0
3710000	81.0
3720000	96.0
3730000	110.0
3740000	92.0
3750000	99.0
3760000	89.0
3770000	96.0
3780000	97.0
3790000	90.0
3800000	101.0
3810000	85.0
3820000	76.0
3830000	95.0
3840000	85.0
3850000	90.0
3860000	83.0
3870000	90.0
3880000	92.0
3890000	100.0
3900000	98.0
3910000	87.0
3920000	87.0
3930000	99.0
3940000	88.0
3950000	86.0
3960000	80.0
3970000	98.0
3980000	83.0
3990000	95.0
4000000	93.0
