10000	1.0
20000	2.0
30000	2.0
40000	3.0
50000	2.0
60000	3.0
70000	2.0
80000	3.0
90000	2.0
100000	3.0
110000	4.0
120000	3.0
130000	1.0
140000	3.0
150000	3.0
160000	2.0
170000	2.0
180000	1.0
190000	4.0
200000	3.0
210000	3.0
220000	5.0
230000	3.0
240000	3.0
250000	2.0
260000	0.0
270000	0.0
280000	0.0
290000	2.0
300000	2.0
310000	6.0
320000	23.0
330000	43.0
340000	80.0
350000	125.0
360000	133.0
370000	156.0
380000	151.0
390000	144.0
400000	148.0
410000	119.0
420000	72.0
430000	108.0
440000	90.0
450000	144.0
460000	141.0
470000	141.0
480000	145.0
490000	122.0
500000	151.0
510000	146.0
520000	138.0
530000	108.0
540000	146.0
550000	127.0
560000	150.0
570000	156.0
580000	154.0
590000	164.0
600000	156.0
610000	147.0
620000	149.0
630000	155.0
640000	106.0
650000	164.0
660000	155.0
670000	169.0
680000	139.0
690000	157.0
700000	127.0
710000	155.0
720000	171.0
730000	169.0
740000	166.0
750000	165.0
760000	169.0
770000	163.0
780000	168.0
790000	166.0
800000	95.0
810000	154.0
820000	169.0
830000	141.0
840000	178.0
850000	170.0
860000	174.0
870000	167.0
880000	173.0
890000	177.0
900000	170.0
910000	109.0
920000	173.0
930000	168.0
940000	179.0
950000	153.0
960000	175.0
970000	174.0
980000	174.0
990000	175.0
1000000	176.0
1010000	128.0
1020000	138.0
1030000	181.0
1040000	173.0
1050000	183.0
1060000	172.0
1070000	175.0
1080000	181.0
1090000	181.0
1100000	128.0
1110000	181.0
1120000	144.0
1130000	175.0
1140000	175.0
1150000	178.0
1160000	181.0
1170000	178.0
1180000	178.0
1190000	164.0
1200000	174.0
1210000	153.0
1220000	182.0
1230000	188.0
1240000	181.0
1250000	174.0
1260000	163.0
1270000	174.0
1280000	170.0
1290000	166.0
1300000	176.0
1310000	156.0
1320000	145.0
1330000	183.0
1340000	178.0
1350000	176.0
1360000	132.0
1370000	179.0
1380000	179.0
1390000	177.0
1400000	185.0
1410000	187.0
1420000	187.0
1430000	161.0
1440000	179.0
1450000	189.0
1460000	174.0
1470000	152.0
1480000	186.0
1490000	186.0
1500000	186.0
1510000	188.0
1520000	183.0
1530000	188.0
1540000	136.0
1550000	186.0
1560000	174.0
1570000	185.0
1580000	184.0
1590000	168.0
1600000	188.0
1610000	183.0
1620000	190.0
1630000	189.0
1640000	131.0
1650000	148.0
1660000	177.0
1670000	184.0
1680000	190.0
1690000	193.0
1700000	192.0
1710000	176.0
1720000	187.0
1730000	184.0
1740000	187.0
1750000	112.0
1760000	186.0
1770000	192.0
1780000	193.0
1790000	192.0
1800000	188.0
1810000	188.0
1820000	181.0
1830000	183.0
1840000	187.0
1850000	103.0
1860000	159.0
1870000	191.0
1880000	191.0
1890000	187.0
1900000	191.0
1910000	191.0
1920000	185.0
1930000	189.0
1940000	190.0
1950000	190.0
1960000	77.0
1970000	190.0
1980000	189.0
1990000	173.0
2000000	189.0
2010000	188.0
2020000	185.0
2030000	190.0
2040000	188.0
2050000	190.0
2060000	175.0
2070000	67.0
2080000	192.0
2090000	195.0
2100000	192.0
2110000	188.0
2120000	190.0
2130000	190.0
2140000	184.0
2150000	190.0
2160000	187.0
2170000	126.0
2180000	156.0
2190000	191.0
2200000	188.0
2210000	181.0
2220000	192.0
2230000	174.0
2240000	186.0
2250000	191.0
2260000	191.0
2270000	185.0
2280000	89.0
2290000	193.0
2300000	193.0
2310000	187.0
2320000	194.0
2330000	192.0
2340000	191.0
2350000	192.0
2360000	191.0
2370000	190.0
2380000	130.0
2390000	115.0
2400000	188.0
2410000	194.0
2420000	189.0
2430000	186.0
2440000	186.0
2450000	187.0
2460000	189.0
2470000	187.0
2480000	184.0
2490000	84.0
2500000	147.0
2510000	195.0
2520000	190.0
2530000	191.0
2540000	192.0
2550000	190.0
2560000	187.0
2570000	189.0
2580000	187.0
2590000	190.0
2600000	112.0
2610000	192.0
2620000	195.0
2630000	192.0
2640000	196.0
2650000	188.0
2660000	193.0
2670000	190.0
2680000	194.0
2690000	199.0
2700000	117.0
2710000	153.0
2720000	188.0
2730000	194.0
2740000	195.0
2750000	191.0
2760000	193.0
2770000	191.0
2780000	189.0
2790000	190.0
2800000	196.0
2810000	84.0
2820000	175.0
2830000	193.0
2840000	193.0
2850000	196.0
2860000	193.0
2870000	195.0
2880000	196.0
2890000	198.0
2900000	195.0
2910000	190.0
2920000	99.0
2930000	196.0
2940000	194.0
2950000	201.0
2960000	192.0
2970000	197.0
2980000	191.0
2990000	197.0
3000000	188.0
