10000	1.0
20000	1.0
30000	4.0
40000	2.0
50000	2.0
60000	4.0
70000	0.0
80000	2.0
90000	4.0
100000	1.0
110000	1.0
120000	2.0
130000	4.0
140000	5.0
150000	2.0
160000	3.0
170000	2.0
180000	2.0
190000	1.0
200000	3.0
210000	3.0
220000	2.0
230000	3.0
240000	3.0
250000	4.0
260000	0.0
270000	0.0
280000	7.0
290000	10.0
300000	30.0
310000	39.0
320000	54.0
330000	100.0
340000	129.0
350000	115.0
360000	119.0
370000	147.0
380000	158.0
390000	152.0
400000	143.0
410000	152.0
420000	140.0
430000	145.0
440000	156.0
450000	145.0
460000	151.0
470000	151.0
480000	147.0
490000	165.0
500000	159.0
510000	159.0
520000	172.0
530000	162.0
540000	165.0
550000	159.0
560000	165.0
570000	171.0
580000	163.0
590000	166.0
600000	178.0
610000	171.0
620000	169.0
630000	172.0
640000	168.0
650000	173.0
660000	176.0
670000	171.0
680000	182.0
690000	177.0
700000	177.0
710000	178.0
720000	169.0
730000	177.0
740000	175.0
750000	176.0
760000	172.0
770000	180.0
780000	179.0
790000	176.0
800000	177.0
810000	182.0
820000	179.0
830000	179.0
840000	166.0
850000	151.0
860000	183.0
870000	179.0
880000	185.0
890000	182.0
900000	182.0
910000	179.0
920000	181.0
930000	187.0
940000	174.0
950000	188.0
960000	182.0
970000	184.0
980000	184.0
990000	189.0
1000000	187.0
1010000	190.0
1020000	186.0
1030000	186.0
1040000	185.0
1050000	188.0
1060000	193.0
1070000	188.0
1080000	189.0
1090000	189.0
1100000	190.0
1110000	186.0
1120000	185.0
1130000	185.0
1140000	188.0
1150000	185.0
1160000	187.0
1170000	186.0
1180000	186.0
1190000	189.0
1200000	186.0
1210000	186.0
1220000	189.0
1230000	188.0
1240000	189.0
1250000	192.0
1260000	190.0
1270000	193.0
1280000	194.0
1290000	185.0
1300000	190.0
1310000	186.0
1320000	191.0
1330000	196.0
1340000	191.0
1350000	193.0
1360000	192.0
1370000	190.0
1380000	194.0
1390000	194.0
1400000	195.0
1410000	194.0
1420000	188.0
1430000	192.0
1440000	195.0
1450000	192.0
1460000	192.0
1470000	193.0
1480000	187.0
1490000	189.0
1500000	185.0
1510000	192.0
1520000	192.0
1530000	196.0
1540000	192.0
1550000	191.0
1560000	195.0
1570000	191.0
1580000	195.0
1590000	195.0
1600000	195.0
1610000	193.0
1620000	198.0
1630000	198.0
1640000	194.0
1650000	193.0
1660000	198.0
1670000	194.0
1680000	199.0
1690000	192.0
1700000	194.0
1710000	195.0
1720000	198.0
1730000	193.0
1740000	192.0
1750000	195.0
1760000	197.0
1770000	194.0
1780000	195.0
1790000	193.0
1800000	196.0
1810000	195.0
1820000	191.0
1830000	194.0
1840000	197.0
1850000	191.0
1860000	199.0
1870000	196.0
1880000	197.0
1890000	196.0
1900000	198.0
1910000	197.0
1920000	197.0
1930000	194.0
1940000	196.0
1950000	195.0
1960000	195.0
1970000	195.0
1980000	195.0
1990000	191.0
2000000	194.0
2010000	195.0
2020000	200.0
2030000	190.0
2040000	197.0
2050000	197.0
2060000	197.0
2070000	200.0
2080000	194.0
2090000	196.0
2100000	196.0
2110000	197.0
2120000	194.0
2130000	198.0
2140000	199.0
2150000	198.0
2160000	197.0
2170000	197.0
2180000	199.0
2190000	194.0
2200000	196.0
2210000	194.0
2220000	199.0
2230000	196.0
2240000	195.0
2250000	197.0
2260000	194.0
2270000	200.0
2280000	200.0
2290000	199.0
2300000	197.0
2310000	198.0
2320000	199.0
2330000	195.0
2340000	196.0
2350000	194.0
2360000	198.0
2370000	200.0
2380000	195.0
2390000	199.0
2400000	198.0
2410000	198.0
2420000	197.0
2430000	199.0
2440000	196.0
2450000	199.0
2460000	199.0
2470000	195.0
2480000	199.0
2490000	196.0
2500000	197.0
2510000	196.0
2520000	196.0
2530000	196.0
2540000	198.0
2550000	197.0
2560000	196.0
2570000	200.0
2580000	203.0
2590000	195.0
2600000	199.0
2610000	199.0
2620000	202.0
2630000	196.0
2640000	196.0
2650000	197.0
2660000	196.0
2670000	198.0
2680000	198.0
2690000	198.0
2700000	198.0
2710000	197.0
2720000	196.0
2730000	197.0
2740000	195.0
2750000	197.0
2760000	199.0
2770000	197.0
2780000	201.0
2790000	201.0
2800000	196.0
2810000	199.0
2820000	198.0
2830000	197.0
2840000	198.0
2850000	199.0
2860000	197.0
2870000	201.0
2880000	196.0
2890000	199.0
2900000	201.0
2910000	201.0
2920000	200.0
2930000	198.0
2940000	197.0
2950000	198.0
2960000	198.0
2970000	200.0
2980000	194.0
2990000	197.0
3000000	200.0
