10000	4.0
20000	3.0
30000	5.0
40000	0.0
50000	2.0
60000	2.0
70000	1.0
80000	4.0
90000	2.0
100000	1.0
110000	2.0
120000	2.0
130000	2.0
140000	1.0
150000	5.0
160000	2.0
170000	2.0
180000	4.0
190000	2.0
200000	0.0
210000	2.0
220000	4.0
230000	3.0
240000	4.0
250000	3.0
260000	5.0
270000	1.0
280000	0.0
290000	2.0
300000	2.0
310000	4.0
320000	1.0
330000	1.0
340000	1.0
350000	1.0
360000	9.0
370000	4.0
380000	9.0
390000	22.0
400000	94.0
410000	74.0
420000	143.0
430000	137.0
440000	136.0
450000	142.0
460000	141.0
470000	148.0
480000	150.0
490000	153.0
500000	137.0
510000	136.0
520000	157.0
530000	152.0
540000	148.0
550000	162.0
560000	162.0
570000	170.0
580000	159.0
590000	165.0
600000	157.0
610000	170.0
620000	166.0
630000	172.0
640000	163.0
650000	162.0
660000	170.0
670000	167.0
680000	158.0
690000	167.0
700000	174.0
710000	172.0
720000	169.0
730000	165.0
740000	176.0
750000	172.0
760000	162.0
770000	165.0
780000	173.0
790000	173.0
800000	176.0
810000	175.0
820000	182.0
830000	175.0
840000	175.0
850000	175.0
860000	180.0
870000	181.0
880000	163.0
890000	182.0
900000	182.0
910000	178.0
920000	185.0
930000	183.0
940000	185.0
950000	183.0
960000	185.0
970000	183.0
980000	184.0
990000	183.0
1000000	184.0
1010000	181.0
1020000	184.0
1030000	186.0
1040000	185.0
1050000	186.0
1060000	177.0
1070000	184.0
1080000	185.0
1090000	190.0
1100000	186.0
1110000	189.0
1120000	189.0
1130000	187.0
1140000	191.0
1150000	186.0
1160000	187.0
1170000	188.0
1180000	193.0
1190000	188.0
1200000	192.0
1210000	191.0
1220000	185.0
1230000	184.0
1240000	185.0
1250000	187.0
1260000	186.0
1270000	191.0
1280000	194.0
1290000	191.0
1300000	185.0
1310000	189.0
1320000	195.0
1330000	189.0
1340000	192.0
1350000	193.0
1360000	189.0
1370000	182.0
1380000	189.0
1390000	191.0
1400000	190.0
1410000	192.0
1420000	192.0
1430000	194.0
1440000	195.0
1450000	192.0
1460000	190.0
1470000	193.0
1480000	196.0
1490000	194.0
1500000	197.0
1510000	193.0
1520000	193.0
1530000	182.0
1540000	195.0
1550000	196.0
1560000	193.0
1570000	193.0
1580000	192.0
1590000	196.0
1600000	197.0
1610000	193.0
1620000	192.0
1630000	189.0
1640000	195.0
1650000	193.0
1660000	190.0
1670000	195.0
1680000	196.0
1690000	198.0
1700000	198.0
1710000	194.0
1720000	195.0
1730000	200.0
1740000	196.0
1750000	202.0
1760000	196.0
1770000	197.0
1780000	191.0
1790000	199.0
1800000	197.0
1810000	201.0
1820000	196.0
1830000	195.0
1840000	197.0
1850000	200.0
1860000	194.0
1870000	195.0
1880000	192.0
1890000	194.0
1900000	198.0
1910000	193.0
1920000	199.0
1930000	194.0
1940000	197.0
1950000	192.0
1960000	196.0
1970000	197.0
1980000	198.0
1990000	196.0
2000000	195.0
2010000	196.0
2020000	198.0
2030000	194.0
2040000	196.0
2050000	194.0
2060000	194.0
2070000	195.0
2080000	191.0
2090000	194.0
2100000	198.0
2110000	195.0
2120000	197.0
2130000	199.0
2140000	199.0
2150000	194.0
2160000	190.0
2170000	193.0
2180000	194.0
2190000	196.0
2200000	197.0
2210000	197.0
2220000	197.0
2230000	197.0
2240000	199.0
2250000	194.0
2260000	199.0
2270000	192.0
2280000	200.0
2290000	198.0
2300000	196.0
2310000	194.0
2320000	197.0
2330000	199.0
2340000	197.0
2350000	195.0
2360000	199.0
2370000	198.0
2380000	201.0
2390000	197.0
2400000	198.0
2410000	202.0
2420000	198.0
2430000	199.0
2440000	198.0
2450000	198.0
2460000	201.0
2470000	195.0
2480000	197.0
2490000	198.0
2500000	195.0
2510000	198.0
2520000	199.0
2530000	201.0
2540000	198.0
2550000	199.0
2560000	196.0
2570000	199.0
2580000	195.0
2590000	197.0
2600000	198.0
2610000	195.0
2620000	194.0
2630000	197.0
2640000	199.0
2650000	201.0
2660000	196.0
2670000	196.0
2680000	200.0
2690000	195.0
2700000	199.0
2710000	199.0
2720000	195.0
2730000	196.0
2740000	200.0
2750000	196.0
2760000	198.0
2770000	200.0
2780000	198.0
2790000	197.0
2800000	195.0
2810000	197.0
2820000	195.0
2830000	197.0
2840000	200.0
2850000	198.0
2860000	196.0
2870000	195.0
2880000	195.0
2890000	196.0
2900000	197.0
2910000	198.0
2920000	197.0
2930000	195.0
2940000	198.0
2950000	200.0
2960000	200.0
2970000	195.0
2980000	195.0
2990000	200.0
3000000	195.0
