10000	3.0
20000	1.0
30000	2.0
40000	4.0
50000	3.0
60000	1.0
70000	1.0
80000	3.0
90000	3.0
100000	1.0
110000	2.0
120000	3.0
130000	5.0
140000	2.0
150000	2.0
160000	5.0
170000	4.0
180000	3.0
190000	4.0
200000	4.0
210000	2.0
220000	2.0
230000	1.0
240000	1.0
250000	1.0
260000	0.0
270000	0.0
280000	0.0
290000	8.0
300000	3.0
310000	7.0
320000	10.0
330000	26.0
340000	52.0
350000	86.0
360000	118.0
370000	146.0
380000	161.0
390000	157.0
400000	166.0
410000	158.0
420000	151.0
430000	154.0
440000	151.0
450000	163.0
460000	158.0
470000	157.0
480000	168.0
490000	159.0
500000	169.0
510000	169.0
520000	163.0
530000	171.0
540000	173.0
550000	172.0
560000	171.0
570000	174.0
580000	172.0
590000	173.0
600000	170.0
610000	167.0
620000	178.0
630000	170.0
640000	182.0
650000	181.0
660000	176.0
670000	175.0
680000	181.0
690000	180.0
700000	186.0
710000	178.0
720000	179.0
730000	181.0
740000	181.0
750000	185.0
760000	184.0
770000	179.0
780000	181.0
790000	184.0
800000	184.0
810000	185.0
820000	187.0
830000	183.0
840000	186.0
850000	190.0
860000	184.0
870000	181.0
880000	190.0
890000	187.0
900000	193.0
910000	188.0
920000	179.0
930000	185.0
940000	183.0
950000	187.0
960000	186.0
970000	175.0
980000	188.0
990000	187.0
1000000	187.0
1010000	186.0
1020000	193.0
1030000	192.0
1040000	189.0
1050000	188.0
1060000	194.0
1070000	193.0
1080000	193.0
1090000	189.0
1100000	190.0
1110000	187.0
1120000	183.0
1130000	193.0
1140000	194.0
1150000	186.0
1160000	194.0
1170000	195.0
1180000	179.0
1190000	192.0
1200000	192.0
1210000	187.0
1220000	192.0
1230000	194.0
1240000	193.0
1250000	194.0
1260000	189.0
1270000	176.0
1280000	187.0
1290000	179.0
1300000	189.0
1310000	192.0
1320000	194.0
1330000	192.0
1340000	190.0
1350000	199.0
1360000	196.0
1370000	188.0
1380000	195.0
1390000	193.0
1400000	188.0
1410000	196.0
1420000	191.0
1430000	193.0
1440000	192.0
1450000	193.0
1460000	188.0
1470000	193.0
1480000	193.0
1490000	194.0
1500000	185.0
1510000	192.0
1520000	194.0
1530000	194.0
1540000	195.0
1550000	197.0
1560000	193.0
1570000	191.0
1580000	191.0
1590000	190.0
1600000	191.0
1610000	195.0
1620000	193.0
1630000	195.0
1640000	196.0
1650000	194.0
1660000	184.0
1670000	195.0
1680000	194.0
1690000	198.0
1700000	196.0
1710000	192.0
1720000	191.0
1730000	189.0
1740000	194.0
1750000	196.0
1760000	195.0
1770000	196.0
1780000	197.0
1790000	193.0
1800000	193.0
1810000	197.0
1820000	194.0
1830000	197.0
1840000	198.0
1850000	196.0
1860000	193.0
1870000	193.0
1880000	198.0
1890000	198.0
1900000	199.0
1910000	199.0
1920000	193.0
1930000	199.0
1940000	195.0
1950000	196.0
1960000	195.0
1970000	195.0
1980000	199.0
1990000	193.0
2000000	192.0
2010000	196.0
2020000	197.0
2030000	197.0
2040000	197.0
2050000	195.0
2060000	197.0
2070000	200.0
2080000	199.0
2090000	196.0
2100000	197.0
2110000	198.0
2120000	196.0
2130000	196.0
2140000	198.0
2150000	198.0
2160000	197.0
2170000	195.0
2180000	200.0
2190000	197.0
2200000	193.0
2210000	196.0
2220000	196.0
2230000	198.0
2240000	198.0
2250000	192.0
2260000	198.0
2270000	201.0
2280000	182.0
2290000	197.0
2300000	194.0
2310000	194.0
2320000	196.0
2330000	200.0
2340000	202.0
2350000	196.0
2360000	200.0
2370000	193.0
2380000	196.0
2390000	200.0
2400000	197.0
2410000	202.0
2420000	197.0
2430000	198.0
2440000	194.0
2450000	198.0
2460000	198.0
2470000	199.0
2480000	198.0
2490000	199.0
2500000	198.0
2510000	201.0
2520000	195.0
2530000	194.0
2540000	198.0
2550000	194.0
2560000	197.0
2570000	200.0
2580000	198.0
2590000	197.0
2600000	195.0
2610000	128.0
2620000	194.0
2630000	198.0
2640000	200.0
2650000	199.0
2660000	197.0
2670000	198.0
2680000	195.0
2690000	194.0
2700000	197.0
2710000	196.0
2720000	196.0
2730000	194.0
2740000	199.0
2750000	197.0
2760000	198.0
2770000	198.0
2780000	202.0
2790000	197.0
2800000	196.0
2810000	199.0
2820000	199.0
2830000	200.0
2840000	196.0
2850000	197.0
2860000	197.0
2870000	194.0
2880000	196.0
2890000	198.0
2900000	200.0
2910000	197.0
2920000	199.0
2930000	196.0
2940000	195.0
2950000	202.0
2960000	198.0
2970000	202.0
2980000	199.0
2990000	199.0
3000000	202.0
