10000	2.0
20000	0.0
30000	3.0
40000	1.0
50000	2.0
60000	1.0
70000	3.0
80000	3.0
90000	2.0
100000	4.0
110000	2.0
120000	2.0
130000	1.0
140000	2.0
150000	3.0
160000	3.0
170000	2.0
180000	4.0
190000	1.0
200000	2.0
210000	2.0
220000	1.0
230000	2.0
240000	0.0
250000	4.0
260000	4.0
270000	1.0
280000	1.0
290000	1.0
300000	7.0
310000	14.0
320000	37.0
330000	111.0
340000	137.0
350000	144.0
360000	137.0
370000	147.0
380000	142.0
390000	152.0
400000	161.0
410000	154.0
420000	158.0
430000	155.0
440000	153.0
450000	158.0
460000	169.0
470000	163.0
480000	158.0
490000	160.0
500000	166.0
510000	167.0
520000	163.0
530000	173.0
540000	162.0
550000	171.0
560000	164.0
570000	169.0
580000	173.0
590000	175.0
600000	177.0
610000	178.0
620000	181.0
630000	181.0
640000	182.0
650000	176.0
660000	180.0
670000	173.0
680000	184.0
690000	187.0
700000	185.0
710000	180.0
720000	182.0
730000	181.0
740000	180.0
750000	183.0
760000	184.0
770000	181.0
780000	185.0
790000	188.0
800000	188.0
810000	183.0
820000	185.0
830000	182.0
840000	187.0
850000	190.0
860000	191.0
870000	187.0
880000	186.0
890000	182.0
900000	187.0
910000	188.0
920000	184.0
930000	188.0
940000	187.0
950000	187.0
960000	191.0
970000	191.0
980000	196.0
990000	186.0
1000000	189.0
1010000	194.0
1020000	190.0
1030000	189.0
1040000	191.0
1050000	188.0
1060000	187.0
1070000	196.0
1080000	188.0
1090000	191.0
1100000	193.0
1110000	190.0
1120000	189.0
1130000	187.0
1140000	189.0
1150000	193.0
1160000	190.0
1170000	189.0
1180000	192.0
1190000	191.0
1200000	161.0
1210000	178.0
1220000	192.0
1230000	190.0
1240000	188.0
1250000	194.0
1260000	192.0
1270000	191.0
1280000	194.0
1290000	195.0
1300000	187.0
1310000	195.0
1320000	189.0
1330000	189.0
1340000	192.0
1350000	192.0
1360000	196.0
1370000	193.0
1380000	195.0
1390000	191.0
1400000	195.0
1410000	193.0
1420000	192.0
1430000	190.0
1440000	194.0
1450000	194.0
1460000	195.0
1470000	196.0
1480000	193.0
1490000	197.0
1500000	194.0
1510000	197.0
1520000	199.0
1530000	193.0
1540000	195.0
1550000	193.0
1560000	196.0
1570000	196.0
1580000	197.0
1590000	191.0
1600000	196.0
1610000	195.0
1620000	193.0
1630000	195.0
1640000	195.0
1650000	198.0
1660000	198.0
1670000	196.0
1680000	195.0
1690000	196.0
1700000	197.0
1710000	196.0
1720000	193.0
1730000	196.0
1740000	196.0
1750000	198.0
1760000	195.0
1770000	197.0
1780000	195.0
1790000	195.0
1800000	196.0
1810000	196.0
1820000	188.0
1830000	191.0
1840000	194.0
1850000	193.0
1860000	200.0
1870000	196.0
1880000	192.0
1890000	193.0
1900000	195.0
1910000	194.0
1920000	198.0
1930000	195.0
1940000	196.0
1950000	194.0
1960000	195.0
1970000	195.0
1980000	195.0
1990000	199.0
2000000	199.0
2010000	197.0
2020000	201.0
2030000	199.0
2040000	198.0
2050000	195.0
2060000	198.0
2070000	197.0
2080000	196.0
2090000	194.0
2100000	197.0
2110000	198.0
2120000	199.0
2130000	195.0
2140000	195.0
2150000	196.0
2160000	196.0
2170000	192.0
2180000	200.0
2190000	196.0
2200000	195.0
2210000	193.0
2220000	197.0
2230000	194.0
2240000	196.0
2250000	199.0
2260000	194.0
2270000	193.0
2280000	197.0
2290000	196.0
2300000	197.0
2310000	198.0
2320000	199.0
2330000	194.0
2340000	201.0
2350000	197.0
2360000	198.0
2370000	199.0
2380000	199.0
2390000	199.0
2400000	196.0
2410000	197.0
2420000	199.0
2430000	197.0
2440000	199.0
2450000	195.0
2460000	195.0
2470000	198.0
2480000	198.0
2490000	198.0
2500000	198.0
2510000	199.0
2520000	196.0
2530000	199.0
2540000	198.0
2550000	197.0
2560000	198.0
2570000	199.0
2580000	196.0
2590000	197.0
2600000	196.0
2610000	198.0
2620000	192.0
2630000	200.0
2640000	197.0
2650000	195.0
2660000	195.0
2670000	195.0
2680000	198.0
2690000	196.0
2700000	195.0
2710000	197.0
2720000	197.0
2730000	197.0
2740000	199.0
2750000	200.0
2760000	191.0
2770000	197.0
2780000	198.0
2790000	194.0
2800000	197.0
2810000	199.0
2820000	197.0
2830000	195.0
2840000	198.0
2850000	194.0
2860000	199.0
2870000	196.0
2880000	194.0
2890000	195.0
2900000	193.0
2910000	197.0
2920000	199.0
2930000	195.0
2940000	197.0
2950000	163.0
2960000	170.0
2970000	196.0
2980000	196.0
2990000	199.0
3000000	197.0
