10000	3.0
20000	1.0
30000	1.0
40000	1.0
50000	2.0
60000	4.0
70000	4.0
80000	3.0
90000	2.0
100000	1.0
110000	3.0
120000	2.0
130000	1.0
140000	2.0
150000	2.0
160000	2.0
170000	1.0
180000	2.0
190000	1.0
200000	1.0
210000	2.0
220000	3.0
230000	1.0
240000	3.0
250000	1.0
260000	0.0
270000	0.0
280000	4.0
290000	16.0
300000	9.0
310000	56.0
320000	34.0
330000	5.0
340000	90.0
350000	148.0
360000	155.0
370000	152.0
380000	148.0
390000	154.0
400000	144.0
410000	146.0
420000	155.0
430000	161.0
440000	157.0
450000	158.0
460000	154.0
470000	157.0
480000	153.0
490000	158.0
500000	162.0
510000	172.0
520000	169.0
530000	167.0
540000	167.0
550000	169.0
560000	163.0
570000	177.0
580000	176.0
590000	179.0
600000	171.0
610000	177.0
620000	174.0
630000	170.0
640000	172.0
650000	176.0
660000	175.0
670000	179.0
680000	180.0
690000	185.0
700000	180.0
710000	182.0
720000	182.0
730000	178.0
740000	178.0
750000	184.0
760000	176.0
770000	181.0
780000	181.0
790000	182.0
800000	184.0
810000	183.0
820000	181.0
830000	182.0
840000	182.0
850000	186.0
860000	190.0
870000	183.0
880000	188.0
890000	177.0
900000	186.0
910000	186.0
920000	187.0
930000	190.0
940000	185.0
950000	190.0
960000	187.0
970000	189.0
980000	185.0
990000	189.0
1000000	191.0
1010000	193.0
1020000	188.0
1030000	194.0
1040000	188.0
1050000	191.0
1060000	194.0
1070000	192.0
1080000	191.0
1090000	193.0
1100000	189.0
1110000	192.0
1120000	185.0
1130000	191.0
1140000	193.0
1150000	189.0
1160000	191.0
1170000	190.0
1180000	193.0
1190000	192.0
1200000	191.0
1210000	196.0
1220000	195.0
1230000	189.0
1240000	195.0
1250000	191.0
1260000	194.0
1270000	197.0
1280000	193.0
1290000	197.0
1300000	194.0
1310000	195.0
1320000	191.0
1330000	194.0
1340000	190.0
1350000	192.0
1360000	193.0
1370000	196.0
1380000	194.0
1390000	194.0
1400000	195.0
1410000	194.0
1420000	195.0
1430000	196.0
1440000	199.0
1450000	196.0
1460000	199.0
1470000	194.0
1480000	200.0
1490000	193.0
1500000	195.0
1510000	197.0
1520000	197.0
1530000	196.0
1540000	195.0
1550000	193.0
1560000	196.0
1570000	200.0
1580000	199.0
1590000	195.0
1600000	196.0
1610000	201.0
1620000	194.0
1630000	196.0
1640000	200.0
1650000	194.0
1660000	198.0
1670000	194.0
1680000	196.0
1690000	197.0
1700000	195.0
1710000	195.0
1720000	194.0
1730000	197.0
1740000	197.0
1750000	197.0
1760000	197.0
1770000	199.0
1780000	200.0
1790000	198.0
1800000	197.0
1810000	197.0
1820000	199.0
1830000	199.0
1840000	197.0
1850000	198.0
1860000	198.0
1870000	194.0
1880000	193.0
1890000	198.0
1900000	197.0
1910000	197.0
1920000	197.0
1930000	198.0
1940000	201.0
1950000	197.0
1960000	196.0
1970000	194.0
1980000	194.0
1990000	196.0
2000000	197.0
2010000	195.0
2020000	197.0
2030000	198.0
2040000	198.0
2050000	195.0
2060000	197.0
2070000	196.0
2080000	198.0
2090000	199.0
2100000	197.0
2110000	194.0
2120000	199.0
2130000	198.0
2140000	197.0
2150000	194.0
2160000	197.0
2170000	196.0
2180000	195.0
2190000	195.0
2200000	195.0
2210000	198.0
2220000	199.0
2230000	201.0
2240000	193.0
2250000	198.0
2260000	199.0
2270000	201.0
2280000	201.0
2290000	193.0
2300000	202.0
2310000	202.0
2320000	200.0
2330000	198.0
2340000	199.0
2350000	197.0
2360000	201.0
2370000	195.0
2380000	196.0
2390000	199.0
2400000	201.0
2410000	196.0
2420000	199.0
2430000	195.0
2440000	204.0
2450000	196.0
2460000	197.0
2470000	196.0
2480000	197.0
2490000	198.0
2500000	196.0
2510000	194.0
2520000	195.0
2530000	197.0
2540000	198.0
2550000	201.0
2560000	200.0
2570000	199.0
2580000	200.0
2590000	200.0
2600000	196.0
2610000	199.0
2620000	201.0
2630000	197.0
2640000	198.0
2650000	198.0
2660000	198.0
2670000	198.0
2680000	198.0
2690000	199.0
2700000	200.0
2710000	197.0
2720000	198.0
2730000	200.0
2740000	201.0
2750000	199.0
2760000	198.0
2770000	198.0
2780000	199.0
2790000	199.0
2800000	199.0
2810000	193.0
2820000	198.0
2830000	195.0
2840000	198.0
2850000	200.0
2860000	199.0
2870000	201.0
2880000	200.0
2890000	200.0
2900000	200.0
2910000	197.0
2920000	202.0
2930000	201.0
2940000	202.0
2950000	198.0
2960000	201.0
2970000	201.0
2980000	199.0
2990000	199.0
3000000	201.0
