10000	3.0
20000	2.0
30000	3.0
40000	2.0
50000	4.0
60000	3.0
70000	3.0
80000	4.0
90000	1.0
100000	3.0
110000	2.0
120000	3.0
130000	4.0
140000	2.0
150000	2.0
160000	5.0
170000	2.0
180000	2.0
190000	1.0
200000	1.0
210000	3.0
220000	1.0
230000	4.0
240000	2.0
250000	3.0
260000	1.0
270000	0.0
280000	1.0
290000	2.0
300000	3.0
310000	19.0
320000	23.0
330000	78.0
340000	96.0
350000	68.0
360000	134.0
370000	129.0
380000	135.0
390000	139.0
400000	148.0
410000	144.0
420000	135.0
430000	144.0
440000	150.0
450000	144.0
460000	158.0
470000	156.0
480000	156.0
490000	165.0
500000	163.0
510000	164.0
520000	158.0
530000	162.0
540000	160.0
550000	166.0
560000	160.0
570000	162.0
580000	167.0
590000	168.0
600000	164.0
610000	156.0
620000	163.0
630000	153.0
640000	178.0
650000	170.0
660000	154.0
670000	167.0
680000	176.0
690000	175.0
700000	173.0
710000	181.0
720000	164.0
730000	168.0
740000	181.0
750000	182.0
760000	124.0
770000	178.0
780000	177.0
790000	183.0
800000	180.0
810000	178.0
820000	184.0
830000	180.0
840000	182.0
850000	184.0
860000	180.0
870000	174.0
880000	184.0
890000	187.0
900000	189.0
910000	182.0
920000	192.0
930000	187.0
940000	183.0
950000	185.0
960000	178.0
970000	188.0
980000	185.0
990000	188.0
1000000	185.0
1010000	185.0
1020000	183.0
1030000	190.0
1040000	182.0
1050000	186.0
1060000	189.0
1070000	190.0
1080000	188.0
1090000	168.0
1100000	180.0
1110000	187.0
1120000	191.0
1130000	192.0
1140000	188.0
1150000	190.0
1160000	193.0
1170000	190.0
1180000	190.0
1190000	192.0
1200000	193.0
1210000	191.0
1220000	191.0
1230000	194.0
1240000	193.0
1250000	195.0
1260000	190.0
1270000	189.0
1280000	188.0
1290000	195.0
1300000	120.0
1310000	153.0
1320000	186.0
1330000	179.0
1340000	187.0
1350000	186.0
1360000	193.0
1370000	193.0
1380000	193.0
1390000	193.0
1400000	195.0
1410000	193.0
1420000	193.0
1430000	195.0
1440000	194.0
1450000	192.0
1460000	195.0
1470000	194.0
1480000	196.0
1490000	194.0
1500000	192.0
1510000	197.0
1520000	196.0
1530000	197.0
1540000	201.0
1550000	194.0
1560000	194.0
1570000	197.0
1580000	193.0
1590000	197.0
1600000	200.0
1610000	198.0
1620000	195.0
1630000	195.0
1640000	196.0
1650000	195.0
1660000	195.0
1670000	199.0
1680000	192.0
1690000	194.0
1700000	200.0
1710000	195.0
1720000	196.0
1730000	192.0
1740000	195.0
1750000	192.0
1760000	196.0
1770000	188.0
1780000	196.0
1790000	194.0
1800000	195.0
1810000	194.0
1820000	194.0
1830000	195.0
1840000	194.0
1850000	197.0
1860000	194.0
1870000	196.0
1880000	195.0
1890000	195.0
1900000	196.0
1910000	197.0
1920000	194.0
1930000	194.0
1940000	197.0
1950000	196.0
1960000	197.0
1970000	201.0
1980000	191.0
1990000	194.0
2000000	194.0
2010000	200.0
2020000	199.0
2030000	197.0
2040000	197.0
2050000	194.0
2060000	196.0
2070000	194.0
2080000	195.0
2090000	196.0
2100000	195.0
2110000	194.0
2120000	197.0
2130000	194.0
2140000	193.0
2150000	195.0
2160000	198.0
2170000	193.0
2180000	197.0
2190000	195.0
2200000	198.0
2210000	194.0
2220000	200.0
2230000	198.0
2240000	200.0
2250000	196.0
2260000	198.0
2270000	196.0
2280000	197.0
2290000	191.0
2300000	196.0
2310000	197.0
2320000	198.0
2330000	196.0
2340000	199.0
2350000	197.0
2360000	196.0
2370000	197.0
2380000	197.0
2390000	198.0
2400000	195.0
2410000	199.0
2420000	197.0
2430000	196.0
2440000	197.0
2450000	197.0
2460000	177.0
2470000	189.0
2480000	196.0
2490000	197.0
2500000	197.0
2510000	197.0
2520000	196.0
2530000	194.0
2540000	198.0
2550000	196.0
2560000	196.0
2570000	196.0
2580000	199.0
2590000	191.0
2600000	192.0
2610000	197.0
2620000	198.0
2630000	196.0
2640000	196.0
2650000	197.0
2660000	199.0
2670000	201.0
2680000	200.0
2690000	200.0
2700000	198.0
2710000	195.0
2720000	201.0
2730000	197.0
2740000	195.0
2750000	200.0
2760000	198.0
2770000	199.0
2780000	196.0
2790000	193.0
2800000	197.0
2810000	195.0
2820000	195.0
2830000	196.0
2840000	197.0
2850000	199.0
2860000	199.0
2870000	198.0
2880000	196.0
2890000	199.0
2900000	198.0
2910000	195.0
2920000	198.0
2930000	190.0
2940000	190.0
2950000	198.0
2960000	198.0
2970000	195.0
2980000	200.0
2990000	196.0
3000000	197.0
