10000	2.0
20000	2.0
30000	3.0
40000	3.0
50000	3.0
60000	3.0
70000	2.0
80000	1.0
90000	2.0
100000	2.0
110000	3.0
120000	2.0
130000	2.0
140000	0.0
150000	2.0
160000	2.0
170000	2.0
180000	3.0
190000	1.0
200000	1.0
210000	3.0
220000	2.0
230000	3.0
240000	3.0
250000	2.0
260000	1.0
270000	2.0
280000	2.0
290000	1.0
300000	2.0
310000	1.0
320000	2.0
330000	0.0
340000	0.0
350000	2.0
360000	8.0
370000	4.0
380000	6.0
390000	18.0
400000	72.0
410000	130.0
420000	138.0
430000	137.0
440000	129.0
450000	144.0
460000	135.0
470000	147.0
480000	155.0
490000	136.0
500000	146.0
510000	143.0
520000	150.0
530000	146.0
540000	154.0
550000	144.0
560000	157.0
570000	158.0
580000	165.0
590000	154.0
600000	168.0
610000	166.0
620000	164.0
630000	163.0
640000	167.0
650000	167.0
660000	176.0
670000	165.0
680000	168.0
690000	169.0
700000	176.0
710000	175.0
720000	176.0
730000	174.0
740000	175.0
750000	179.0
760000	180.0
770000	178.0
780000	186.0
790000	181.0
800000	184.0
810000	182.0
820000	179.0
830000	184.0
840000	183.0
850000	181.0
860000	185.0
870000	182.0
880000	182.0
890000	179.0
900000	187.0
910000	185.0
920000	185.0
930000	184.0
940000	181.0
950000	188.0
960000	190.0
970000	186.0
980000	185.0
990000	190.0
1000000	191.0
1010000	192.0
1020000	194.0
1030000	190.0
1040000	190.0
1050000	187.0
1060000	193.0
1070000	191.0
1080000	178.0
1090000	173.0
1100000	194.0
1110000	192.0
1120000	192.0
1130000	193.0
1140000	192.0
1150000	187.0
1160000	192.0
1170000	194.0
1180000	191.0
1190000	193.0
1200000	196.0
1210000	193.0
1220000	190.0
1230000	191.0
1240000	196.0
1250000	188.0
1260000	188.0
1270000	196.0
1280000	194.0
1290000	194.0
1300000	195.0
1310000	193.0
1320000	193.0
1330000	196.0
1340000	197.0
1350000	197.0
1360000	196.0
1370000	197.0
1380000	193.0
1390000	198.0
1400000	192.0
1410000	193.0
1420000	197.0
1430000	193.0
1440000	194.0
1450000	194.0
1460000	195.0
1470000	192.0
1480000	193.0
1490000	194.0
1500000	198.0
1510000	197.0
1520000	194.0
1530000	195.0
1540000	196.0
1550000	199.0
1560000	194.0
1570000	192.0
1580000	198.0
1590000	197.0
1600000	191.0
1610000	192.0
1620000	194.0
1630000	191.0
1640000	200.0
1650000	195.0
1660000	193.0
1670000	197.0
1680000	195.0
1690000	193.0
1700000	195.0
1710000	195.0
1720000	197.0
1730000	192.0
1740000	197.0
1750000	198.0
1760000	197.0
1770000	195.0
1780000	201.0
1790000	197.0
1800000	196.0
1810000	196.0
1820000	193.0
1830000	198.0
1840000	199.0
1850000	199.0
1860000	196.0
1870000	200.0
1880000	196.0
1890000	194.0
1900000	197.0
1910000	194.0
1920000	196.0
1930000	197.0
1940000	195.0
1950000	198.0
1960000	191.0
1970000	197.0
1980000	193.0
1990000	195.0
2000000	195.0
2010000	195.0
2020000	200.0
2030000	200.0
2040000	201.0
2050000	195.0
2060000	193.0
2070000	195.0
2080000	201.0
2090000	193.0
2100000	191.0
2110000	194.0
2120000	197.0
2130000	200.0
2140000	197.0
2150000	197.0
2160000	198.0
2170000	198.0
2180000	194.0
2190000	198.0
2200000	193.0
2210000	195.0
2220000	197.0
2230000	198.0
2240000	199.0
2250000	200.0
2260000	196.0
2270000	198.0
2280000	202.0
2290000	198.0
2300000	199.0
2310000	199.0
2320000	197.0
2330000	198.0
2340000	192.0
2350000	196.0
2360000	197.0
2370000	196.0
2380000	196.0
2390000	197.0
2400000	195.0
2410000	197.0
2420000	197.0
2430000	194.0
2440000	199.0
2450000	196.0
2460000	197.0
2470000	200.0
2480000	196.0
2490000	197.0
2500000	199.0
2510000	198.0
2520000	195.0
2530000	198.0
2540000	194.0
2550000	199.0
2560000	197.0
2570000	198.0
2580000	202.0
2590000	197.0
2600000	200.0
2610000	199.0
2620000	198.0
2630000	198.0
2640000	198.0
2650000	198.0
2660000	198.0
2670000	197.0
2680000	199.0
2690000	197.0
2700000	195.0
2710000	197.0
2720000	195.0
2730000	200.0
2740000	199.0
2750000	196.0
2760000	199.0
2770000	198.0
2780000	199.0
2790000	196.0
2800000	198.0
2810000	197.0
2820000	196.0
2830000	195.0
2840000	200.0
2850000	197.0
2860000	194.0
2870000	200.0
2880000	197.0
2890000	199.0
2900000	199.0
2910000	198.0
2920000	197.0
2930000	198.0
2940000	199.0
2950000	196.0
2960000	197.0
2970000	200.0
2980000	196.0
2990000	196.0
3000000	196.0
