10000	1.0
20000	1.0
30000	1.0
40000	2.0
50000	2.0
60000	3.0
70000	2.0
80000	1.0
90000	4.0
100000	3.0
110000	1.0
120000	0.0
130000	3.0
140000	2.0
150000	1.0
160000	1.0
170000	1.0
180000	1.0
190000	2.0
200000	3.0
210000	1.0
220000	2.0
230000	1.0
240000	3.0
250000	2.0
260000	0.0
270000	0.0
280000	5.0
290000	11.0
300000	20.0
310000	42.0
320000	90.0
330000	115.0
340000	130.0
350000	120.0
360000	142.0
370000	150.0
380000	148.0
390000	162.0
400000	153.0
410000	152.0
420000	155.0
430000	150.0
440000	164.0
450000	169.0
460000	170.0
470000	174.0
480000	171.0
490000	180.0
500000	179.0
510000	165.0
520000	173.0
530000	176.0
540000	170.0
550000	169.0
560000	177.0
570000	174.0
580000	172.0
590000	180.0
600000	175.0
610000	178.0
620000	177.0
630000	177.0
640000	178.0
650000	186.0
660000	188.0
670000	183.0
680000	180.0
690000	185.0
700000	189.0
710000	186.0
720000	186.0
730000	188.0
740000	186.0
750000	186.0
760000	178.0
770000	182.0
780000	185.0
790000	187.0
800000	187.0
810000	186.0
820000	186.0
830000	186.0
840000	191.0
850000	189.0
860000	187.0
870000	191.0
880000	189.0
890000	187.0
900000	189.0
910000	189.0
920000	188.0
930000	190.0
940000	192.0
950000	184.0
960000	194.0
970000	190.0
980000	189.0
990000	191.0
1000000	195.0
1010000	191.0
1020000	191.0
1030000	193.0
1040000	189.0
1050000	192.0
1060000	189.0
1070000	192.0
1080000	189.0
1090000	189.0
1100000	186.0
1110000	189.0
1120000	196.0
1130000	190.0
1140000	189.0
1150000	190.0
1160000	193.0
1170000	192.0
1180000	190.0
1190000	190.0
1200000	195.0
1210000	188.0
1220000	195.0
1230000	192.0
1240000	189.0
1250000	190.0
1260000	194.0
1270000	192.0
1280000	194.0
1290000	196.0
1300000	194.0
1310000	194.0
1320000	191.0
1330000	193.0
1340000	196.0
1350000	190.0
1360000	194.0
1370000	194.0
1380000	194.0
1390000	195.0
1400000	196.0
1410000	191.0
1420000	193.0
1430000	196.0
1440000	194.0
1450000	197.0
1460000	194.0
1470000	197.0
1480000	193.0
1490000	195.0
1500000	198.0
1510000	193.0
1520000	193.0
1530000	198.0
1540000	197.0
1550000	196.0
1560000	193.0
1570000	194.0
1580000	192.0
1590000	195.0
1600000	198.0
1610000	196.0
1620000	196.0
1630000	197.0
1640000	194.0
1650000	196.0
1660000	198.0
1670000	197.0
1680000	191.0
1690000	198.0
1700000	194.0
1710000	197.0
1720000	195.0
1730000	198.0
1740000	195.0
1750000	193.0
1760000	194.0
1770000	194.0
1780000	195.0
1790000	197.0
1800000	195.0
1810000	197.0
1820000	197.0
1830000	194.0
1840000	194.0
1850000	195.0
1860000	194.0
1870000	190.0
1880000	197.0
1890000	194.0
1900000	193.0
1910000	195.0
1920000	198.0
1930000	198.0
1940000	200.0
1950000	198.0
1960000	196.0
1970000	194.0
1980000	193.0
1990000	196.0
2000000	194.0
2010000	197.0
2020000	193.0
2030000	196.0
2040000	199.0
2050000	200.0
2060000	196.0
2070000	199.0
2080000	206.0
2090000	194.0
2100000	197.0
2110000	198.0
2120000	199.0
2130000	196.0
2140000	199.0
2150000	200.0
2160000	193.0
2170000	200.0
2180000	195.0
2190000	198.0
2200000	199.0
2210000	194.0
2220000	199.0
2230000	198.0
2240000	196.0
2250000	194.0
2260000	197.0
2270000	198.0
2280000	202.0
2290000	199.0
2300000	197.0
2310000	200.0
2320000	198.0
2330000	197.0
2340000	196.0
2350000	199.0
2360000	202.0
2370000	197.0
2380000	198.0
2390000	198.0
2400000	198.0
2410000	195.0
2420000	197.0
2430000	197.0
2440000	195.0
2450000	197.0
2460000	198.0
2470000	196.0
2480000	198.0
2490000	199.0
2500000	200.0
2510000	198.0
2520000	195.0
2530000	195.0
2540000	199.0
2550000	197.0
2560000	196.0
2570000	196.0
2580000	197.0
2590000	196.0
2600000	198.0
2610000	193.0
2620000	198.0
2630000	197.0
2640000	197.0
2650000	201.0
2660000	197.0
2670000	203.0
2680000	197.0
2690000	198.0
2700000	198.0
2710000	201.0
2720000	199.0
2730000	138.0
2740000	179.0
2750000	187.0
2760000	196.0
2770000	200.0
2780000	195.0
2790000	194.0
2800000	193.0
2810000	199.0
2820000	197.0
2830000	198.0
2840000	197.0
2850000	198.0
2860000	196.0
2870000	199.0
2880000	198.0
2890000	199.0
2900000	198.0
2910000	198.0
2920000	197.0
2930000	197.0
2940000	198.0
2950000	199.0
2960000	196.0
2970000	200.0
2980000	196.0
2990000	195.0
3000000	200.0
