10000	6.0
20000	1.0
30000	2.0
40000	2.0
50000	1.0
60000	0.0
70000	2.0
80000	3.0
90000	3.0
100000	2.0
110000	3.0
120000	3.0
130000	2.0
140000	1.0
150000	1.0
160000	0.0
170000	1.0
180000	5.0
190000	3.0
200000	3.0
210000	2.0
220000	3.0
230000	3.0
240000	2.0
250000	2.0
260000	0.0
270000	3.0
280000	2.0
290000	1.0
300000	3.0
310000	3.0
320000	1.0
330000	0.0
340000	2.0
350000	4.0
360000	6.0
370000	17.0
380000	26.0
390000	88.0
400000	107.0
410000	143.0
420000	139.0
430000	157.0
440000	156.0
450000	151.0
460000	160.0
470000	151.0
480000	157.0
490000	159.0
500000	156.0
510000	160.0
520000	158.0
530000	164.0
540000	170.0
550000	169.0
560000	170.0
570000	163.0
580000	173.0
590000	172.0
600000	176.0
610000	169.0
620000	178.0
630000	172.0
640000	175.0
650000	157.0
660000	176.0
670000	181.0
680000	178.0
690000	181.0
700000	182.0
710000	173.0
720000	179.0
730000	178.0
740000	180.0
750000	183.0
760000	176.0
770000	186.0
780000	182.0
790000	188.0
800000	186.0
810000	179.0
820000	185.0
830000	188.0
840000	185.0
850000	188.0
860000	189.0
870000	190.0
880000	187.0
890000	190.0
900000	189.0
910000	187.0
920000	191.0
930000	187.0
940000	195.0
950000	184.0
960000	192.0
970000	190.0
980000	188.0
990000	190.0
1000000	195.0
1010000	193.0
1020000	192.0
1030000	191.0
1040000	195.0
1050000	192.0
1060000	192.0
1070000	185.0
1080000	191.0
1090000	190.0
1100000	195.0
1110000	196.0
1120000	191.0
1130000	190.0
1140000	192.0
1150000	192.0
1160000	191.0
1170000	196.0
1180000	193.0
1190000	191.0
1200000	193.0
1210000	194.0
1220000	194.0
1230000	194.0
1240000	192.0
1250000	190.0
1260000	199.0
1270000	195.0
1280000	195.0
1290000	194.0
1300000	194.0
1310000	196.0
1320000	195.0
1330000	196.0
1340000	194.0
1350000	190.0
1360000	195.0
1370000	191.0
1380000	196.0
1390000	194.0
1400000	192.0
1410000	190.0
1420000	199.0
1430000	197.0
1440000	196.0
1450000	196.0
1460000	195.0
1470000	197.0
1480000	191.0
1490000	194.0
1500000	197.0
1510000	195.0
1520000	193.0
1530000	196.0
1540000	196.0
1550000	194.0
1560000	195.0
1570000	196.0
1580000	196.0
1590000	197.0
1600000	197.0
1610000	195.0
1620000	198.0
1630000	192.0
1640000	197.0
1650000	194.0
1660000	197.0
1670000	197.0
1680000	196.0
1690000	197.0
1700000	196.0
1710000	195.0
1720000	193.0
1730000	200.0
1740000	196.0
1750000	201.0
1760000	198.0
1770000	196.0
1780000	199.0
1790000	194.0
1800000	198.0
1810000	195.0
1820000	196.0
1830000	197.0
1840000	198.0
1850000	199.0
1860000	198.0
1870000	196.0
1880000	193.0
1890000	199.0
1900000	197.0
1910000	201.0
1920000	195.0
1930000	197.0
1940000	196.0
1950000	196.0
1960000	199.0
1970000	198.0
1980000	197.0
1990000	199.0
2000000	197.0
2010000	198.0
2020000	198.0
2030000	195.0
2040000	199.0
2050000	199.0
2060000	196.0
2070000	158.0
2080000	167.0
2090000	190.0
2100000	195.0
2110000	198.0
2120000	195.0
2130000	195.0
2140000	196.0
2150000	195.0
2160000	199.0
2170000	197.0
2180000	198.0
2190000	200.0
2200000	198.0
2210000	196.0
2220000	198.0
2230000	200.0
2240000	200.0
2250000	198.0
2260000	196.0
2270000	202.0
2280000	195.0
2290000	199.0
2300000	198.0
2310000	197.0
2320000	197.0
2330000	199.0
2340000	200.0
2350000	197.0
2360000	198.0
2370000	199.0
2380000	199.0
2390000	201.0
2400000	200.0
2410000	199.0
2420000	198.0
2430000	200.0
2440000	202.0
2450000	200.0
2460000	200.0
2470000	197.0
2480000	199.0
2490000	196.0
2500000	196.0
2510000	198.0
2520000	199.0
2530000	199.0
2540000	199.0
2550000	200.0
2560000	198.0
2570000	195.0
2580000	199.0
2590000	198.0
2600000	199.0
2610000	200.0
2620000	199.0
2630000	198.0
2640000	201.0
2650000	200.0
2660000	198.0
2670000	198.0
2680000	197.0
2690000	199.0
2700000	202.0
2710000	200.0
2720000	199.0
2730000	198.0
2740000	198.0
2750000	198.0
2760000	195.0
2770000	201.0
2780000	198.0
2790000	195.0
2800000	200.0
2810000	202.0
2820000	200.0
2830000	202.0
2840000	199.0
2850000	196.0
2860000	200.0
2870000	200.0
2880000	199.0
2890000	201.0
2900000	199.0
2910000	199.0
2920000	199.0
2930000	202.0
2940000	197.0
2950000	199.0
2960000	195.0
2970000	199.0
2980000	197.0
2990000	200.0
3000000	199.0
