10000	2.0
20000	3.0
30000	4.0
40000	3.0
50000	1.0
60000	3.0
70000	3.0
80000	2.0
90000	2.0
100000	1.0
110000	2.0
120000	4.0
130000	3.0
140000	4.0
150000	1.0
160000	4.0
170000	2.0
180000	2.0
190000	2.0
200000	1.0
210000	3.0
220000	4.0
230000	1.0
240000	2.0
250000	0.0
260000	1.0
270000	0.0
280000	0.0
290000	1.0
300000	3.0
310000	2.0
320000	2.0
330000	4.0
340000	1.0
350000	0.0
360000	0.0
370000	0.0
380000	4.0
390000	3.0
400000	10.0
410000	12.0
420000	18.0
430000	47.0
440000	30.0
450000	32.0
460000	48.0
470000	57.0
480000	60.0
490000	98.0
500000	117.0
510000	102.0
520000	102.0
530000	125.0
540000	112.0
550000	132.0
560000	124.0
570000	112.0
580000	124.0
590000	113.0
600000	128.0
610000	127.0
620000	133.0
630000	130.0
640000	133.0
650000	126.0
660000	139.0
670000	126.0
680000	145.0
690000	141.0
700000	130.0
710000	134.0
720000	126.0
730000	144.0
740000	146.0
750000	150.0
760000	152.0
770000	134.0
780000	137.0
790000	132.0
800000	131.0
810000	136.0
820000	150.0
830000	151.0
840000	146.0
850000	157.0
860000	151.0
870000	153.0
880000	157.0
890000	158.0
900000	148.0
910000	152.0
920000	158.0
930000	148.0
940000	147.0
950000	158.0
960000	151.0
970000	150.0
980000	151.0
990000	155.0
1000000	154.0
1010000	152.0
1020000	93.0
1030000	96.0
1040000	128.0
1050000	154.0
1060000	156.0
1070000	147.0
1080000	156.0
1090000	153.0
1100000	155.0
1110000	165.0
1120000	158.0
1130000	161.0
1140000	156.0
1150000	146.0
1160000	142.0
1170000	151.0
1180000	150.0
1190000	148.0
1200000	151.0
1210000	166.0
1220000	155.0
1230000	150.0
1240000	148.0
1250000	157.0
1260000	148.0
1270000	160.0
1280000	160.0
1290000	158.0
1300000	160.0
1310000	156.0
1320000	155.0
1330000	166.0
1340000	159.0
1350000	163.0
1360000	166.0
1370000	163.0
1380000	155.0
1390000	165.0
1400000	148.0
1410000	165.0
1420000	157.0
1430000	168.0
1440000	166.0
1450000	162.0
1460000	166.0
1470000	166.0
1480000	157.0
1490000	169.0
1500000	167.0
1510000	166.0
1520000	166.0
1530000	165.0
1540000	162.0
1550000	166.0
1560000	167.0
1570000	171.0
1580000	166.0
1590000	170.0
1600000	162.0
1610000	170.0
1620000	170.0
1630000	160.0
1640000	174.0
1650000	169.0
1660000	170.0
1670000	171.0
1680000	168.0
1690000	154.0
1700000	173.0
1710000	167.0
1720000	172.0
1730000	126.0
1740000	168.0
1750000	164.0
1760000	156.0
1770000	174.0
1780000	168.0
1790000	159.0
1800000	164.0
1810000	156.0
1820000	174.0
1830000	173.0
1840000	168.0
1850000	166.0
1860000	169.0
1870000	170.0
1880000	175.0
1890000	171.0
1900000	172.0
1910000	170.0
1920000	168.0
1930000	165.0
1940000	174.0
1950000	171.0
1960000	168.0
1970000	172.0
1980000	170.0
1990000	169.0
2000000	170.0
2010000	173.0
2020000	165.0
2030000	169.0
2040000	171.0
2050000	175.0
2060000	169.0
2070000	175.0
2080000	172.0
2090000	169.0
2100000	166.0
2110000	169.0
2120000	167.0
2130000	174.0
2140000	171.0
2150000	176.0
2160000	167.0
2170000	168.0
2180000	167.0
2190000	174.0
2200000	178.0
2210000	170.0
2220000	169.0
2230000	175.0
2240000	168.0
2250000	180.0
2260000	168.0
2270000	175.0
2280000	172.0
2290000	176.0
2300000	165.0
2310000	175.0
2320000	167.0
2330000	175.0
2340000	169.0
2350000	171.0
2360000	162.0
2370000	170.0
2380000	169.0
2390000	159.0
2400000	174.0
2410000	169.0
2420000	172.0
2430000	174.0
2440000	173.0
2450000	172.0
2460000	174.0
2470000	172.0
2480000	176.0
2490000	170.0
2500000	178.0
2510000	174.0
2520000	178.0
2530000	170.0
2540000	177.0
2550000	171.0
2560000	178.0
2570000	166.0
2580000	169.0
2590000	177.0
2600000	170.0
2610000	170.0
2620000	171.0
2630000	173.0
2640000	135.0
2650000	170.0
2660000	174.0
2670000	172.0
2680000	176.0
2690000	170.0
2700000	165.0
2710000	177.0
2720000	174.0
2730000	170.0
2740000	174.0
2750000	175.0
2760000	175.0
2770000	177.0
2780000	174.0
2790000	176.0
2800000	170.0
2810000	172.0
2820000	160.0
2830000	173.0
2840000	170.0
2850000	177.0
2860000	171.0
2870000	172.0
2880000	176.0
2890000	175.0
2900000	173.0
2910000	173.0
2920000	174.0
2930000	173.0
2940000	165.0
2950000	179.0
2960000	171.0
2970000	172.0
2980000	167.0
2990000	168.0
3000000	169.0
