10000	2.0
20000	2.0
30000	3.0
40000	2.0
50000	1.0
60000	3.0
70000	3.0
80000	3.0
90000	1.0
100000	3.0
110000	2.0
120000	2.0
130000	4.0
140000	4.0
150000	1.0
160000	2.0
170000	2.0
180000	2.0
190000	4.0
200000	2.0
210000	3.0
220000	2.0
230000	2.0
240000	3.0
250000	2.0
260000	0.0
270000	0.0
280000	0.0
290000	8.0
300000	6.0
310000	4.0
320000	18.0
330000	79.0
340000	133.0
350000	145.0
360000	143.0
370000	132.0
380000	113.0
390000	118.0
400000	145.0
410000	140.0
420000	141.0
430000	131.0
440000	115.0
450000	127.0
460000	153.0
470000	151.0
480000	148.0
490000	150.0
500000	147.0
510000	150.0
520000	147.0
530000	136.0
540000	149.0
550000	123.0
560000	153.0
570000	161.0
580000	153.0
590000	143.0
600000	144.0
610000	157.0
620000	156.0
630000	156.0
640000	137.0
650000	100.0
660000	163.0
670000	168.0
680000	161.0
690000	169.0
700000	161.0
710000	157.0
720000	172.0
730000	173.0
740000	157.0
750000	101.0
760000	168.0
770000	167.0
780000	175.0
790000	167.0
800000	166.0
810000	142.0
820000	164.0
830000	169.0
840000	144.0
850000	160.0
860000	82.0
870000	165.0
880000	167.0
890000	167.0
900000	165.0
910000	164.0
920000	168.0
930000	169.0
940000	170.0
950000	172.0
960000	75.0
970000	173.0
980000	165.0
990000	173.0
1000000	171.0
1010000	170.0
1020000	174.0
1030000	172.0
1040000	172.0
1050000	167.0
1060000	134.0
1070000	75.0
1080000	168.0
1090000	178.0
1100000	178.0
1110000	185.0
1120000	180.0
1130000	176.0
1140000	173.0
1150000	180.0
1160000	176.0
1170000	110.0
1180000	164.0
1190000	188.0
1200000	181.0
1210000	183.0
1220000	175.0
1230000	182.0
1240000	176.0
1250000	179.0
1260000	184.0
1270000	175.0
1280000	115.0
1290000	179.0
1300000	178.0
1310000	182.0
1320000	173.0
1330000	180.0
1340000	181.0
1350000	171.0
1360000	182.0
1370000	182.0
1380000	85.0
1390000	181.0
1400000	179.0
1410000	173.0
1420000	178.0
1430000	176.0
1440000	175.0
1450000	181.0
1460000	174.0
1470000	172.0
1480000	147.0
1490000	122.0
1500000	182.0
1510000	182.0
1520000	184.0
1530000	178.0
1540000	186.0
1550000	186.0
1560000	183.0
1570000	175.0
1580000	180.0
1590000	81.0
1600000	180.0
1610000	183.0
1620000	186.0
1630000	178.0
1640000	180.0
1650000	179.0
1660000	182.0
1670000	181.0
1680000	179.0
1690000	134.0
1700000	136.0
1710000	186.0
1720000	185.0
1730000	194.0
1740000	185.0
1750000	187.0
1760000	186.0
1770000	189.0
1780000	186.0
1790000	183.0
1800000	73.0
1810000	171.0
1820000	185.0
1830000	182.0
1840000	185.0
1850000	190.0
1860000	184.0
1870000	183.0
1880000	183.0
1890000	185.0
1900000	148.0
1910000	146.0
1920000	169.0
1930000	180.0
1940000	181.0
1950000	186.0
1960000	183.0
1970000	188.0
1980000	185.0
1990000	143.0
2000000	187.0
2010000	110.0
2020000	176.0
2030000	186.0
2040000	179.0
2050000	177.0
2060000	188.0
2070000	186.0
2080000	185.0
2090000	175.0
2100000	186.0
2110000	157.0
2120000	115.0
2130000	172.0
2140000	180.0
2150000	178.0
2160000	168.0
2170000	180.0
2180000	169.0
2190000	185.0
2200000	185.0
2210000	188.0
2220000	85.0
2230000	170.0
2240000	188.0
2250000	184.0
2260000	181.0
2270000	190.0
2280000	183.0
2290000	179.0
2300000	178.0
2310000	177.0
2320000	183.0
2330000	68.0
2340000	179.0
2350000	179.0
2360000	189.0
2370000	184.0
2380000	191.0
2390000	190.0
2400000	183.0
2410000	188.0
2420000	186.0
2430000	130.0
2440000	144.0
2450000	178.0
2460000	186.0
2470000	185.0
2480000	181.0
2490000	186.0
2500000	185.0
2510000	186.0
2520000	184.0
2530000	191.0
2540000	73.0
2550000	187.0
2560000	182.0
2570000	190.0
2580000	172.0
2590000	191.0
2600000	190.0
2610000	193.0
2620000	185.0
2630000	186.0
2640000	138.0
2650000	159.0
2660000	187.0
2670000	192.0
2680000	191.0
2690000	194.0
2700000	194.0
2710000	190.0
2720000	189.0
2730000	188.0
2740000	186.0
2750000	88.0
2760000	184.0
2770000	191.0
2780000	172.0
2790000	188.0
2800000	191.0
2810000	185.0
2820000	187.0
2830000	186.0
2840000	191.0
2850000	174.0
2860000	150.0
2870000	167.0
2880000	191.0
2890000	153.0
2900000	184.0
2910000	187.0
2920000	191.0
2930000	198.0
2940000	197.0
2950000	186.0
2960000	126.0
2970000	191.0
2980000	196.0
2990000	190.0
3000000	195.0
